Frame #,# Obj,X,Y,Z,Doppler,Intensity
247,11,-0.24414,3.873,-0.34375,0.33461,22
247,11,-0.12305,3.8926,-0.56641,0.33461,22
247,11,-5.0703,0,-0.84766,0.33461,16
247,11,-5.1074,0,-0.90234,0.33461,13
247,11,-0.36133,3.8418,0.09375,0.66921,16
247,11,-0.24414,3.8848,-0.16602,0.66921,29
247,11,-0.12305,3.9219,-0.28516,0.66921,28
247,11,4.9121,1.1875,-0.41211,0.66921,12
247,11,-1.1094,0,4.9629,0.33461,16
247,11,-0.95703,0.9082,4.9336,0.33461,13
247,11,-1.2676,0,-4.9648,0.66921,12
248,24,0,3.8262,-1.0684,0,10
248,24,0,3.8984,-0.53125,0.33461,13
248,24,-0.125,3.9199,-0.63086,0.33461,19
248,24,0,3.9219,-0.8418,0.33461,11
248,24,-5.1445,0,-1.0293,0.33461,19
248,24,-0.36523,3.8613,-0.38281,0.66921,15
248,24,-0.12305,3.918,-0.34766,0.66921,50
248,24,-0.125,3.9492,-0.40234,0.66921,67
248,24,-0.25,3.9688,-0.52148,0.66921,42
248,24,-5.1074,0,-0.41602,0.66921,17
248,24,-5.1445,0,-0.64258,0.66921,25
248,24,-5.1836,0,-0.77344,0.66921,17
248,24,-0.24609,3.9258,-0.072266,1.0038,40
248,24,-0.24805,3.9629,-0.14648,1.0038,54
248,24,-0.25,3.9961,-0.23438,1.0038,33
248,24,4.9844,1.1172,-0.61523,1.0038,10
248,24,0,4.2969,-0.37109,-0.33461,19
248,24,0,4.291,-0.71875,-0.33461,22
248,24,0,4.3203,-0.76953,-0.33461,20
248,24,-3.0547,0,4.5039,0.33461,16
248,24,-3.0332,0,4.9727,0.66921,16
248,24,-3.0547,0,4.6582,0.66921,21
248,24,-3.2402,0,4.1602,0.66921,14
248,24,-3.2168,0,4.6738,1.0038,8
249,8,-0.375,3.9805,-0.30469,0.66921,14
249,8,-0.25391,4.0117,-0.48242,0.66921,23
249,8,-0.38281,4.0215,-0.60938,0.66921,18
249,8,-0.25391,4.0352,-0.18555,1.0038,17
249,8,0,4.1914,-0.625,-0.33461,11
249,8,0,4.2617,-0.34961,-0.33461,14
249,8,0.13477,4.2754,-0.55469,-0.33461,18
249,8,0,4.2949,-0.69336,-0.33461,13
250,35,-0.25586,3.998,-0.80273,0,14
250,35,-0.12891,3.998,-1.0059,0,16
250,35,0,3.9844,-1.2012,0,10
250,35,6.0469,0.78125,-1.3359,0,14
250,35,-0.12695,4.0137,-0.51367,0.33461,21
250,35,-0.25586,4.0449,-0.52344,0.33461,57
250,35,-0.12891,4.0742,-0.62695,0.33461,71
250,35,-0.13086,4.0879,-0.76563,0.33461,45
250,35,0,4.043,-1.1367,0.33461,14
250,35,-0.26953,4.293,-0.30469,0.33461,28
250,35,-0.13672,4.3184,-0.50586,0.33461,33
250,35,-0.27344,4.3125,-0.76172,0.33461,19
250,35,5.8164,2.0313,-0.73438,0.33461,22
250,35,5.8516,1.9824,-0.88867,0.33461,26
250,35,-0.25391,4.0371,-0.17383,0.66921,28
250,35,-0.25586,4.0684,-0.28516,0.66921,78
250,35,-0.25781,4.0977,-0.38281,0.66921,99
250,35,-0.13086,4.1309,-0.48828,0.66921,63
250,35,-0.13086,4.127,-0.77148,0.66921,21
250,35,-0.26953,4.3027,-0.15039,0.66921,18
250,35,-0.27148,4.3262,-0.36914,0.66921,23
250,35,5.8164,2.1543,-0.14063,0.66921,18
250,35,5.8516,2.123,-0.45898,0.66921,22
250,35,-0.25586,4.0781,-0.054688,1.0038,34
250,35,-0.25781,4.1133,-0.14844,1.0038,44
250,35,-0.25977,4.1426,-0.29688,1.0038,28
250,35,0,4.2305,-0.24219,-0.33461,18
250,35,0,4.2578,-0.38672,-0.33461,27
250,35,0,4.2793,-0.53711,-0.33461,20
250,35,-5.0547,6.8496,0.035156,-0.33461,16
250,35,-1.1699,6.0391,-1.0625,0,8
250,35,-0.96875,5.9922,-1.2891,0.33461,13
250,35,-0.97461,6.0645,-1.1113,0.33461,18
250,35,-1.1641,6.0449,-0.77539,0.66921,11
250,35,-0.97461,6.1309,-0.6543,0.66921,15
251,13,-0.25781,4.0625,-0.66406,0,25
251,13,-0.13086,4.0918,-0.74414,0,38
251,13,-0.26172,4.0996,-0.87109,0,25
251,13,-0.27148,4.209,-1.0664,0,12
251,13,-0.38281,4.0645,-0.15039,0.33461,15
251,13,-0.25781,4.1016,-0.33594,0.33461,51
251,13,-0.25977,4.125,-0.48438,0.33461,72
251,13,-0.26172,4.1406,-0.64844,0.33461,42
251,13,-0.27148,4.2734,-0.77539,0.33461,21
251,13,-0.25781,4.1152,-0.041016,0.66921,39
251,13,-0.25977,4.1465,-0.22656,0.66921,56
251,13,-0.26172,4.1738,-0.39063,0.66921,34
251,13,0,4.0625,-1.0625,-0.33461,12
252,20,-0.25977,4.1191,-0.5332,0,21
252,20,-0.26172,4.1563,-0.54102,0,37
252,20,-0.13281,4.1758,-0.71289,0,29
252,20,0,4.207,-0.75781,0,12
252,20,5.8887,1.9668,-0.95117,0,12
252,20,5.9238,1.9961,-0.92383,0,15
252,20,-0.25977,4.1426,-0.3125,0.33461,36
252,20,-0.26172,4.1758,-0.36523,0.33461,53
252,20,-0.26563,4.2031,-0.47266,0.33461,35
252,20,-0.40039,4.207,-0.64258,0.33461,14
252,20,5.8887,2.1055,-0.58594,0.33461,21
252,20,5.9238,2.1484,-0.46875,0.33461,26
252,20,-0.39063,4.1426,-0.099609,0.66921,20
252,20,-0.26172,4.1875,-0.19727,0.66921,31
252,20,-0.26563,4.2285,-0.10938,0.66921,22
252,20,0,4.127,-0.77734,-0.33461,17
252,20,0,4.125,-0.96875,-0.33461,21
252,20,-1.1855,6.0371,-1.4375,0,9
252,20,-0.98047,6.1465,-0.83984,0.33461,12
252,20,-0.98633,6.1797,-0.87695,0.33461,17
253,4,-0.26563,4.1953,-0.5293,0,12
253,4,-0.39453,4.1738,-0.23633,0.33461,17
253,4,-0.26563,4.2207,-0.26953,0.33461,26
253,4,-0.26758,4.25,-0.38477,0.33461,17
279,7,-0.11914,3.7637,-0.36914,0,10
279,7,-0.11914,3.8047,-0.33203,0,11
279,7,-0.23633,3.7695,-0.21094,0.33461,17
279,7,-0.23828,3.8086,-0.21094,0.33461,19
279,7,0,4.2637,-0.64648,0.33461,16
279,7,0,4.1426,-1.1992,-0.33461,13
279,7,0,4.2227,-1.0508,-0.33461,13
280,15,0,3.75,-0.49414,0,17
280,15,-0.23828,3.7715,-0.56641,0,35
280,15,-0.12109,3.8047,-0.63672,0,34
280,15,0,3.832,-0.71289,0,14
280,15,-0.23633,3.7676,-0.25,0.33461,33
280,15,-0.11914,3.8047,-0.32813,0.33461,68
280,15,-0.24023,3.8301,-0.39648,0.33461,65
280,15,-0.24414,3.8633,-0.44922,0.33461,27
280,15,-0.23633,3.7754,-0.0019531,0.66921,23
280,15,-0.23828,3.8125,-0.070313,0.66921,48
280,15,-0.24023,3.8496,-0.10352,0.66921,45
280,15,-0.36523,3.8711,-0.24414,0.66921,18
280,15,0,4.2422,-0.52539,-0.33461,17
280,15,0,4.2656,-0.63672,-0.33461,19
280,15,0,4.2852,-0.74805,-0.33461,12
281,17,0,3.8008,-0.86133,0,8
281,17,0,4.3418,-0.27344,0,10
281,17,0,4.377,-0.31445,0,10
281,17,-5.0703,0,-1,0,10
281,17,-0.24023,3.8379,-0.31445,0.33461,15
281,17,-0.24414,3.8594,-0.48633,0.33461,18
281,17,0,4.2676,-0.24414,0.33461,22
281,17,-5.0703,0,-0.58203,0.33461,19
281,17,-0.24023,3.8516,-0.066406,0.66921,15
281,17,-0.24414,3.8848,-0.19727,0.66921,18
281,17,0,4.168,-0.76758,-0.33461,23
281,17,0,4.2324,-0.60742,-0.33461,26
281,17,0,4.2988,-0.35547,-0.33461,22
281,17,0,4.334,-0.375,-0.33461,27
281,17,0,4.3516,-0.57422,-0.33461,26
281,17,-3.168,0.95898,3.8398,0,7
281,17,-3.168,0,4.1543,0.33461,15
282,20,0,3.8281,-0.91016,0,11
282,20,-0.24414,3.8633,-0.44531,0.33461,26
282,20,-0.24609,3.8906,-0.53516,0.33461,44
282,20,-0.24805,3.9043,-0.68555,0.33461,32
282,20,-5.1074,0,-0.81836,0.33461,18
282,20,-4.9844,0.95117,-0.85156,0.33461,16
282,20,-0.36523,3.877,-0.16992,0.66921,33
282,20,-0.24609,3.9141,-0.31055,0.66921,60
282,20,-0.24805,3.9414,-0.43555,0.66921,45
282,20,-5.1074,0,-0.44336,0.66921,15
282,20,-0.24609,3.9277,-0.039063,1.0038,26
282,20,-0.37305,3.9531,-0.14453,1.0038,20
282,20,0,4.1797,-0.70117,-0.33461,17
282,20,0,4.2344,-0.58398,-0.33461,28
282,20,0,4.2578,-0.69336,-0.33461,25
282,20,0,4.3047,-0.62695,-0.33461,29
282,20,0.13672,4.3418,-0.62891,-0.33461,26
282,20,-3.1914,0,4.2402,0.33461,13
282,20,-3.0547,0,4.2773,0.33461,12
282,20,-3.1914,0,4.4531,0.66921,11
283,22,-0.13281,4.2676,-0.2168,0,12
283,22,-0.24805,3.9199,-0.59766,0.33461,18
283,22,-0.25,3.9355,-0.73242,0.33461,19
283,22,0,4.2734,0.087891,0.33461,14
283,22,0,4.291,-0.44141,0.33461,21
283,22,-0.27148,4.2461,-0.91211,0.33461,14
283,22,-5.1445,0,-1.082,0.33461,14
283,22,-0.24805,3.9512,-0.32227,0.66921,33
283,22,-0.25,3.9863,-0.35352,0.66921,36
283,22,0,3.9863,-0.70313,0.66921,17
283,22,-4.9844,1.1621,-0.5293,0.66921,16
283,22,5.0215,1.0391,-0.75586,0.66921,15
283,22,-0.24805,3.9648,0.011719,1.0038,19
283,22,-0.25,4.002,0.019531,1.0038,20
283,22,0,4.2188,-0.40234,-0.33461,17
283,22,0,4.252,-0.44141,-0.33461,34
283,22,0,4.25,-0.73047,-0.33461,28
283,22,0,4.2813,-0.77344,-0.33461,13
283,22,0,4.3398,-0.6582,-0.33461,16
283,22,-1.125,1.2441,4.8652,0.33461,14
283,22,-1.2871,0.36719,-4.9688,0.66921,15
283,22,-1.2949,0.76758,-4.959,0.66921,13
284,20,0,4.2402,-0.54297,0,16
284,20,0,4.248,-0.74219,0,13
284,20,-5.0547,6.8477,0.14844,0,11
284,20,-4.8105,7.0625,-0.30664,0,13
284,20,-0.375,3.9688,-0.42969,0.33461,13
284,20,-0.12695,4.0078,-0.56055,0.33461,27
284,20,0,4.0137,-0.76367,0.33461,25
284,20,0,3.9922,-1.0313,0.33461,12
284,20,-0.25,3.998,-0.19141,0.66921,22
284,20,-0.25391,4.0293,-0.30664,0.66921,46
284,20,-0.12695,4.0586,-0.45898,0.66921,46
284,20,-0.12891,4.0762,-0.60938,0.66921,24
284,20,-0.25391,4.0371,-0.13867,1.0038,25
284,20,-0.12695,4.0762,-0.25977,1.0038,26
284,20,-4.8105,7.0059,-0.93945,-0.66921,12
284,20,0,4.2227,-0.3457,-0.33461,24
284,20,0,4.2598,-0.37109,-0.33461,35
284,20,0,4.3027,-0.31055,-0.33461,18
284,20,-4.7891,7.0352,-0.19141,-0.33461,23
284,20,-4.8105,7.0391,-0.64453,-0.33461,25
285,27,0,4.0996,-0.7168,0,12
285,27,0,4.1563,-0.60742,0,19
285,27,0,4.1816,-0.68164,0,23
285,27,0,4.1973,-0.8125,0,15
285,27,-0.38281,4.0625,-0.21094,0.33461,13
285,27,-0.25781,4.1035,-0.33008,0.33461,20
285,27,0,4.0879,-0.7832,0.33461,19
285,27,0,4.1914,-0.26758,0.33461,26
285,27,0,4.2305,-0.23828,0.33461,48
285,27,0,4.2578,-0.375,0.33461,44
285,27,0,4.2754,-0.56836,0.33461,28
285,27,0,4.2969,-0.6875,0.33461,19
285,27,-0.38281,4.0664,-0.080078,0.66921,14
285,27,-0.25781,4.1133,-0.14258,0.66921,23
285,27,-0.25977,4.1328,-0.41211,0.66921,24
285,27,0,4.2754,0.058594,0.66921,15
285,27,-0.26953,4.2891,-0.36914,0.66921,14
285,27,-0.27148,4.3105,-0.53125,0.66921,15
285,27,-0.41211,4.3164,-0.67383,0.66921,13
285,27,0,4.0664,-1.0508,-0.66921,21
285,27,0,4.0898,-1.1074,-0.66921,30
285,27,0,4.1191,-1.1484,-0.66921,24
285,27,0,4.0938,-0.75391,-0.33461,21
285,27,0,4.1191,-0.81836,-0.33461,61
285,27,0,4.1484,-0.86523,-0.33461,87
285,27,0,4.1641,-0.9707,-0.33461,71
285,27,0,4.1543,-1.1582,-0.33461,33
286,19,-0.38672,4.0762,-0.48633,0,9
286,19,-0.25977,4.1113,-0.58984,0,19
286,19,-0.26172,4.1367,-0.67383,0,18
286,19,0,4.1855,-0.65625,0,9
286,19,-0.38672,4.1016,-0.1875,0.33461,16
286,19,-0.25977,4.1348,-0.4043,0.33461,35
286,19,-0.26172,4.1699,-0.41602,0.33461,36
286,19,-0.13281,4.2207,-0.3457,0.33461,19
286,19,0,4.2656,-0.63672,0.33461,22
286,19,-0.39063,4.1367,-0.23438,0.66921,18
286,19,-0.26172,4.1816,-0.29297,0.66921,19
286,19,0.13281,4.2305,-0.20508,-0.33461,14
286,19,0,4.2285,-0.63086,-0.33461,19
286,19,0,4.1602,-1.1367,-0.33461,23
286,19,0.13672,4.1797,-1.1992,-0.33461,15
286,19,-5.2051,0,-1.5566,-0.33461,12
286,19,-5.2402,0,-1.7324,-0.33461,13
286,19,-3.1895,1.3672,4.1016,-0.33461,8
286,19,-3.043,1.6543,4.1563,-0.33461,8
287,7,-0.39063,4.084,-0.70313,0,10
287,7,0,4.1582,-0.58203,0,13
287,7,-0.13281,4.1641,-0.77734,0,11
287,7,-0.39063,4.1328,-0.2832,0.33461,17
287,7,-0.26172,4.1855,-0.20898,0.33461,23
287,7,-0.26563,4.2129,-0.36719,0.33461,18
287,7,0,4.1875,-0.86133,-0.33461,16
318,9,-0.24023,3.8379,-0.32227,0.33461,17
318,9,-0.24414,3.8535,-0.52148,0.33461,29
318,9,0,3.8789,-0.66602,0.33461,24
318,9,-4.9473,1.0605,-0.69531,0.33461,15
318,9,-0.24023,3.8496,-0.089844,0.66921,21
318,9,-0.24414,3.8828,-0.22656,0.66921,35
318,9,-0.24609,3.9082,-0.37695,0.66921,28
318,9,-0.36523,3.8789,0.09375,1.0038,13
318,9,-1.1172,1.3828,-4.7891,0.33461,12
319,11,-0.24609,3.9082,-0.38086,0.33461,25
319,11,-0.24805,3.9238,-0.5625,0.33461,43
319,11,-0.25,3.9414,-0.69922,0.33461,36
319,11,-0.25391,3.9141,-1.0039,0.33461,18
319,11,-0.24609,3.9219,-0.21875,0.66921,39
319,11,-0.24805,3.9512,-0.33789,0.66921,68
319,11,-0.25,3.9766,-0.45313,0.66921,58
319,11,-0.25391,3.9863,-0.6543,0.66921,26
319,11,-0.36914,3.9141,-0.13867,1.0038,19
319,11,-0.24805,3.9648,-0.072266,1.0038,34
319,11,-0.25,4,-0.13281,1.0038,28
320,19,-4.5215,7.2109,-0.044922,0,12
320,19,-5.0762,6.8789,0.12695,0,15
320,19,-4.8301,7.0996,0.13672,0,10
320,19,-0.25781,4.0039,-0.95508,0.33461,13
320,19,-0.25977,4.0293,-1.0059,0.33461,14
320,19,-0.39453,4.0918,-0.86133,0.33461,16
320,19,-0.39648,4.1426,-0.79492,0.33461,20
320,19,-0.26758,4.209,-0.69531,0.33461,21
320,19,5.0215,0.68359,-1.0898,0.33461,11
320,19,-5.1836,0,-0.76563,0.66921,14
320,19,-4.543,7.1016,-1.4297,-0.66921,15
320,19,0,4.2676,-0.25391,-0.33461,17
320,19,0,4.3008,-0.33398,-0.33461,20
320,19,0,4.3496,-0.11719,-0.33461,13
320,19,-4.7891,7.0371,-0.13672,-0.33461,24
320,19,-4.543,7.207,-0.72656,-0.33461,33
320,19,-4.8301,7.0391,-0.9375,-0.33461,20
320,19,-0.97266,2.9336,4.1602,0.33461,10
320,19,-3.2402,0,4.748,0.66921,11
321,9,-0.25586,4.0547,-0.43359,0.33461,13
321,9,-0.13477,4.3008,-0.29297,0.33461,29
321,9,-0.27148,4.3242,-0.40234,0.33461,25
321,9,-0.25586,4.0547,-0.44336,0.66921,15
321,9,0,4.2207,-0.67578,-0.33461,17
321,9,-4.7891,6.957,-1.0645,-0.33461,13
321,9,-4.8105,7.0586,-0.39063,-0.33461,11
321,9,-7.9805,0,6.5762,-0.33461,7
321,9,-8.0156,0,7.1797,-0.33461,6
322,11,-0.12891,4.0488,-0.77148,0,21
322,11,-0.13086,4.082,-0.79688,0,23
322,11,0,4.1113,-0.85742,0,13
322,11,0,4.0801,-0.22852,0.33461,18
322,11,-0.25781,4.0918,-0.44922,0.33461,44
322,11,-0.25977,4.1113,-0.5957,0.33461,49
322,11,-0.13086,4.1172,-0.81836,0.33461,25
322,11,-0.25781,4.1094,-0.21289,0.66921,36
322,11,-0.25977,4.1387,-0.35938,0.66921,42
322,11,-0.26172,4.1445,-0.625,0.66921,23
322,11,0,4.2441,-0.51758,-0.33461,15
323,9,-0.13086,4.1309,-0.49023,0,10
323,9,0,4.1445,-0.67578,0,16
323,9,0,4.1855,-0.65625,0,12
323,9,-0.25977,4.1445,-0.27734,0.33461,17
323,9,-0.13086,4.1777,-0.40625,0.33461,30
323,9,0,4.1953,-0.59375,0.33461,21
323,9,-5.4473,0,-0.66797,0.33461,15
323,9,-0.26172,4.1895,-0.087891,0.66921,17
323,9,-1.0215,2.4316,-4.7676,0.33461,14
324,1,-0.27148,4.3145,-0.49414,0.33461,13
325,2,-0.26172,4.1875,-0.19727,0.33461,15
325,2,-0.39648,4.2012,-0.39258,0.33461,12
355,5,-0.23828,3.8105,-0.1543,0,9
355,5,0,3.8301,-0.4668,0,12
355,5,-0.23828,3.8086,-0.21289,0.33461,17
355,5,-0.12109,3.8457,-0.28516,0.33461,25
355,5,-0.24414,3.8711,-0.37109,0.33461,15
356,5,0,3.7949,-0.69922,0,9
356,5,0,3.8125,-0.80664,0,11
356,5,0,3.8418,-0.375,0.33461,17
356,5,-0.24414,3.8633,-0.44922,0.33461,21
356,5,0,4.1133,-1.1641,-0.33461,16
357,3,0,3.877,-0.66797,0,9
357,3,0,3.8965,-0.54102,0.33461,20
357,3,-0.12305,3.9219,-0.29688,0.66921,20
358,13,-0.24609,3.9004,-0.46484,0.33461,37
358,13,-0.125,3.9316,-0.55273,0.33461,55
358,13,-0.125,3.9531,-0.66797,0.33461,38
358,13,-0.24414,3.8887,-0.048828,0.66921,19
358,13,-0.24609,3.9219,-0.20117,0.66921,65
358,13,-0.125,3.959,-0.31445,0.66921,97
358,13,-0.25,3.9824,-0.41016,0.66921,68
358,13,-0.25391,4.0039,-0.53516,0.66921,22
358,13,-0.24609,3.9277,0.0019531,1.0038,34
358,13,-0.24805,3.9648,-0.058594,1.0038,52
358,13,-0.25,3.998,-0.20117,1.0038,36
358,13,-0.25391,4.0371,-0.17773,1.0038,11
358,13,0,4.2188,-0.69336,-0.33461,13
359,13,-0.25,3.9238,-0.79102,0,14
359,13,0,3.9766,-0.76172,0,14
359,13,-0.24805,3.9316,-0.51563,0.33461,22
359,13,-0.25,3.9629,-0.55664,0.33461,53
359,13,-0.25391,3.9922,-0.62695,0.33461,55
359,13,-0.12695,4.0234,-0.70117,0.33461,27
359,13,-0.24805,3.9531,-0.29492,0.66921,29
359,13,-0.25,3.9902,-0.30664,0.66921,70
359,13,-0.25391,4.0234,-0.36719,0.66921,74
359,13,-0.25586,4.0527,-0.45898,0.66921,36
359,13,-0.25,4.002,-0.068359,1.0038,29
359,13,-0.25391,4.0371,-0.1543,1.0038,31
359,13,-0.25586,4.0645,-0.33398,1.0038,15
360,21,-5.0547,6.8438,0.2832,0,16
360,21,-5.0762,6.8789,-0.13281,0,12
360,21,-0.25391,3.9863,-0.65234,0.33461,15
360,21,0,4.0254,-0.70313,0.33461,25
360,21,-0.12891,4.0293,-0.86719,0.33461,20
360,21,0,4.3066,-0.61523,0.33461,21
360,21,0,4.3242,-0.75586,0.33461,16
360,21,-0.25391,4.0254,-0.33789,0.66921,38
360,21,-0.12695,4.0605,-0.4375,0.66921,68
360,21,-0.25781,4.084,-0.50977,0.66921,54
360,21,-0.25977,4.1113,-0.58984,0.66921,20
360,21,-0.37891,4.0313,-0.0019531,1.0038,26
360,21,-0.25586,4.0742,-0.1543,1.0038,48
360,21,-0.25781,4.1113,-0.19727,1.0038,39
360,21,-0.25977,4.1406,-0.33203,1.0038,14
360,21,-4.7891,6.9922,-0.81055,-0.66921,15
360,21,-4.8105,6.9883,-1.0684,-0.66921,12
360,21,0,4.2402,-0.97656,-0.33461,12
360,21,-4.7676,6.9961,-0.39844,-0.33461,19
360,21,-4.7891,7.0273,-0.38867,-0.33461,31
360,21,-4.8105,7.043,-0.61914,-0.33461,24
361,23,-0.27148,4.1758,-1.1934,0,12
361,23,-0.27344,4.2441,-1.084,0,12
361,23,-1.0137,3.457,4.0371,0,8
361,23,5.2773,0,-1.457,0,9
361,23,-0.12891,4.0938,-0.47461,0.33461,14
361,23,0,4.0957,-0.74219,0.33461,27
361,23,-0.26172,4.127,-0.72852,0.33461,25
361,23,-0.26953,4.2676,-0.55859,0.33461,19
361,23,-0.27148,4.2988,-0.60938,0.33461,30
361,23,-0.13672,4.3438,-0.60742,0.33461,27
361,23,-5.4102,0,-0.9668,0.33461,17
361,23,5.2773,0.81641,-1.0762,0.33461,19
361,23,-0.25781,4.1016,-0.35352,0.66921,20
361,23,-0.13086,4.1387,-0.42578,0.66921,41
361,23,-0.26172,4.1641,-0.48242,0.66921,38
361,23,0,4.1758,-0.72461,0.66921,14
361,23,-0.27148,4.3164,-0.47461,0.66921,23
361,23,-0.25977,4.1484,-0.2168,1.0038,19
361,23,-0.26172,4.1758,-0.35156,1.0038,17
361,23,5.2402,0,-1.4473,0,7
361,23,-3.5762,1.9238,3.6328,0,9
361,23,-3.5508,1.0156,3.9531,0.33461,16
361,23,-3.5762,1.0586,3.9727,0.33461,19
362,10,-0.25977,4.1152,-0.5625,0,9
362,10,-0.13086,4.1426,-0.67578,0,21
362,10,-0.13281,4.1484,-0.85156,0,23
362,10,-0.13281,4.1445,-1.0391,0,10
362,10,-0.25977,4.1484,-0.21094,0.33461,16
362,10,-0.26172,4.1699,-0.41992,0.33461,38
362,10,-0.13281,4.1914,-0.60156,0.33461,45
362,10,-0.13281,4.2246,-0.64258,0.33461,22
362,10,-0.26172,4.1855,-0.21484,0.66921,21
362,10,-0.26563,4.2227,-0.23242,0.66921,25
363,3,-0.13281,4.2285,-0.24805,0.33461,18
363,3,-0.13281,4.248,-0.46289,0.33461,23
363,3,0,4.2617,-0.66016,0.33461,13
364,2,-0.39648,4.2168,-0.11328,0.33461,19
364,2,-0.40039,4.25,-0.21484,0.33461,17
393,5,0,3.8125,-0.25391,0,11
393,5,-0.24023,3.8047,-0.59961,0,10
393,5,-0.23633,3.7559,-0.39844,0.33461,17
393,5,-0.23828,3.791,-0.41797,0.33461,21
393,5,-0.24023,3.8281,-0.41992,0.33461,18
394,13,-0.11914,3.7598,-0.67578,0,12
394,13,-0.12109,3.8008,-0.66211,0,21
394,13,0,3.8281,-0.73438,0,18
394,13,-0.23828,3.7949,-0.38477,0.33461,26
394,13,-0.12109,3.832,-0.4375,0.33461,45
394,13,-0.24414,3.8535,-0.52148,0.33461,39
394,13,0,3.8613,-0.75195,0.33461,17
394,13,-0.23828,3.8105,-0.14453,0.66921,24
394,13,-0.24023,3.8477,-0.18945,0.66921,39
394,13,-0.24414,3.8809,-0.24414,0.66921,33
394,13,0,3.9238,-0.30273,0.66921,14
394,13,0,4.2969,-0.67969,-0.33461,18
394,13,0,4.3613,-0.49609,-0.33461,14
395,12,-0.24414,3.7969,-0.83984,0,9
395,12,0,3.8438,-0.8457,0,14
395,12,0,3.8906,-0.80469,0,10
395,12,-0.24414,3.8652,-0.43555,0.33461,22
395,12,-0.12305,3.8945,-0.55078,0.33461,36
395,12,0,3.9277,-0.5957,0.33461,25
395,12,0,4.3105,0.16406,0.33461,25
395,12,-0.24414,3.8887,-0.082031,0.66921,21
395,12,-0.24609,3.9219,-0.21484,0.66921,35
395,12,-0.24805,3.9473,-0.36328,0.66921,26
395,12,0,4.2227,-0.67188,-0.33461,20
395,12,0,4.2754,-0.5625,-0.33461,23
396,6,-0.25977,4.0273,-1.0195,0,11
396,6,-0.24805,3.9551,-0.26563,0.66921,16
396,6,-0.125,3.9922,-0.36719,0.66921,18
396,6,0,4.2559,-0.4082,-0.33461,19
396,6,0.13477,4.2949,-0.38086,-0.33461,30
396,6,0,4.3281,-0.44531,-0.33461,15
397,12,-0.25,3.9746,-0.4668,0.33461,19
397,12,-0.25391,3.9824,-0.67773,0.33461,29
397,12,-0.12695,4.002,-0.8125,0.33461,21
397,12,-0.125,4,-0.25,0.66921,33
397,12,-0.25391,4.0273,-0.32617,0.66921,49
397,12,-0.25586,4.0527,-0.45703,0.66921,35
397,12,-0.25,4.002,0.10742,1.0038,17
397,12,-0.25391,4.0391,-0.064453,1.0038,26
397,12,-0.25586,4.0762,-0.10156,1.0038,19
397,12,0.13281,4.2715,-0.10547,-0.33461,22
397,12,0,4.3047,-0.26172,-0.33461,32
397,12,0,4.3301,-0.42969,-0.33461,23
398,16,-0.25586,4.0273,-0.64063,0,10
398,16,-0.12695,4.0195,-0.45703,0.33461,17
398,16,-0.25586,4.0566,-0.41016,0.33461,26
398,16,-0.12891,4.084,-0.56055,0.33461,18
398,16,0,4.2598,-0.36133,0.33461,22
398,16,-0.13477,4.2793,-0.51563,0.33461,33
398,16,0,4.2695,-0.83789,0.33461,25
398,16,-0.25391,4.0313,-0.27344,0.66921,18
398,16,-0.25586,4.0684,-0.27344,0.66921,28
398,16,-0.25781,4.1074,-0.27148,0.66921,18
398,16,0,4.2754,0.029297,0.66921,12
398,16,-0.26953,4.2969,-0.26758,0.66921,17
398,16,-0.27148,4.291,-0.66406,0.66921,15
398,16,0,4.2344,-0.5957,-0.33461,26
398,16,0,4.2207,-0.88672,-0.33461,31
398,16,0,4.1504,-1.3047,-0.33461,14
399,14,-0.25586,4.0605,-0.37109,0,13
399,14,-0.25781,4.0547,-0.70313,0,24
399,14,-0.25977,4.084,-0.75781,0,22
399,14,-0.13086,4.0371,-1.1465,0,9
399,14,-0.38281,4.0645,-0.17578,0.33461,24
399,14,-0.25781,4.0957,-0.40039,0.33461,47
399,14,-0.25977,4.1211,-0.52539,0.33461,42
399,14,0,4.2871,-0.46875,0.33461,22
399,14,-0.38281,4.0684,-0.0097656,0.66921,16
399,14,-0.25781,4.1113,-0.18945,0.66921,34
399,14,-0.25977,4.1445,-0.27344,0.66921,29
399,14,0,4.1152,-1.0059,-0.33461,14
399,14,0.13281,4.2422,-0.51367,-0.33461,17
399,14,0,4.2363,-0.81055,-0.33461,18
400,21,-0.25977,4.1094,-0.59766,0,17
400,21,0,4.125,-0.78516,0,14
400,21,-0.13281,4.1992,-0.54883,0,10
400,21,0,4.2734,-0.14063,0,10
400,21,-1.0215,3.4297,4.1074,0,8
400,21,-0.38672,4.1055,-0.091797,0.33461,17
400,21,-0.25977,4.1445,-0.27344,0.33461,32
400,21,-0.13086,4.1738,-0.43945,0.33461,36
400,21,0,4.209,-0.48828,0.33461,36
400,21,0,4.2578,-0.375,0.33461,36
400,21,0,4.2754,-0.57422,0.33461,33
400,21,-0.13672,4.2813,-0.76563,0.33461,26
400,21,-0.39063,4.1426,-0.044922,0.66921,18
400,21,-0.26172,4.1836,-0.24219,0.66921,20
400,21,-0.26563,4.2227,-0.23438,0.66921,18
400,21,0,4.2188,-0.69727,-0.66921,15
400,21,0,4.2188,-0.40039,-0.33461,26
400,21,0,4.248,-0.48828,-0.33461,43
400,21,0,4.2383,-0.80469,-0.33461,40
400,21,0,4.1758,-1.2246,-0.33461,21
400,21,5.2773,0.71875,-1.1445,0,7
401,10,-5.4863,0,-1.0898,0,9
401,10,0,4.2754,0.033203,0.33461,15
401,10,-3.4043,0,4.6895,0.33461,14
401,10,-3.4277,0,4.6992,0.33461,20
401,10,-3.625,0,4.7793,0.33461,14
401,10,0,4.1504,-1.0254,-0.33461,17
401,10,-3.4277,0,4.4961,0,9
401,10,5.2773,1.0488,-0.85352,0.33461,12
401,10,-5.4863,0,-0.68359,0.33461,19
401,10,5.3516,1.2402,-0.58203,0.33461,13
430,4,-0.11914,3.7695,-0.30273,0,8
430,4,-0.23438,3.7383,0.046875,0.33461,13
430,4,-0.23633,3.7715,-0.17773,0.33461,18
430,4,-0.11914,3.8066,-0.32227,0.33461,15
431,3,0,3.7793,-0.56445,0,9
431,3,-0.23633,3.7695,-0.21875,0.33461,15
431,3,-0.11914,3.793,-0.45508,0.33461,17
432,8,-0.24414,3.8184,-0.73633,0,12
432,8,-0.36133,3.8359,-0.22656,0.33461,15
432,8,-0.12109,3.8672,-0.4668,0.33461,21
432,8,0,4.2695,-0.22656,0.33461,25
432,8,0,4.3027,-0.30273,0.33461,20
432,8,0,4.1914,-0.84375,-0.33461,18
432,8,0,4.2578,-0.69336,-0.33461,14
432,8,0,4.3379,-0.33594,-0.33461,13
433,4,0,3.8496,-0.60352,0.33461,14
433,4,-0.36523,3.8672,-0.31055,0.66921,16
433,4,0.13281,4.2461,-0.47656,-0.33461,15
433,4,0,4.2949,-0.40039,-0.33461,14
434,5,-0.125,3.8945,-0.76953,0.33461,16
434,5,0,3.9512,-0.68945,0.33461,17
434,5,-0.125,3.9609,-0.28125,0.66921,24
434,5,-0.125,3.9863,-0.42773,0.66921,25
434,5,0,4.3516,-0.56836,-0.33461,14
435,18,-0.24805,3.9453,-0.38672,0.33461,22
435,18,-0.25,3.9688,-0.52539,0.33461,48
435,18,-0.12695,3.9961,-0.63867,0.33461,46
435,18,-0.25586,3.9922,-0.82813,0.33461,24
435,18,-0.24805,3.9609,-0.1543,0.66921,38
435,18,-0.25,3.9922,-0.28906,0.66921,80
435,18,-0.25391,4.0195,-0.40234,0.66921,76
435,18,-0.25586,4.0469,-0.5,0.66921,37
435,18,-0.26172,4.1523,-0.56445,0.66921,17
435,18,-0.24805,3.9648,0.042969,1.0038,20
435,18,-0.25,4.002,-0.089844,1.0038,40
435,18,-0.25391,4.0371,-0.16406,1.0038,39
435,18,0,4.0801,-0.23828,1.0038,17
435,18,0,4.1602,-0.98828,-0.66921,12
435,18,0,4.1973,-0.57813,-0.33461,20
435,18,0,4.2324,-0.60352,-0.33461,36
435,18,0,4.2598,-0.67383,-0.33461,33
435,18,0,4.2734,-0.81641,-0.33461,17
436,15,0,4.002,-0.60742,0,16
436,15,-0.12695,4.0273,-0.67578,0,22
436,15,0,4.0645,-0.69922,0,13
436,15,-0.375,3.9883,-0.20117,0.33461,14
436,15,-0.25391,4.0215,-0.39063,0.33461,44
436,15,-0.25586,4.041,-0.55078,0.33461,58
436,15,-0.25781,4.0645,-0.65234,0.33461,36
436,15,-0.25,4.002,0.015625,0.66921,15
436,15,-0.25391,4.0352,-0.20898,0.66921,47
436,15,-0.25586,4.0645,-0.33984,0.66921,62
436,15,-0.25781,4.0918,-0.44727,0.66921,40
436,15,-0.37891,4.0293,0.125,1.0038,14
436,15,-0.25586,4.0723,-0.23047,1.0038,20
436,15,0,4.2324,-0.83398,-0.33461,16
436,15,0,4.248,-0.94336,-0.33461,15
437,6,-0.38672,4.0703,-0.53906,0,10
437,6,-0.38281,4.0645,-0.17188,0.33461,14
437,6,-0.25781,4.0977,-0.39258,0.33461,18
437,6,0,4.123,-0.57031,0.33461,15
437,6,-0.13086,4.1621,-0.54102,0.33461,18
437,6,0,4.1914,-0.625,0.33461,15
438,12,0,4.0723,-0.65039,0,12
438,12,-0.25977,4.0977,-0.68555,0,24
438,12,0,4.1172,-0.82813,0,22
438,12,-0.25781,4.1094,-0.23242,0.33461,23
438,12,-0.25977,4.1367,-0.37891,0.33461,46
438,12,-0.26172,4.1582,-0.53125,0.33461,47
438,12,-0.13281,4.2051,-0.50195,0.33461,24
438,12,-0.38672,4.1035,0.11328,0.66921,14
438,12,-0.39063,4.1406,-0.14648,0.66921,28
438,12,-0.26172,4.1855,-0.21484,0.66921,28
438,12,0,4.1816,-0.68164,-0.33461,12
438,12,0,4.2539,-0.42969,-0.33461,12
439,10,-0.25977,4.1211,-0.51953,0,11
439,10,-0.26172,4.125,-0.74609,0,14
439,10,0,4.1992,-0.56445,0,10
439,10,-0.25977,4.1406,-0.32813,0.33461,18
439,10,-0.39453,4.168,-0.32813,0.33461,16
439,10,0,4.2559,-0.39648,0.33461,20
439,10,-0.13477,4.2656,-0.62305,0.33461,17
439,10,0,4.1738,-0.73242,-0.33461,23
439,10,0,4.1641,-0.96484,-0.33461,23
439,10,0.13477,4.1133,-1.293,-0.33461,15
440,3,-0.13086,4.1973,-0.021484,0.33461,21
440,3,-0.26563,4.2188,-0.28711,0.33461,28
440,3,-0.13281,4.2539,-0.39648,0.33461,21
470,2,-0.23828,3.7734,-0.55859,0,11
470,2,-0.35742,3.8008,-0.15625,0.33461,19
471,6,0,3.7734,-0.97461,0,8
471,6,-0.12109,3.8379,-0.39258,0.33461,17
471,6,-0.12109,3.8672,-0.4668,0.33461,16
471,6,0,3.8516,-0.24609,0.66921,15
471,6,0,3.877,-0.39844,0.66921,14
471,6,0,4.2578,-0.68164,-0.33461,15
472,9,-0.24414,3.8691,-0.39844,0.33461,20
472,9,-0.24609,3.8887,-0.55273,0.33461,23
472,9,-0.24414,3.8848,-0.16797,0.66921,29
472,9,-0.24609,3.9102,-0.36523,0.66921,36
472,9,-0.24805,3.9238,-0.5625,0.66921,19
472,9,-0.24609,3.9277,0.0097656,1.0038,16
472,9,0,4.2539,-0.71484,-0.33461,14
472,9,0,4.2578,-0.89063,-0.33461,15
472,9,0.13672,4.3418,-0.625,-0.33461,15
473,6,-0.36914,3.9102,-0.24414,0.66921,16
473,6,-0.24805,3.9473,-0.36914,0.66921,22
473,6,-0.125,3.9824,-0.44922,0.66921,15
473,6,-0.37305,3.9531,-0.10742,1.0038,13
473,6,0,4.1719,-0.74414,-0.33461,15
473,6,0,4.1387,-1.0684,-0.33461,14
474,12,-4.8105,7.0391,0.66211,0,11
474,12,0,4.252,-0.45117,0.33461,28
474,12,-0.25391,4.0273,-0.33398,0.66921,16
474,12,0,4.1348,-0.92578,-0.33461,19
474,12,0,4.1719,-0.93359,-0.33461,24
474,12,0,4.1758,-1.0781,-0.33461,18
474,12,-4.7891,7.0098,-0.64258,-0.33461,16
474,12,-4.8105,7.0547,-0.46484,-0.33461,20
474,12,-4.8301,7.0918,0.3457,-0.33461,12
474,12,-7.9805,0,-8.3203,-0.33461,9
474,12,-8.0156,0,8.5391,-0.33461,11
474,12,-8.3203,0,-8.4395,-0.33461,7
475,10,-0.25586,4.0508,-0.46289,0.33461,19
475,10,0,4.0898,-0.53711,0.33461,19
475,10,0,4.3125,-0.099609,0.33461,23
475,10,-0.13672,4.3359,-0.33789,0.33461,23
475,10,-0.25586,4.0723,-0.21094,0.66921,25
475,10,-0.25781,4.1035,-0.31836,0.66921,24
475,10,0,4.2383,-0.56055,-0.33461,19
475,10,0,4.2754,-0.57031,-0.33461,25
475,10,0,4.3047,-0.63281,-0.33461,20
475,10,0,4.3281,-0.72461,-0.33461,14
476,21,-0.25781,4.0723,-0.60156,0,21
476,21,0,4.1094,-0.66211,0,26
476,21,0,4.127,-0.77734,0,16
476,21,5.2402,0,-1.4121,0,9
476,21,-0.38281,4.0664,-0.09375,0.33461,15
476,21,-0.25781,4.1074,-0.26172,0.33461,39
476,21,-0.13086,4.1387,-0.42188,0.33461,47
476,21,-0.26172,4.1348,-0.69141,0.33461,20
476,21,0,4.248,-0.47461,0.33461,17
476,21,-0.41211,4.3477,-0.43945,0.33461,22
476,21,-0.41406,4.3613,-0.63867,0.33461,20
476,21,-5.4102,0,-0.96484,0.33461,19
476,21,5.2773,0.85938,-1.043,0.33461,17
476,21,-0.25781,4.1152,-0.03125,0.66921,24
476,21,-0.25977,4.1523,-0.11133,0.66921,30
476,21,-0.26172,4.1875,-0.17188,0.66921,15
476,21,0,4.1426,-0.89258,-0.33461,19
476,21,0,4.1855,-0.87109,-0.33461,14
476,21,-3.5508,0.79492,4.0039,0,9
476,21,-3.5508,0,4.1582,0.33461,18
476,21,-3.5762,0.54688,4.0742,0.33461,16
477,8,-0.13086,4.1777,-0.40234,0.33461,22
477,8,-0.13281,4.2109,-0.45703,0.33461,32
477,8,-0.13281,4.2539,-0.39648,0.33461,25
477,8,0,4.3125,-0.060547,0.33461,13
477,8,0,4.1172,-0.83008,-0.33461,13
477,8,0,4.1758,-0.71875,-0.33461,21
477,8,0,4.2168,-0.69922,-0.33461,19
477,8,0,4.2598,-0.67773,-0.33461,14
478,5,0,4.2148,-0.43359,0.33461,13
478,5,5.2773,1.0684,-0.82617,0.33461,12
478,5,-0.85742,1.4453,5.2227,0.33461,14
478,5,-3.5762,0,4.4902,0.33461,12
478,5,5.3145,0.61328,-1.2148,0.33461,13
479,4,-0.13281,4.2168,-0.39844,0.33461,19
479,4,0,4.248,-0.47852,0.33461,16
479,4,0,4.123,-0.98047,-0.33461,12
479,4,0,4.1426,-1.0566,-0.33461,12
509,7,-0.23633,3.7598,-0.35352,0,10
509,7,-0.11914,3.752,-0.7168,0,14
509,7,0,3.7871,-0.74414,0,11
509,7,-0.23633,3.7695,-0.20898,0.33461,19
509,7,-0.23828,3.8047,-0.25,0.33461,26
509,7,-0.24023,3.834,-0.37695,0.33461,22
509,7,-0.23828,3.8145,0.0039063,0.66921,13
511,5,-0.12109,3.8633,-0.5,0.33461,22
511,5,-0.24609,3.8867,-0.56055,0.33461,18
511,5,-0.24414,3.8691,-0.38672,0.66921,20
511,5,-0.24609,3.9082,-0.38281,0.66921,16
511,5,0,4.2715,-0.60156,-0.33461,19
512,16,0,3.8887,-0.81445,0,9
512,16,-5.1445,0,-1.0156,0,13
512,16,-0.24609,3.8906,-0.5293,0.33461,18
512,16,-0.125,3.9395,-0.50195,0.33461,25
512,16,0,3.9414,-0.74219,0.33461,18
512,16,-0.13477,4.2695,-0.5918,0.33461,19
512,16,-4.9473,1.1426,-0.54688,0.33461,18
512,16,-4.9844,1.0449,-0.73242,0.33461,24
512,16,-0.36914,3.916,-0.10352,0.66921,19
512,16,-0.125,3.9629,-0.24805,0.66921,26
512,16,-0.125,3.9805,-0.46484,0.66921,19
512,16,0,4.2793,-0.5332,-0.33461,13
512,16,0,4.3105,-0.82227,-0.33461,14
512,16,-3.0547,0,4.252,0,10
512,16,-3.0332,0,4.5234,0.33461,14
512,16,-3.0547,0,4.4004,0.33461,19
513,11,0,3.9141,-0.87109,0,13
513,11,-0.24805,3.9375,-0.46484,0.33461,26
513,11,-0.125,3.9707,-0.54688,0.33461,38
513,11,-0.12695,3.9883,-0.68164,0.33461,27
513,11,-0.13281,4.1738,-0.71484,0.33461,26
513,11,-0.26758,4.1738,-0.88672,0.33461,20
513,11,-0.24805,3.9512,-0.31836,0.66921,30
513,11,-0.25,3.9902,-0.32422,0.66921,42
513,11,-0.25391,4.0176,-0.42188,0.66921,29
513,11,0,4.0605,-0.45898,0.66921,13
513,11,-0.25,4,-0.13867,1.0038,14
514,21,-0.12695,3.9746,-0.76172,0,15
514,21,0,3.998,-0.8418,0,15
514,21,0,3.9824,-1.0703,0,10
514,21,-4.7891,7.0254,0.41797,0,11
514,21,-5.0762,6.877,0.23242,0,13
514,21,0,4.0117,-0.54297,0.33461,30
514,21,-0.12695,4.043,-0.57813,0.33461,34
514,21,-0.25781,4.0332,-0.82031,0.33461,21
514,21,-0.13281,4.2734,0.029297,0.33461,23
514,21,-0.13477,4.3047,-0.21484,0.33461,38
514,21,0,4.3398,-0.29688,0.33461,31
514,21,0,4.3848,-0.19922,0.33461,16
514,21,-0.25391,4.0371,-0.16602,0.66921,26
514,21,-0.12695,4.0723,-0.3125,0.66921,31
514,21,0,4.0996,-0.45117,0.66921,18
514,21,-0.26953,4.3027,-0.12305,0.66921,19
514,21,0,4.248,-0.48438,-0.33461,24
514,21,0,4.2734,-0.58203,-0.33461,35
514,21,0,4.2988,-0.66406,-0.33461,30
514,21,-4.7891,7.0371,0.070313,-0.33461,20
514,21,-4.8105,7.0684,-0.14453,-0.33461,25
515,12,0,4.0605,-0.71875,0,12
515,12,-0.27148,4.2461,-0.91211,0,12
515,12,-0.25586,4.0566,-0.41211,0.33461,19
515,12,-0.12891,4.084,-0.55469,0.33461,29
515,12,-0.25977,4.0879,-0.73828,0.33461,19
515,12,0,4.2188,-0.39258,0.33461,15
515,12,-0.13281,4.2168,-0.68555,0.33461,24
515,12,0,4.209,-0.94531,0.33461,22
515,12,-0.25586,4.0723,-0.21094,0.66921,18
515,12,-0.25781,4.0957,-0.41016,0.66921,28
515,12,-0.25977,4.1113,-0.59375,0.66921,18
515,12,0,4.2188,-0.68945,-0.33461,16
516,20,-5.4473,0,-1.2852,0,15
516,20,-5.4863,0,-1.2578,0,13
516,20,-0.13086,4.1328,-0.47852,0.33461,13
516,20,0,4.1738,-0.47266,0.33461,18
516,20,0,4.207,-0.50391,0.33461,25
516,20,0,4.2344,-0.59375,0.33461,25
516,20,0,4.2461,-0.75391,0.33461,17
516,20,-5.4102,0,-0.78711,0.33461,25
516,20,-5.4473,0,-0.79688,0.33461,37
516,20,-5.4863,0,-0.96094,0.33461,26
516,20,-5.4473,0,-0.57813,0.66921,17
516,20,0,4.1094,-1.0313,-0.33461,23
516,20,0,4.0742,-1.2949,-0.33461,24
516,20,0,4.002,-1.6094,-0.33461,16
516,20,-3.4043,0,4.2988,0,14
516,20,-3.5996,0.93359,4.0332,0,12
516,20,-3.3809,0,4.5938,0.33461,23
516,20,-3.2344,0,4.7168,0.33461,35
516,20,-3.2578,0,4.5801,0.33461,26
516,20,-3.5762,0,4.4512,0.66921,16
517,7,-0.13086,4.1348,-0.72461,0,17
517,7,-0.13281,4.1641,-0.77148,0,13
517,7,-0.25977,4.1406,-0.32813,0.33461,18
517,7,-0.13086,4.1758,-0.43359,0.33461,35
517,7,0,4.209,-0.48633,0.33461,31
517,7,-0.26172,4.1875,-0.17578,0.66921,17
517,7,0,4.2188,-0.89453,-0.33461,15
518,2,-0.26172,4.1895,-0.125,0.33461,14
518,2,-0.13281,4.2266,-0.27344,0.33461,18
549,7,-0.23828,3.7754,-0.53516,0,11
549,7,0,3.7773,-0.79102,0,9
549,7,0,3.7676,-0.35547,0.33461,14
549,7,-0.23828,3.7891,-0.42969,0.33461,21
549,7,-0.24023,3.8105,-0.56445,0.33461,18
549,7,0,4.2422,-0.52734,-0.33461,19
549,7,0,4.2969,-0.375,-0.33461,15
550,9,-0.12109,3.7773,-0.77734,0,12
550,9,0,3.8379,-0.66992,0,13
550,9,-0.24023,3.832,-0.39258,0.33461,22
550,9,-0.24414,3.8574,-0.49219,0.33461,23
550,9,-0.12305,3.8711,-0.69531,0.33461,12
550,9,0,4.2734,0.14063,0.33461,12
550,9,0,4.3066,-0.23633,0.33461,10
550,9,-0.36133,3.8418,-0.017578,0.66921,14
550,9,-0.24414,3.8867,-0.14258,0.66921,15
551,8,-0.24414,3.8535,-0.52344,0.33461,26
551,8,-0.24609,3.8848,-0.58008,0.33461,27
551,8,0,3.8828,-0.8418,0.33461,15
551,8,-0.24414,3.8848,-0.19531,0.66921,30
551,8,-0.24609,3.9121,-0.33203,0.66921,30
551,8,-0.24805,3.9336,-0.49609,0.66921,17
551,8,0,4.1836,-0.66797,-0.33461,23
551,8,0.13281,4.2383,-0.54883,-0.33461,23
552,8,0,4.2559,-0.70508,0,12
552,8,0,3.9277,-0.80469,0.33461,11
552,8,-0.125,3.9785,-0.48438,0.66921,17
552,8,0,4.1621,-0.79297,-0.33461,16
552,8,0,4.1875,-0.85938,-0.33461,16
552,8,0,4.2578,-0.69336,-0.33461,16
552,8,0.13672,4.293,-0.69336,-0.33461,25
552,8,0.13672,4.332,-0.6875,-0.33461,20
553,19,-0.13477,4.2676,-0.60547,0,13
553,19,0,4.2793,-0.78516,0,12
553,19,-5.0547,6.8496,-0.10938,0,10
553,19,-4.8105,7.0684,-0.14453,0,12
553,19,-0.25,3.9648,-0.54102,0.33461,21
553,19,-0.25391,3.9824,-0.67578,0.33461,27
553,19,-0.25586,4.0156,-0.70508,0.33461,19
553,19,0,4.2188,-0.40039,0.33461,16
553,19,-0.25,3.9961,-0.23828,0.66921,31
553,19,-0.25391,4.0234,-0.35742,0.66921,42
553,19,-0.25586,4.0469,-0.51172,0.66921,28
553,19,-0.25391,4.0391,-0.046875,1.0038,20
553,19,0,4.1719,-0.74023,-0.33461,21
553,19,0,4.2168,-0.70508,-0.33461,27
553,19,0,4.2441,-0.76758,-0.33461,26
553,19,0,4.2969,-0.67773,-0.33461,23
553,19,0,4.3281,-0.72852,-0.33461,15
553,19,-4.7891,7.0176,-0.53125,-0.33461,21
553,19,-4.8105,7.0488,-0.53125,-0.33461,23
554,11,-0.26953,4.2754,-0.49414,0,12
554,11,-0.27148,4.2734,-0.77344,0,12
554,11,-0.25586,4.0234,-0.66211,0.33461,18
554,11,-0.12891,4.0586,-0.72266,0.33461,20
554,11,-0.13477,4.2754,-0.55078,0.33461,17
554,11,-0.27148,4.3047,-0.56445,0.33461,16
554,11,-0.25586,4.0469,-0.51172,0.66921,21
554,11,-0.25781,4.0977,-0.37891,0.66921,24
554,11,0,4.1758,-0.71875,-0.33461,17
554,11,0,4.2402,-0.54492,-0.33461,18
554,11,0,4.2695,-0.60742,-0.33461,15
555,19,-0.25781,4.0293,-0.83789,0,12
555,19,0,4.0684,-0.875,0,12
555,19,0,4.1094,-0.86914,0,8
555,19,-5.4102,0,-1.0684,0,9
555,19,5.2773,1.1133,-0.76563,0,10
555,19,-0.12695,4.0703,-0.33203,0.33461,16
555,19,-0.12891,4.0996,-0.42383,0.33461,21
555,19,-0.25977,4.1094,-0.60156,0.33461,15
555,19,0,4.1719,-0.73828,0.33461,18
555,19,-3.5508,0,4.4258,0.33461,15
555,19,-3.5762,0,4.4863,0.33461,19
555,19,-0.25781,4.1152,0.052734,0.66921,13
555,19,0,4.127,-0.77539,-0.33461,17
555,19,0,4.1602,-0.80664,-0.33461,22
555,19,0,4.2051,-0.77539,-0.33461,19
555,19,-3.7188,0,3.9355,0,8
555,19,-3.5762,0,4.2832,0,10
555,19,-1.0137,2.5625,4.6563,0.33461,14
555,19,-0.85156,2.6328,4.6934,0.33461,17
556,4,-0.39453,4.1523,-0.49414,0.33461,13
556,4,0,4.2266,-0.29492,0.33461,18
556,4,0,4.2227,-0.66602,0.33461,17
556,4,0,4.2285,-0.63086,-0.33461,18
557,1,-0.39453,4.1719,-0.2832,0.33461,16
586,2,-0.23438,3.7305,-0.23242,0.33461,11
586,2,-0.23633,3.7715,-0.20117,0.33461,14
588,10,0,3.7773,-0.58203,0,14
588,10,-0.24023,3.7754,-0.76172,0,17
588,10,0,3.7734,-0.97461,0,11
588,10,-0.11914,3.8027,-0.36328,0.33461,27
588,10,-0.24023,3.8203,-0.48242,0.33461,32
588,10,-0.12109,3.8438,-0.62695,0.33461,21
588,10,-0.23828,3.8145,-0.011719,0.66921,18
588,10,-0.24023,3.8438,-0.25195,0.66921,21
588,10,0,4.3281,-0.44531,-0.33461,13
588,10,0,4.375,-0.35156,-0.33461,14
589,1,-0.36523,3.8359,-0.57813,0.33461,14
590,9,-0.24609,3.8828,-0.58203,0.33461,27
590,9,-0.24805,3.9121,-0.64648,0.33461,31
590,9,-0.125,3.9492,-0.68359,0.33461,18
590,9,-0.24414,3.8809,-0.25781,0.66921,17
590,9,-0.24609,3.918,-0.26563,0.66921,38
590,9,-0.24805,3.9453,-0.38867,0.66921,43
590,9,-0.25,3.9863,-0.36133,0.66921,24
590,9,-0.24609,3.9258,-0.13086,1.0038,17
590,9,-0.37305,3.9531,-0.12891,1.0038,19
591,7,-0.25,3.9355,-0.72852,0.33461,13
591,7,0,4.2578,-0.375,0.33461,23
591,7,0,4.2852,-0.49219,0.33461,17
591,7,-0.25,3.9785,-0.43164,0.66921,22
591,7,-0.25391,4.0234,-0.375,0.66921,19
591,7,0,4.1992,-0.57227,-0.33461,17
591,7,0,4.2402,-0.55078,-0.33461,19
592,7,-0.25391,4.0059,-0.5293,0.33461,17
592,7,0,4.0352,-0.64648,0.33461,16
592,7,-0.27344,4.3574,-0.45313,0.33461,17
592,7,-0.37891,4.0215,-0.25586,0.66921,21
592,7,-0.25586,4.0605,-0.37695,0.66921,20
592,7,0,4.3652,-0.45703,-0.33461,16
592,7,0,4.3945,-0.53906,-0.33461,15
593,1,0,4.2168,-0.9043,-0.33461,11
594,7,-0.12891,4.0645,-0.67969,0,14
594,7,-0.13086,4.0996,-0.70703,0,20
594,7,-0.13086,4.1211,-0.80078,0,15
594,7,-0.25781,4.0918,-0.44336,0.33461,24
594,7,-0.13086,4.1289,-0.50195,0.33461,35
594,7,-0.13086,4.1445,-0.66016,0.33461,27
594,7,-0.25977,4.1484,-0.19922,0.66921,18
596,3,0,4.2344,-0.14063,0,9
596,3,0,4.2109,-0.47461,-0.33461,13
596,3,0,4.2422,-0.53516,-0.33461,14
627,9,0,3.7266,-0.6582,0,10
627,9,-0.23828,3.7402,-0.74414,0,13
627,9,-0.24023,3.7949,-0.65625,0,9
627,9,-0.23633,3.7539,-0.41211,0.33461,20
627,9,-0.23828,3.7891,-0.43945,0.33461,24
627,9,-0.12109,3.832,-0.44727,0.33461,18
627,9,0,4.2969,-0.37305,0.33461,17
627,9,0,4.166,-0.96094,-0.33461,17
627,9,0.13477,4.1895,-1.0137,-0.33461,19
628,9,-0.23828,3.7656,-0.60547,0,16
628,9,-0.12109,3.7891,-0.7207,0,18
628,9,0,3.8145,-0.79883,0,10
628,9,-0.23828,3.7949,-0.38281,0.33461,29
628,9,-0.12109,3.8223,-0.50977,0.33461,36
628,9,0,3.8496,-0.60938,0.33461,21
628,9,-0.35742,3.8027,-0.11133,0.66921,21
628,9,-0.24023,3.8477,-0.17383,0.66921,25
628,9,-0.24414,3.8848,-0.19922,0.66921,15
629,7,-0.12109,3.8184,-0.76563,0,10
629,7,-0.24023,3.8281,-0.42969,0.33461,17
629,7,-0.24414,3.8477,-0.56641,0.33461,28
629,7,-0.12305,3.8887,-0.58203,0.33461,24
629,7,-0.24023,3.8496,-0.11523,0.66921,20
629,7,-0.24414,3.8789,-0.2793,0.66921,32
629,7,-0.24609,3.9102,-0.36523,0.66921,26
630,13,-0.24609,3.9043,-0.42188,0.33461,19
630,13,0,3.9277,-0.58984,0.33461,29
630,13,-0.125,3.9355,-0.75977,0.33461,22
630,13,0,4.2754,0.013672,0.33461,24
630,13,-0.24609,3.916,-0.30469,0.66921,27
630,13,-0.125,3.9492,-0.41406,0.66921,45
630,13,0,3.9707,-0.56641,0.66921,32
630,13,-0.24609,3.9238,0.13281,1.0038,13
630,13,-0.24805,3.9609,-0.16406,1.0038,20
630,13,0,4,-0.27734,1.0038,15
630,13,0,4.1836,-0.66992,-0.33461,26
630,13,0,4.2227,-0.66992,-0.33461,38
630,13,0,4.2656,-0.64258,-0.33461,27
631,12,-0.125,3.9414,-0.47656,0.33461,23
631,12,-0.25,3.9629,-0.55859,0.33461,45
631,12,-0.12695,3.9941,-0.64258,0.33461,43
631,12,0,4.0176,-0.74805,0.33461,20
631,12,-0.24805,3.9551,-0.26953,0.66921,33
631,12,-0.25,3.9902,-0.32031,0.66921,65
631,12,-0.25391,4.0215,-0.39063,0.66921,62
631,12,-0.25586,4.0449,-0.52344,0.66921,29
631,12,-0.25,4.002,-0.089844,1.0038,29
631,12,-0.25391,4.0391,-0.058594,1.0038,28
631,12,0,4.1953,-0.60156,-0.33461,16
631,12,0,4.2363,-0.57227,-0.33461,16
632,13,-0.25391,3.9473,-0.85938,0,17
632,13,-0.12695,3.9961,-0.8457,0,23
632,13,0,3.9922,-1.0313,0,15
632,13,-0.375,3.9688,-0.43555,0.33461,13
632,13,-0.25391,4.0078,-0.50391,0.33461,40
632,13,-0.12695,4.0371,-0.61133,0.33461,56
632,13,-0.12891,4.0625,-0.69531,0.33461,39
632,13,0,4.0566,-0.93359,0.33461,14
632,13,-0.25391,4.0293,-0.28906,0.66921,38
632,13,-0.12695,4.0723,-0.30859,0.66921,54
632,13,-0.25781,4.084,-0.50977,0.66921,37
632,13,0,4.1777,-0.70898,-0.33461,15
632,13,0,4.2168,-0.70117,-0.33461,15
633,9,0,4.0254,-0.70313,0,13
633,9,0,4.043,-0.81641,0,18
633,9,-0.13086,4.0566,-0.92188,0,13
633,9,-0.25586,4.0586,-0.4043,0.33461,27
633,9,-0.12891,4.0781,-0.59375,0.33461,38
633,9,-0.13086,4.1035,-0.68555,0.33461,25
633,9,-0.25586,4.0742,-0.16797,0.66921,22
633,9,-0.25781,4.1074,-0.25195,0.66921,30
633,9,-0.25977,4.1211,-0.51953,0.66921,19
634,5,-0.25977,4.0957,-0.6875,0.33461,15
634,5,0,4.1621,-0.55664,0.33461,21
634,5,0,4.1992,-0.56641,0.33461,17
634,5,0,4.1523,-0.84375,-0.33461,16
634,5,0,4.168,-0.95508,-0.33461,15
635,7,-0.26172,4.125,-0.74609,0,13
635,7,-0.26563,4.1797,-0.64258,0,12
635,7,-0.25977,4.1387,-0.34375,0.33461,16
635,7,-0.26172,4.1719,-0.39648,0.33461,23
635,7,-0.26563,4.1934,-0.55469,0.33461,14
635,7,-0.41211,4.2637,-0.95508,0.33461,14
635,7,-0.41406,4.3535,-0.68164,0.33461,12
668,8,-0.35547,3.7344,-0.5,0,13
668,8,-0.23828,3.7598,-0.63867,0,18
668,8,0,3.7695,-0.82422,0,12
668,8,-0.23633,3.7637,-0.30273,0.33461,25
668,8,-0.23828,3.8008,-0.31055,0.33461,34
668,8,-0.24023,3.8203,-0.48633,0.33461,23
668,8,-0.23633,3.7734,-0.12305,0.66921,15
668,8,-0.35742,3.8027,-0.089844,0.66921,19
669,6,-0.23828,3.8008,-0.31445,0.33461,12
669,6,-0.24023,3.8125,-0.54492,0.33461,17
669,6,-0.24414,3.8281,-0.69141,0.33461,12
669,6,-0.23828,3.8105,-0.16406,0.66921,14
669,6,-0.24023,3.8418,-0.2793,0.66921,19
669,6,-0.36523,3.8672,-0.31641,0.66921,13
670,11,-0.12109,3.8691,-0.44336,0.33461,20
670,11,0,3.8945,-0.56445,0.33461,27
670,11,0,3.9297,-0.58594,0.33461,19
670,11,-0.24023,3.8516,-0.082031,0.66921,17
670,11,-0.12109,3.8848,-0.26953,0.66921,44
670,11,-0.12305,3.916,-0.36328,0.66921,58
670,11,-0.24805,3.9316,-0.51367,0.66921,40
670,11,-0.24414,3.8887,-0.083984,1.0038,28
670,11,-0.24609,3.9258,-0.12109,1.0038,36
670,11,-0.24805,3.9551,-0.27148,1.0038,24
670,11,0,4.2813,-0.52148,-0.33461,11
671,3,-0.125,3.9941,-0.33789,0.66921,23
671,3,0,4.0332,-0.34961,0.66921,20
671,3,0,4.3848,-0.60156,-0.33461,18
672,5,0,4.1758,-0.91406,0,10
672,5,0,4.1211,-0.98438,-0.33461,16
672,5,0.13281,4.1641,-0.95508,-0.33461,19
672,5,0,4.2793,-0.5332,-0.33461,13
672,5,-5.0762,6.8516,-0.62695,-0.33461,17
673,17,0,4.0469,-0.79102,0,11
673,17,-0.26953,4.2168,-0.86914,0,23
673,17,-0.27148,4.2461,-0.91211,0,26
673,17,0,4.3066,-0.84375,0,19
673,17,-0.25781,4.0586,-0.68359,0.33461,25
673,17,-0.25977,4.0957,-0.69141,0.33461,24
673,17,0,4.123,-0.79883,0.33461,16
673,17,-0.13281,4.1875,-0.63281,0.33461,16
673,17,-0.4043,4.2246,-0.77148,0.33461,32
673,17,-0.27148,4.2598,-0.84766,0.33461,35
673,17,-0.27344,4.2129,-1.1973,0.33461,21
673,17,-0.25781,4.0996,-0.35547,0.66921,23
673,17,-0.25977,4.127,-0.4668,0.66921,20
673,17,-0.26953,4.2773,-0.47656,0.66921,22
673,17,-0.4082,4.3008,-0.51758,0.66921,22
673,17,0,4.3027,-0.64258,-0.33461,16
673,17,0,4.3418,-0.64063,-0.33461,19
674,15,0,4.1113,-0.32227,0,10
674,15,-0.13086,4.0938,-0.74219,0,14
674,15,0,4.0586,-1.0781,0,12
674,15,0,4.0488,-1.25,0,9
674,15,-0.27344,4.332,-0.65234,0,11
674,15,-0.12891,4.1113,-0.29688,0.33461,18
674,15,-0.13086,4.1328,-0.4707,0.33461,26
674,15,-0.26172,4.1582,-0.5293,0.33461,27
674,15,-0.13281,4.1855,-0.64453,0.33461,22
674,15,-0.27344,4.3555,-0.47266,0.33461,28
674,15,-0.13867,4.3672,-0.70898,0.33461,25
674,15,0,4.3652,-0.93945,0.33461,15
674,15,-0.25977,4.1387,-0.35547,0.66921,16
674,15,-0.26172,4.1738,-0.38086,0.66921,17
674,15,0.13672,4.291,-0.70898,-0.33461,13
675,31,0,4.0625,-0.70898,0,8
675,31,-0.13086,4.1289,-0.50586,0,17
675,31,-0.13086,4.1406,-0.69336,0,20
675,31,0,4.1152,-1.0137,0,13
675,31,-0.27148,4.1914,-1.1348,0,9
675,31,0,4.2598,-1.0527,0,9
675,31,-3.4043,0,4.6445,0,13
675,31,-5.4863,0,-1.2109,0,14
675,31,-0.25781,4.1113,-0.17773,0.33461,15
675,31,-0.25977,4.1406,-0.32617,0.33461,29
675,31,-0.13086,4.1719,-0.46484,0.33461,33
675,31,-0.13281,4.1875,-0.63281,0.33461,20
675,31,-0.26953,4.2656,-0.58398,0.33461,16
675,31,-0.27148,4.3047,-0.57422,0.33461,21
675,31,-0.27344,4.3418,-0.58203,0.33461,20
675,31,5.2402,1.2598,-0.46094,0.33461,14
675,31,-3.5762,0,4.6113,0.33461,29
675,31,-3.5996,0,4.5547,0.33461,30
675,31,-3.4531,0,4.625,0.33461,14
675,31,-0.13086,4.1602,0.021484,0.66921,15
675,31,0,4.1953,-0.17773,0.66921,16
675,31,-3.5762,0,5.2012,0.66921,13
675,31,-3.7715,0,5.1055,0.66921,13
675,31,5.2773,0.81641,-1.0781,0,12
675,31,-3.4277,0,4.6289,0,14
675,31,-3.5508,0,4.4473,0.33461,14
675,31,-5.4473,0,-0.56055,0.33461,28
675,31,-5.4863,0,-0.75586,0.33461,29
675,31,5.3516,0.78516,-1.123,0.33461,13
675,31,5.2773,1.3516,-0.029297,0.66921,11
675,31,5.3145,1.248,-0.54297,0.66921,12
676,4,0,4.2109,-0.4707,0.33461,25
676,4,0,4.248,-0.48047,0.33461,23
676,4,0,4.123,-0.98047,-0.33461,15
676,4,0,4.1758,-0.91797,-0.33461,13
708,1,-0.23828,3.7852,-0.4668,0.33461,15
710,1,-0.24023,3.834,-0.37305,0.33461,15
711,12,-0.24609,3.8652,-0.69922,0,19
711,12,0,3.8926,-0.79688,0,17
711,12,-0.24414,3.8652,-0.43164,0.33461,28
711,12,-0.24609,3.8926,-0.51758,0.33461,49
711,12,-0.125,3.9316,-0.54883,0.33461,45
711,12,-0.25,3.957,-0.60156,0.33461,20
711,12,-0.24414,3.8828,-0.2168,0.66921,29
711,12,-0.24609,3.918,-0.27344,0.66921,51
711,12,-0.24805,3.9473,-0.36914,0.66921,45
711,12,-0.25,3.9805,-0.42188,0.66921,20
711,12,-0.36914,3.918,0.021484,1.0038,15
711,12,-0.24805,3.9648,-0.068359,1.0038,14
712,9,-0.37305,3.9023,-0.64063,0.33461,12
712,9,-0.125,3.9551,-0.64648,0.33461,23
712,9,0,3.9629,-0.82227,0.33461,17
712,9,-0.39063,4.0781,-0.72852,0.33461,21
712,9,-0.39453,4.0859,-0.89063,0.33461,24
712,9,-0.24805,3.9629,-0.10352,0.66921,15
712,9,-0.25,3.9922,-0.28711,0.66921,26
712,9,-0.12695,4.002,-0.58984,0.66921,21
712,9,-0.39453,4.1406,-0.57813,0.66921,20
713,8,-0.25391,4.0195,-0.41602,0.33461,20
713,8,-0.25586,4.0313,-0.61523,0.33461,21
713,8,-0.26758,4.2207,-0.62695,0.33461,19
713,8,-0.26953,4.2695,-0.54688,0.33461,19
713,8,-0.13672,4.3281,-0.42578,0.33461,19
713,8,-0.25391,4.0273,-0.32422,0.66921,23
713,8,-0.25586,4.0508,-0.47852,0.66921,24
713,8,-5.0547,6.8477,-0.18945,-0.33461,11
714,2,0,4.0449,-0.80273,0,10
714,2,0,4.084,-0.57813,0.33461,20
715,2,-0.38672,4.0762,-0.49219,0.33461,15
715,2,-0.25977,4.123,-0.50586,0.33461,17
716,3,-0.39063,4.1055,-0.5625,0,10
716,3,-0.25977,4.1465,-0.23438,0.33461,19
716,3,0,4.1934,-0.23242,0.33461,15
717,4,-0.13281,4.2324,-0.17773,0.33461,14
717,4,0,4.2539,-0.41992,0.33461,13
717,4,-0.27344,4.3379,-0.61328,0.33461,17
717,4,-0.41406,4.3281,-0.83008,0.33461,17
719,1,0,4.2734,-0.11328,0.33461,10
748,2,0,4.3105,-0.12109,0.33461,13
748,2,0,4.2402,-0.79297,-0.33461,14
749,11,0,3.7637,-0.38672,0,14
749,11,-0.23828,3.791,-0.42188,0,22
749,11,-0.24023,3.8066,-0.58594,0,18
749,11,-0.12109,3.8496,-0.5957,0,10
749,11,-0.23633,3.7734,-0.14258,0.33461,28
749,11,-0.23828,3.8066,-0.2168,0.33461,42
749,11,-0.24023,3.8418,-0.26758,0.33461,34
749,11,-0.36523,3.8594,-0.40039,0.33461,18
749,11,-0.35547,3.7656,0.085938,0.66921,15
749,11,-0.23828,3.8125,-0.058594,0.66921,21
749,11,-0.36133,3.8379,-0.16211,0.66921,15
750,11,-0.23828,3.7754,-0.54492,0,11
750,11,-0.12109,3.8086,-0.61523,0,27
750,11,-0.12109,3.8184,-0.76758,0,30
750,11,-0.12305,3.834,-0.87695,0,18
750,11,-0.23828,3.7949,-0.375,0.33461,20
750,11,-0.12109,3.832,-0.43945,0.33461,51
750,11,-0.24414,3.8496,-0.55664,0.33461,58
750,11,0,3.8711,-0.70313,0.33461,33
750,11,-0.24023,3.8477,-0.18164,0.66921,35
750,11,-0.24414,3.8789,-0.28516,0.66921,40
750,11,-0.24609,3.9121,-0.33398,0.66921,23
751,9,-0.24414,3.8457,-0.58203,0.33461,13
751,9,-0.24609,3.8965,-0.48438,0.33461,18
751,9,-0.24805,3.918,-0.60156,0.33461,11
751,9,0,4.3066,-0.22852,0.33461,23
751,9,0,4.3398,-0.29688,0.33461,20
751,9,-0.24609,3.9063,-0.41016,0.66921,20
751,9,0,4.2715,-0.16797,-0.33461,14
751,9,0,4.2969,-0.38477,-0.33461,22
751,9,0,4.3125,-0.58203,-0.33461,16
752,12,0,3.877,-0.67773,0.33461,12
752,12,-0.24805,3.918,-0.60742,0.33461,20
752,12,-0.25,3.9375,-0.71484,0.33461,21
752,12,-0.24609,3.9102,-0.36328,0.66921,17
752,12,-0.125,3.9512,-0.38477,0.66921,29
752,12,-0.25,3.9824,-0.39258,0.66921,31
752,12,0,4.0234,-0.45508,0.66921,15
752,12,-0.37305,3.9531,-0.10547,1.0038,14
752,12,0,4.2715,-0.17969,-0.33461,16
752,12,0,4.291,-0.42773,-0.33461,29
752,12,0,4.3184,-0.52539,-0.33461,30
752,12,0,4.3105,-0.82227,-0.33461,16
753,16,0,3.9766,-0.76172,0,12
753,16,0,3.957,-1.0215,0,9
753,16,-0.37305,3.918,-0.53516,0.33461,13
753,16,-0.25,3.9668,-0.54102,0.33461,33
753,16,-0.12695,4,-0.61133,0.33461,42
753,16,-0.25586,4.0176,-0.70313,0.33461,31
753,16,-0.12891,4.0723,-0.63672,0.33461,18
753,16,-0.24805,3.9629,-0.14453,0.66921,17
753,16,-0.25,3.9922,-0.27539,0.66921,40
753,16,-0.25391,4.0234,-0.37695,0.66921,52
753,16,-0.25586,4.0508,-0.47656,0.66921,37
753,16,-0.25781,4.0918,-0.44336,0.66921,20
753,16,-0.375,3.9922,-0.035156,1.0038,14
753,16,-0.25391,4.0352,-0.21484,1.0038,20
753,16,-0.12695,4.0781,-0.2168,1.0038,15
753,16,0,4.2891,-0.45703,-0.33461,14
754,10,0,4.0176,-0.74609,0,13
754,10,0,4.0469,-0.79492,0,16
754,10,0,4.0625,-0.9043,0,10
754,10,-0.25586,4.0469,-0.51172,0.33461,29
754,10,-0.12891,4.0723,-0.63281,0.33461,35
754,10,-0.25977,4.0996,-0.66797,0.33461,20
754,10,-0.25586,4.0664,-0.3125,0.66921,25
754,10,-0.25781,4.0957,-0.40625,0.66921,30
754,10,-0.25977,4.125,-0.48047,0.66921,18
754,10,0,4.2715,-0.16992,-0.33461,16
755,10,0,4.0723,-0.64844,0,15
755,10,0,4.0957,-0.73828,0,16
755,10,-0.4082,4.2109,-1.0117,0,11
755,10,-0.41211,4.2656,-0.94336,0,13
755,10,-0.38281,4.0469,-0.41211,0.33461,16
755,10,-0.25781,4.0938,-0.42188,0.33461,27
755,10,-0.13086,4.1289,-0.49805,0.33461,28
755,10,-0.54883,4.2988,-0.68945,0.33461,21
755,10,-0.25781,4.0898,-0.45508,0.66921,14
755,10,0,4.1445,-0.38281,0.66921,14
756,12,-0.25781,4.0664,-0.63281,0,16
756,12,-0.25977,4.0918,-0.71875,0,24
756,12,0,4.0918,-0.94727,0,18
756,12,0,4.123,-0.98047,0,11
756,12,-0.12891,4.1152,-0.23242,0.33461,29
756,12,-0.25977,4.1309,-0.4375,0.33461,44
756,12,-0.26172,4.1426,-0.63672,0.33461,36
756,12,-0.26563,4.1172,-0.96289,0.33461,18
756,12,-0.25781,4.1133,-0.125,0.66921,15
756,12,-0.39063,4.1348,-0.25781,0.66921,22
756,12,-0.26172,4.1797,-0.31836,0.66921,19
756,12,0,4.1504,-1.1699,-0.33461,13
757,7,0,4.1973,-0.1582,0.33461,12
757,7,0,4.2227,-0.36328,0.33461,19
757,7,0,4.2754,-0.013672,0.33461,13
757,7,-3.4277,0,4.8477,0.33461,14
757,7,0,4.1543,-0.83594,-0.33461,17
757,7,0,4.2246,-0.65039,-0.33461,13
757,7,5.3145,1.1523,-0.72461,0.33461,13
758,6,0,4.1602,-0.56836,0,13
758,6,-0.26563,4.1523,-0.80078,0,13
758,6,-0.26172,4.1777,-0.34375,0.33461,23
758,6,-0.26563,4.2168,-0.33008,0.33461,20
758,6,0,4.0781,-1.2813,-0.33461,11
758,6,0,4.0957,-1.3496,-0.33461,13
788,4,-0.35742,3.7949,-0.2793,0.33461,15
788,4,-0.24023,3.8242,-0.45703,0.33461,18
788,4,-0.13281,4.2695,-0.19531,0.33461,19
788,4,0,4.2285,-0.85352,-0.33461,14
789,18,-0.23828,3.7676,-0.59375,0,14
789,18,-0.24023,3.8105,-0.55469,0,23
789,18,0,3.8398,-0.66211,0,18
789,18,0,3.875,-0.68164,0,10
789,18,0,4.1289,-0.95508,0,13
789,18,0,4.1797,-0.90039,0,16
789,18,-0.23828,3.8047,-0.25195,0.33461,26
789,18,-0.24023,3.8359,-0.35547,0.33461,44
789,18,-0.24414,3.8691,-0.39648,0.33461,34
789,18,0,3.9121,-0.41797,0.33461,17
789,18,-0.13281,4.1895,-0.61523,0.33461,34
789,18,0,4.2402,-0.54883,0.33461,42
789,18,-0.13477,4.2695,-0.59766,0.33461,26
789,18,-0.35742,3.8047,-0.039063,0.66921,17
789,18,-0.24023,3.8496,-0.10156,0.66921,28
789,18,-0.36523,3.873,-0.23047,0.66921,21
789,18,0,4.2617,-0.33398,0.66921,15
789,18,0,4.1543,-1.0137,-0.33461,16
790,3,-0.24023,3.8398,-0.30664,0.66921,14
790,3,0,4.2402,-0.54688,-0.33461,15
790,3,0,4.2734,-0.57617,-0.33461,18
791,21,-0.12305,3.9004,-0.49805,0.33461,21
791,21,-0.125,3.9219,-0.625,0.33461,25
791,21,-0.125,3.9473,-0.69336,0.33461,18
791,21,-4.9473,1.1523,-0.52539,0.33461,14
791,21,-4.9844,1.043,-0.73633,0.33461,20
791,21,-5.1836,0,-1.0957,0.33461,14
791,21,-0.36523,3.873,-0.2207,0.66921,15
791,21,-0.24609,3.9141,-0.30859,0.66921,34
791,21,-0.24805,3.9492,-0.35156,0.66921,38
791,21,-0.25,3.9844,-0.38867,0.66921,25
791,21,4.9473,1.2129,-0.36328,0.66921,12
791,21,-4.9844,1.1914,-0.45703,0.66921,18
791,21,-5.0215,1.1309,-0.61133,0.66921,12
791,21,-0.24609,3.9258,-0.046875,1.0038,17
791,21,-0.37305,3.9551,-0.019531,1.0038,18
791,21,-1.1172,1.1055,4.8594,0.33461,12
791,21,-3.0547,0,4.4375,0.33461,16
791,21,-3.0781,0,4.2891,0.33461,12
791,21,-1.2773,0,-4.9609,0.66921,11
791,21,-3.2168,0,4.4922,0.66921,14
791,21,-3.0781,0,4.4121,0.66921,10
792,5,0,4.002,-0.25586,0.66921,15
792,5,0,4.207,-0.50391,-0.33461,15
792,5,0,4.2383,-0.5625,-0.33461,26
792,5,0,4.2539,-0.71484,-0.33461,25
792,5,0,4.2773,-0.79883,-0.33461,17
793,11,-0.25391,4.0156,-0.45313,0.33461,20
793,11,-0.25586,4.0273,-0.63867,0.33461,30
793,11,-0.25781,4.0488,-0.74414,0.33461,22
793,11,-0.25391,4.0391,-0.13281,0.66921,28
793,11,-0.25586,4.0625,-0.35352,0.66921,44
793,11,-0.25781,4.084,-0.51563,0.66921,32
793,11,-0.37891,4.0293,0.097656,1.0038,13
793,11,-0.25586,4.0762,-0.14453,1.0038,20
793,11,-0.25781,4.1133,-0.16602,1.0038,15
793,11,0,4.207,-0.49805,-0.33461,18
793,11,0,4.2637,-0.30273,-0.33461,23
794,25,-0.12891,4.0273,-0.87695,0,11
794,25,0,4.0801,-0.82227,0,13
794,25,0,4.0664,-1.0508,0,10
794,25,5.2402,0.85352,-1.0352,0,11
794,25,-5.4473,0,-1.1895,0,11
794,25,-0.38281,4.0352,-0.50977,0.33461,15
794,25,-0.25781,4.0703,-0.60742,0.33461,31
794,25,-0.25977,4.1055,-0.625,0.33461,36
794,25,-0.13086,4.1367,-0.71094,0.33461,23
794,25,0,4.2285,-0.26758,0.33461,25
794,25,0,4.2695,-0.21875,0.33461,31
794,25,5.2402,0.98047,-0.91602,0.33461,20
794,25,-5.4473,0,-0.92383,0.33461,20
794,25,-0.25586,4.0762,-0.11523,0.66921,17
794,25,-0.25781,4.1074,-0.26953,0.66921,36
794,25,-0.25977,4.1387,-0.35352,0.66921,41
794,25,-0.26172,4.166,-0.46094,0.66921,26
794,25,-0.26563,4.2227,-0.25,0.66921,16
794,25,0,4.1836,-0.66992,-0.33461,28
794,25,0,4.252,-0.44336,-0.33461,34
794,25,0,4.2969,-0.37891,-0.33461,15
794,25,-1.0137,2.9434,4.4238,0,11
794,25,-3.5762,0.98242,3.9922,0,10
794,25,-3.5508,0,4.084,0.33461,20
794,25,-3.5762,0.31445,4.0996,0.33461,19
795,27,-0.13086,4.1035,-0.68555,0,23
795,27,-0.26172,4.123,-0.75195,0,35
795,27,0,4.1406,-0.9043,0,26
795,27,0,4.1621,-0.97852,0,10
795,27,-0.27148,4.2617,-0.83594,0,12
795,27,-0.27344,4.2598,-1.0234,0,15
795,27,0,4.3008,-1.0469,0,11
795,27,-0.85156,4.168,3.4023,0,10
795,27,-0.25977,4.1406,-0.32813,0.33461,44
795,27,-0.13086,4.1758,-0.41797,0.33461,70
795,27,-0.13281,4.2012,-0.53125,0.33461,57
795,27,0,4.2148,-0.71094,0.33461,22
795,27,-0.27148,4.3008,-0.59766,0.33461,17
795,27,-0.27344,4.3242,-0.69922,0.33461,24
795,27,-0.13867,4.3438,-0.84375,0.33461,20
795,27,-3.5508,0,4.4844,0.33461,15
795,27,-5.4473,0,-0.45703,0.33461,22
795,27,-3.5996,0,4.4473,0.33461,18
795,27,-0.25977,4.1543,-0.033203,0.66921,30
795,27,-0.26172,4.1895,-0.13672,0.66921,46
795,27,-0.13281,4.2305,-0.18945,0.66921,35
795,27,0,4.0625,-1.0625,-0.33461,13
795,27,0,4.0996,-1.0703,-0.33461,20
795,27,5.2773,1.1348,-0.73438,0,9
795,27,-5.4102,0,-0.41797,0.33461,14
795,27,-3.5762,0,4.4063,0.33461,22
795,27,5.3145,1.2598,-0.51367,0.33461,17
796,13,-0.13086,4.1641,-0.53711,0,17
796,13,-0.26563,4.1895,-0.57227,0,22
796,13,-0.26758,4.2324,-0.53516,0,13
796,13,-0.41211,4.2617,-0.96289,0,10
796,13,-0.39453,4.1719,-0.26758,0.33461,27
796,13,-0.26563,4.2207,-0.27539,0.33461,44
796,13,-0.26758,4.25,-0.37305,0.33461,41
796,13,0,4.2656,-0.63672,0.33461,24
796,13,-0.27344,4.3438,-0.5625,0.33461,20
796,13,-0.27734,4.373,-0.62305,0.33461,20
796,13,-0.26563,4.2285,-0.099609,0.66921,20
796,13,0,4.1387,-1.0742,-0.33461,19
796,13,0,4.1699,-1.1055,-0.33461,18
797,4,-0.13281,4.2148,-0.70508,0,13
797,4,-0.13477,4.1934,-1.002,0,10
797,4,0,4.207,-0.76172,-0.33461,22
797,4,0,4.2305,-0.84375,-0.33461,21
826,11,-0.23633,3.7598,-0.3457,0,16
826,11,-0.11914,3.793,-0.45313,0,22
826,11,-0.12109,3.8086,-0.60547,0,17
826,11,-0.23633,3.7715,-0.18945,0.33461,28
826,11,-0.23828,3.8008,-0.30469,0.33461,40
826,11,-0.24023,3.8281,-0.41797,0.33461,30
826,11,-0.35547,3.7598,-0.22852,0.66921,15
826,11,-0.23828,3.8125,-0.080078,0.66921,22
826,11,-0.24023,3.8301,-0.40234,0.66921,17
826,11,0,4.2441,-0.50977,-0.33461,13
826,11,0,4.291,-0.43555,-0.33461,16
827,16,-0.35742,3.7578,-0.5957,0,10
827,16,0,3.7988,-0.67773,0,16
827,16,0,3.8398,-0.66602,0,15
827,16,-0.23828,3.7988,-0.32617,0.33461,22
827,16,-0.24023,3.834,-0.36914,0.33461,34
827,16,-0.24414,3.8477,-0.57227,0.33461,31
827,16,0,3.8691,-0.71484,0.33461,16
827,16,-0.13281,4.2598,-0.33203,0.33461,18
827,16,0,4.3086,-0.20313,0.33461,19
827,16,0,4.3379,-0.33594,0.33461,14
827,16,-0.23828,3.8125,-0.085938,0.66921,19
827,16,-0.24023,3.8496,-0.11914,0.66921,28
827,16,-0.24414,3.8711,-0.37109,0.66921,23
827,16,0,4.2305,-0.61719,-0.33461,19
827,16,0,4.2617,-0.66016,-0.33461,23
827,16,0,4.3164,-0.54688,-0.33461,16
828,12,-0.12109,3.8496,-0.5918,0.33461,16
828,12,-0.12305,3.8828,-0.62695,0.33461,24
828,12,0,3.9316,-0.56641,0.33461,19
828,12,0,4.2754,0,0.33461,19
828,12,0,4.3125,-0.074219,0.33461,22
828,12,-0.24414,3.8691,-0.38672,0.66921,22
828,12,-0.24609,3.9102,-0.37109,0.66921,31
828,12,-0.24805,3.9336,-0.49609,0.66921,25
828,12,0,4.2324,-0.60742,-0.33461,26
828,12,0,4.2676,-0.62891,-0.33461,29
828,12,0,4.3164,-0.54688,-0.33461,22
828,12,0,4.3711,-0.40234,-0.33461,15
829,7,-0.24805,3.918,-0.60938,0.33461,14
829,7,-0.24609,3.9238,-0.15234,0.66921,16
829,7,-0.24805,3.9434,-0.4043,0.66921,25
829,7,-0.25,3.9629,-0.55859,0.66921,20
829,7,0,4.2383,-0.56055,-0.33461,16
829,7,0,4.3086,-0.60547,-0.33461,17
829,7,0,4.3379,-0.67188,-0.33461,16
830,22,-4.7891,7.0234,0.45508,0,12
830,22,-4.543,7.2324,0.42578,0,15
830,22,-0.25391,4.0078,-0.50586,0.33461,12
830,22,-0.25586,4,-0.79102,0.33461,11
830,22,0,4.2168,-0.4082,0.33461,27
830,22,0,4.2578,-0.39648,0.33461,21
830,22,0,4.332,-0.41406,0.33461,14
830,22,-0.25,3.998,-0.17969,0.66921,23
830,22,-0.25391,4.0195,-0.41602,0.66921,45
830,22,-0.25586,4.0332,-0.59766,0.66921,41
830,22,-0.25781,4.0449,-0.75781,0.66921,16
830,22,-0.375,3.9922,-0.046875,1.0038,19
830,22,-0.25391,4.0352,-0.20703,1.0038,38
830,22,-0.25586,4.0586,-0.39258,1.0038,35
830,22,-0.25781,4.0898,-0.46289,1.0038,14
830,22,-4.8105,7.0371,-0.67188,-0.66921,13
830,22,0,4.1719,-0.73828,-0.33461,27
830,22,0,4.2188,-0.6875,-0.33461,28
830,22,0,4.2949,-0.69531,-0.33461,15
830,22,-4.5215,7.2109,0.070313,-0.33461,23
830,22,-4.543,7.2383,-0.29297,-0.33461,26
830,22,-4.8301,7.0859,-0.45117,-0.33461,13
831,13,0,4.2246,-0.87109,0,12
831,13,-0.27148,4.2227,-1.0137,0,16
831,13,0,4.2656,-1.0313,0,12
831,13,-0.25781,4.041,-0.78125,0.33461,19
831,13,0,4.0625,-0.9043,0.33461,16
831,13,-0.27148,4.3164,-0.47461,0.33461,27
831,13,-0.13672,4.3613,-0.47461,0.33461,22
831,13,-0.25781,4.0918,-0.43555,0.66921,25
831,13,-0.25977,4.1152,-0.5625,0.66921,22
831,13,-0.27148,4.3359,-0.24023,0.66921,18
831,13,0,4.0996,-1.0684,-0.33461,17
831,13,0,4.1641,-0.96484,-0.33461,21
831,13,0,4.2266,-0.86328,-0.33461,20
832,5,0,4.1563,-0.5957,0,11
832,5,-0.26563,4.1543,-0.79688,0,11
832,5,0,4.1426,-0.89453,-0.33461,23
832,5,0,4.1563,-1.0039,-0.33461,26
832,5,0,4.1504,-1.1699,-0.33461,15
833,8,-0.13086,4.1641,-0.53125,0,15
833,8,-0.26563,4.1895,-0.58398,0,20
833,8,0,4.1992,-0.80078,0,12
833,8,-0.26172,4.1738,-0.38281,0.33461,28
833,8,-0.26563,4.2129,-0.37695,0.33461,37
833,8,-0.13281,4.2305,-0.59766,0.33461,22
833,8,-0.39453,4.1758,-0.19141,0.66921,14
833,8,-0.26563,4.2227,-0.23047,0.66921,19
834,4,0,4.1738,-0.72852,0,13
834,4,0,4.1875,-0.86133,0,14
834,4,-0.26563,4.1855,-0.59961,0.33461,26
834,4,-0.13281,4.2227,-0.66016,0.33461,25
835,1,0,4.2109,-0.73633,-0.33461,11
863,64,0.44531,3.5078,-0.375,0,14
863,64,0.5625,3.5234,-0.43945,0,18
863,64,0.33984,3.6152,0.085938,0,19
863,64,0.34375,3.6465,0.22461,0,16
863,64,-4.5938,1.9512,-0.88672,0,11
863,64,-4.4688,2.2754,-0.9668,0,21
863,64,-4.6621,1.7949,-1.2285,0,14
863,64,0.44531,3.4824,-0.56641,-1.673,28
863,64,0.44922,3.5059,-0.6543,-1.673,71
863,64,0.45313,3.5391,-0.67969,-1.673,73
863,64,0.57422,3.5508,-0.72852,-1.673,39
863,64,0.46289,3.5371,-1.0098,-1.673,38
863,64,0.35156,3.5391,-1.1758,-1.673,36
863,64,0.66016,3.3965,-0.64453,-1.3384,14
863,64,0.33398,3.375,-1.0703,-1.3384,57
863,64,0.44922,3.5078,-0.64648,-1.3384,179
863,64,0.56836,3.5469,-0.53711,-1.3384,239
863,64,0.57422,3.584,-0.54688,-1.3384,180
863,64,0.58008,3.5898,-0.72266,-1.3384,127
863,64,0.46875,3.6094,-0.88281,-1.3384,95
863,64,0.47266,3.6504,-0.87305,-1.3384,50
863,64,3.9434,0,4.8828,-1.3384,71
863,64,4.1426,0,4.9824,-1.3384,79
863,64,4.1719,0,5.2656,-1.3384,40
863,64,0.54883,3.4199,-0.61328,-1.0038,38
863,64,0.55664,3.4023,-0.87695,-1.0038,121
863,64,0.5625,3.4453,-0.85547,-1.0038,234
863,64,0.56836,3.543,-0.56836,-1.0038,298
863,64,0.57422,3.5996,-0.41992,-1.0038,233
863,64,0.58008,3.6309,-0.47266,-1.0038,139
863,64,0.46875,3.666,-0.60938,-1.0038,89
863,64,0.5918,3.6719,-0.69727,-1.0038,55
863,64,4.1152,0,5.1484,-1.0038,91
863,64,4.1426,0,5.2539,-1.0038,106
863,64,0.54883,3.4297,-0.55664,-0.66921,36
863,64,0.55664,3.4277,-0.76758,-0.66921,116
863,64,0.67383,3.4219,-0.86523,-0.66921,177
863,64,0.56836,3.5137,-0.72266,-0.66921,162
863,64,0.6875,3.582,-0.4082,-0.66921,96
863,64,0.58008,3.6602,-0.13086,-0.66921,43
863,64,0.46875,3.709,-0.23633,-0.66921,27
863,64,-4.5938,1.9219,-0.94727,-0.66921,42
863,64,-4.3086,2.5625,-0.9707,-0.66921,79
863,64,-4.502,2.3105,-0.92969,-0.66921,76
863,64,-4.5352,2.459,-0.50391,-0.66921,41
863,64,0.55664,3.4297,-0.75977,-0.33461,33
863,64,0.5625,3.4395,-0.87891,-0.33461,47
863,64,0.56836,3.4805,-0.86719,-0.33461,32
863,64,0.45898,3.5215,-0.92578,-0.33461,11
863,64,0.39063,3.6328,-1.9922,-0.33461,18
863,64,0.39453,3.6719,-2,-0.33461,19
863,64,-4.5938,2.0156,-0.73047,-0.33461,33
863,64,-4.3086,2.5801,-0.92578,-0.33461,64
863,64,-4.3418,2.6211,-0.86719,-0.33461,54
863,64,-4.5352,2.4883,-0.32227,-0.33461,20
863,64,0.79297,4.916,-0.95117,0,10
863,64,0.79883,4.9238,-1.0996,0,15
863,64,0.96484,4.6992,-1.8613,0,10
863,64,-4.8008,2.5059,-0.87891,-1.3384,38
863,64,-4.834,2.5215,-0.88867,-1.3384,42
863,64,-4.8672,2.6445,-0.50195,-1.3384,22
863,64,-4.8008,2.5645,-0.69141,-1.0038,52
863,64,-4.834,2.6055,-0.59961,-1.0038,60
863,64,0.95117,4.7813,-1.3906,-0.66921,22
864,58,0.43555,3.4082,0.5625,0,15
864,58,0.43945,3.4258,0.67578,0,14
864,58,0.44531,3.4648,0.66602,0,8
864,58,0.43945,3.3145,-1.0977,-2.3422,13
864,58,0.44531,3.3281,-1.1699,-2.3422,26
864,58,0.44922,3.3438,-1.2422,-2.3422,24
864,58,0.43555,3.334,-0.89844,-2.0076,24
864,58,0.43945,3.3828,-0.86133,-2.0076,49
864,58,0.44531,3.4004,-0.93945,-2.0076,68
864,58,0.44922,3.3945,-1.0918,-2.0076,64
864,58,0.45313,3.4023,-1.1855,-2.0076,34
864,58,0.53711,3.2637,-0.95313,-1.673,19
864,58,0.54297,3.3262,-0.87109,-1.673,67
864,58,0.54883,3.3594,-0.89258,-1.673,96
864,58,0.44531,3.3945,-0.96094,-1.673,68
864,58,0.44922,3.4551,-0.88477,-1.673,59
864,58,0.56836,3.4961,-0.80078,-1.673,42
864,58,0.53125,3.3574,-0.20898,-1.3384,16
864,58,0.64648,3.3438,-0.50195,-1.3384,93
864,58,0.65234,3.3691,-0.57813,-1.3384,221
864,58,0.66016,3.3984,-0.63086,-1.3384,245
864,58,0.66602,3.4258,-0.68555,-1.3384,134
864,58,0.78711,3.3457,-1.0547,-1.3384,28
864,58,0.68164,3.5547,-0.30664,-1.3384,35
864,58,-4.4023,1.8086,-1.6328,-1.3384,26
864,58,-4.4355,1.9863,-1.4414,-1.3384,23
864,58,4.0293,0,4.5605,-1.3384,45
864,58,4.0586,0,4.7715,-1.3384,59
864,58,4.0859,0,4.998,-1.3384,50
864,58,0.63867,3.3438,-0.017578,-1.0038,24
864,58,0.64648,3.373,-0.25391,-1.0038,132
864,58,0.65234,3.4023,-0.33594,-1.0038,294
864,58,0.66016,3.4355,-0.37891,-1.0038,313
864,58,0.66602,3.4727,-0.38672,-1.0038,176
864,58,0.67383,3.5039,-0.4375,-1.0038,48
864,58,-4.2461,2.4004,-1.2383,-1.0038,73
864,58,-4.4355,2.1445,-1.1934,-1.0038,60
864,58,-4.6289,1.7734,-1.2324,-1.0038,31
864,58,4.0586,0,5.0742,-1.0038,75
864,58,0.64648,3.3809,0.0039063,-0.66921,59
864,58,0.65234,3.418,-0.10156,-0.66921,130
864,58,0.66016,3.4531,-0.13672,-0.66921,132
864,58,0.66602,3.4922,-0.091797,-0.66921,71
864,58,0.5625,3.5488,0.054688,-0.66921,22
864,58,-4.3691,2.3379,-0.61719,-0.66921,42
864,58,-4.2461,2.6074,-0.70703,-0.66921,78
864,58,-4.2773,2.6348,-0.67969,-0.66921,69
864,58,-4.4688,2.2246,-1.0801,-0.66921,35
864,58,-4.4023,2.4355,-0.0625,-0.33461,25
864,58,-4.4355,2.4551,0,-0.33461,25
864,58,0.94336,4.793,-1.209,-1.3384,22
864,58,0.95117,4.8789,-1.002,-1.3384,19
864,58,-4.7676,2.4844,-0.88281,-1.3384,27
864,58,1.1016,4.8066,-1.0039,-1.0038,44
864,58,0.95117,4.9102,-0.83594,-1.0038,34
864,58,0.95703,4.8984,-1.0879,-1.0038,16
864,58,1.0918,4.6543,-1.4414,-0.66921,23
864,58,0.94336,4.6074,-1.791,-0.33461,14
865,64,0.41602,3.2441,0.62305,0,13
865,64,0.52539,3.2949,0.44922,0,29
865,64,0.63867,3.3184,0.41797,0,35
865,64,0.53711,3.3828,0.34961,0,24
865,64,0.65234,3.418,0.099609,0,17
865,64,0.31641,3.2813,0.68164,0.33461,12
865,64,0.63867,3.293,0.5918,0.33461,14
865,64,0.41211,3.1074,-1.0039,-2.3422,19
865,64,0.51953,3.0996,-1.0996,-2.3422,38
865,64,0.63086,3.0957,-1.166,-2.3422,42
865,64,0.63867,3.125,-1.1934,-2.3422,24
865,64,0.62695,3.2305,-2.291,-2.3422,18
865,64,3.668,0.69727,3.8105,-2.3422,12
865,64,3.6934,1.5938,3.5605,-2.3422,17
865,64,0.41211,3.1387,-0.90039,-2.0076,43
865,64,0.51953,3.1621,-0.90039,-2.0076,121
865,64,0.52539,3.1934,-0.92969,-2.0076,145
865,64,0.53125,3.2227,-0.96484,-2.0076,80
865,64,0.64648,3.1895,-1.123,-2.0076,19
865,64,3.668,0,3.8906,-2.0076,30
865,64,3.6934,0.32617,3.8887,-2.0076,43
865,64,3.7188,1.3359,3.6953,-2.0076,29
865,64,0.41211,3.1953,-0.66992,-1.673,52
865,64,0.51953,3.209,-0.7168,-1.673,154
865,64,0.52539,3.248,-0.71875,-1.673,183
865,64,0.63867,3.2539,-0.76953,-1.673,96
865,64,0.64648,3.3203,-0.64063,-1.673,30
865,64,0.65234,3.3672,-0.5918,-1.673,15
865,64,0.77734,3.1621,-1.4277,-1.673,19
865,64,4.168,0,3.7383,-1.673,50
865,64,4.0293,0,3.8379,-1.673,68
865,64,4.0586,0,3.875,-1.673,44
865,64,0.41211,3.2441,-0.37695,-1.3384,41
865,64,0.51953,3.2617,-0.42188,-1.3384,154
865,64,0.52539,3.2969,-0.43359,-1.3384,214
865,64,0.53125,3.3105,-0.58789,-1.3384,156
865,64,0.75391,3.1953,-1.0371,-1.3384,128
865,64,0.76172,3.166,-1.2305,-1.3384,49
865,64,0.76953,3.3438,-0.7793,-1.3384,37
865,64,0.77734,3.2871,-1.1133,-1.3384,58
865,64,0.78711,3.2656,-1.2793,-1.3384,30
865,64,-4.3027,1.9219,-1.4063,-1.3384,18
865,64,4.3027,0,4.0566,-1.3384,50
865,64,4.334,0,3.3887,-1.3384,63
865,64,4.3652,0,3.4082,-1.3384,66
865,64,4.0586,0,3.9609,-1.3384,42
865,64,0.51367,3.25,-0.09375,-1.0038,18
865,64,0.41602,3.2969,-0.2207,-1.0038,75
865,64,0.21094,3.3594,0.087891,-1.0038,79
865,64,0.74414,3.2422,-0.72461,-1.0038,213
865,64,0.75391,3.2695,-0.77344,-1.0038,266
865,64,0.76172,3.2129,-1.1016,-1.0038,112
865,64,0.77734,3.3789,-0.78906,-1.0038,52
865,64,0.625,3.25,-0.37109,-0.66921,44
865,64,0.73633,3.2773,-0.22461,-0.66921,87
865,64,0.74414,3.3125,-0.24609,-0.66921,185
865,64,0.75391,3.3359,-0.39844,-0.66921,199
865,64,0.76172,3.3438,-0.5957,-0.66921,94
865,64,-4.1816,2.6152,-0.49219,-0.66921,39
865,64,0.52539,3.3047,-0.37695,-0.33461,21
865,64,0.53125,3.334,-0.44336,-0.33461,28
865,64,0.64648,3.3613,-0.36328,-0.33461,25
865,64,0.79297,4.9922,-0.38281,-0.33461,32
865,64,0.79883,5.0234,-0.45703,-0.33461,22
866,61,0.51367,3.2227,-0.42969,0,11
866,61,0.625,3.2656,-0.18359,0,23
866,61,0.63086,3.2715,0.48438,0,16
866,61,0.75391,3.3418,-0.3457,0,18
866,61,0.76172,3.3848,-0.2832,0,12
866,61,0.58203,2.9648,-0.70313,-2.0076,18
866,61,0.58789,2.9707,-0.83203,-2.0076,28
866,61,0.69531,2.9375,-0.99609,-2.0076,24
866,61,0.48438,3.0078,-0.58203,-1.673,14
866,61,0.49023,3.0273,-0.67578,-1.673,25
866,61,0.5957,3.0195,-0.78906,-1.673,25
866,61,0.60352,3.002,-0.98242,-1.673,15
866,61,0.73633,3.1016,-1.0879,-1.673,35
866,61,0.85156,3.0879,-1.1563,-1.673,64
866,61,0.96875,3.0469,-1.2773,-1.673,75
866,61,0.97852,3.0781,-1.2988,-1.673,43
866,61,4.0488,0,3.5332,-1.673,32
866,61,4.2422,0,3.5352,-1.673,42
866,61,4.1094,0,3.5684,-1.673,23
866,61,0.60352,3.1523,-0.19141,-1.3384,26
866,61,0.71094,3.166,-0.24609,-1.3384,75
866,61,0.7207,3.1934,-0.33984,-1.3384,126
866,61,0.72852,3.1934,-0.5957,-1.3384,129
866,61,0.73633,3.1074,-1.0645,-1.3384,72
866,61,4.0488,0,4.3105,-1.3384,33
866,61,3.916,0,4.5332,-1.3384,42
866,61,3.7793,0,4.6543,-1.3384,29
866,61,0.70313,3.1387,-0.035156,-1.0038,45
866,61,0.71094,3.1738,0.025391,-1.0038,136
866,61,0.7207,3.2109,0.017578,-1.0038,191
866,61,0.72852,3.2441,-0.18359,-1.0038,149
866,61,0.8418,2.6367,-1.918,-1.0038,39
866,61,0.74414,3.3203,0.13672,-1.0038,86
866,61,0.86133,3.293,-0.51953,-1.0038,111
866,61,0.87109,3.2598,-0.85352,-1.0038,69
866,61,4.3418,0,4.3242,-1.0038,42
866,61,4.2109,0,4.5762,-1.0038,73
866,61,4.0781,0,4.9707,-1.0038,66
866,61,0.60352,3.1484,0.24805,-0.66921,27
866,61,0.71094,3.1621,0.29102,-0.66921,77
866,61,0.7207,3.1953,0.33008,-0.66921,90
866,61,0.72852,3.2461,0.125,-0.66921,46
866,61,0.8418,3.1543,0.82422,-0.66921,33
866,61,0.74414,3.3164,0.21094,-0.66921,70
866,61,0.75391,3.3438,-0.31445,-0.66921,71
866,61,0.87109,3.2949,-0.70508,-0.66921,43
866,61,-3.9316,3.1406,0.035156,-0.66921,30
866,61,-4.0195,2.9551,-1.2559,-0.66921,37
866,61,0.63867,3.3262,-0.35352,-0.33461,15
866,61,-3.8711,2.5195,-1.7949,-0.33461,26
866,61,-3.9023,3.0391,0.69531,-0.33461,32
866,61,-3.9316,3.1035,0.48242,-0.33461,32
866,61,-4.1191,2.9355,0.34375,-0.33461,20
866,61,-0.42188,2.9551,1.5586,-1.0038,24
866,61,-4.1797,2.668,-1.373,-1.0038,34
866,61,-4.2109,2.9063,-0.82813,-1.0038,39
866,61,0.94336,4.8223,-1.0859,-0.66921,22
866,61,4.3418,0,4.3066,-0.66921,35
866,61,0.78125,4.4922,-2.0391,-0.33461,18
866,61,0.94336,4.9063,-0.5957,-0.33461,23
866,61,0.79297,4.9902,-0.42188,-0.33461,15
867,60,0.69531,3.1016,0.027344,0,44
867,60,0.80469,3.1133,-0.089844,0,96
867,60,0.71094,3.1719,-0.13867,0,98
867,60,0.7207,3.209,-0.15039,0,50
867,60,0.72852,3.248,0.054688,0,18
867,60,-3.8418,3.0332,-0.4707,0,18
867,60,-3.8711,3.0547,-0.49414,0,20
867,60,-3.9023,3.1172,0.074219,0,14
867,60,0.65234,4.6309,5.1563,0,18
867,60,0.69531,3.0879,0.28906,0.33461,16
867,60,0.70313,3.1348,0.14063,0.33461,36
867,60,0.71094,3.1738,0.052734,0.33461,37
867,60,0.7207,3.2109,0.056641,0.33461,19
867,60,-2.5957,3.3496,5.4746,0.33461,33
867,60,-2.3926,3.8262,5.3008,0.33461,37
867,60,0.72852,2.7031,-0.80273,-1.673,16
867,60,0.63672,2.7695,-0.63672,-1.3384,12
867,60,0.6543,2.8652,-0.54688,-1.3384,19
867,60,0.66211,2.8945,-0.58984,-1.3384,21
867,60,0.78516,2.9863,-0.57227,-1.3384,28
867,60,0.79492,2.9766,-0.7832,-1.3384,122
867,60,0.80469,2.9766,-0.91406,-1.3384,249
867,60,0.8125,2.9805,-1.0215,-1.3384,233
867,60,0.82227,2.9824,-1.125,-1.3384,92
867,60,4.1191,0,4.1758,-1.3384,29
867,60,4.1504,0,3.791,-1.3384,54
867,60,4.3418,0,3.7148,-1.3384,59
867,60,4.373,0,3.5977,-1.3384,46
867,60,0.78516,3.0215,-0.33594,-1.0038,67
867,60,0.79492,3.0215,-0.58398,-1.0038,335
867,60,0.80469,3.0332,-0.70313,-1.0038,712
867,60,0.8125,3.0488,-0.79297,-1.0038,680
867,60,0.82227,3.0723,-0.85156,-1.0038,300
867,60,0.83203,3.2031,-0.37109,-1.0038,79
867,60,4.1191,0,4.2676,-1.0038,58
867,60,4.1504,0,4.1543,-1.0038,105
867,60,4.3418,0,4.0918,-1.0038,106
867,60,4.373,0,4.0957,-1.0038,74
867,60,0.6875,3.0625,-0.10352,-0.66921,49
867,60,0.79492,3.0527,-0.38477,-0.66921,267
867,60,0.80469,3.0742,-0.49805,-0.66921,576
867,60,0.8125,3.0977,-0.57813,-0.66921,572
867,60,0.82227,3.125,-0.62109,-0.66921,266
867,60,0.83203,3.2129,-0.26172,-0.66921,80
867,60,0.69531,3.0977,-0.16406,-0.33461,27
867,60,0.80469,3.1016,-0.2832,-0.33461,62
867,60,0.8125,3.1289,-0.35938,-0.33461,63
867,60,0.7207,3.1934,-0.34766,-0.33461,30
867,60,-3.8418,2.9844,-0.7168,-0.33461,34
867,60,-3.8711,3.0352,-0.5957,-0.33461,37
867,60,-3.9023,3.1133,-0.15234,-0.33461,27
867,60,-3.9316,3.0977,-0.51563,-0.33461,28
867,60,0.61914,4.8906,-0.50781,0,11
867,60,0.625,4.9531,0.14453,0,8
867,60,-5.0039,4.4258,-1.959,0,17
867,60,0.86523,3.5039,5.9082,0.33461,31
867,60,0.65234,4.1289,5.5664,0.33461,36
867,60,4.1504,0,3.9238,-0.33461,18
867,60,0.77344,4.832,-0.7793,-0.33461,21
867,60,0.78125,4.9258,-0.27539,-0.33461,18
868,64,0.70898,2.7266,-0.33398,0,10
868,64,-3.7832,2.998,-0.39258,0,19
868,64,-3.8125,2.9707,-0.67383,0,40
868,64,-3.8418,2.9922,-0.68555,0,37
868,64,0.88281,2.834,-1.0254,-1.673,23
868,64,0.99219,2.793,-1.1465,-1.673,20
868,64,1.1055,2.7109,-1.3301,-1.673,27
868,64,1.0176,2.7813,-1.3477,-1.673,28
868,64,0.78711,2.5371,-0.88672,-1.3384,19
868,64,0.79883,2.5664,-0.91016,-1.3384,20
868,64,0.86133,2.873,-0.62891,-1.3384,86
868,64,0.96875,2.8574,-0.72266,-1.3384,270
868,64,0.88281,2.9199,-0.74219,-1.3384,382
868,64,0.99219,2.9121,-0.79297,-1.3384,261
868,64,1.0059,2.9102,-0.92773,-1.3384,144
868,64,1.0176,2.9219,-1.0078,-1.3384,118
868,64,1.0293,2.9805,-0.94727,-1.3384,69
868,64,1.041,3.0625,-0.79102,-1.3384,29
868,64,4.3359,1.8848,1.4863,-1.3384,19
868,64,4.3691,2.2031,0.99414,-1.3384,32
868,64,4.4023,2.3477,0.64844,-1.3384,23
868,64,0.69141,2.582,-0.69727,-1.0038,23
868,64,0.78711,2.5742,-0.76953,-1.0038,56
868,64,0.79883,2.6035,-0.79883,-1.0038,62
868,64,0.80859,2.6289,-0.83984,-1.0038,37
868,64,0.72852,2.6992,-0.82227,-1.0038,14
868,64,0.86133,2.9043,-0.46484,-1.0038,153
868,64,0.87305,2.9336,-0.50781,-1.0038,491
868,64,0.88281,2.9668,-0.53125,-1.0038,674
868,64,0.99219,2.9668,-0.55273,-1.0038,448
868,64,1.0059,2.9961,-0.5957,-1.0038,204
868,64,1.0176,3.0195,-0.66211,-1.0038,135
868,64,1.0293,3.0664,-0.61523,-1.0038,78
868,64,4.3359,0,2.4219,-1.0038,28
868,64,4.3691,1.5527,1.8535,-1.0038,46
868,64,4.4023,1.252,2.0898,-1.0038,37
868,64,0.77734,2.582,-0.59961,-0.66921,19
868,64,0.69922,2.6484,-0.57422,-0.66921,45
868,64,0.79883,2.6523,-0.62109,-0.66921,52
868,64,0.80859,2.6816,-0.65234,-0.66921,31
868,64,0.76563,2.9531,-0.28711,-0.66921,82
868,64,0.87305,2.9609,-0.3125,-0.66921,266
868,64,0.78516,3.0254,-0.30078,-0.66921,353
868,64,0.89453,3.0352,-0.29883,-0.66921,236
868,64,0.9043,3.0781,-0.21094,-0.66921,99
868,64,1.0176,3.082,-0.22266,-0.66921,54
868,64,-3.6602,2.9805,-1.2422,-0.66921,66
868,64,-3.6895,2.9629,-1.3418,-0.66921,60
868,64,-3.7832,2.9258,-0.76172,-0.33461,39
868,64,-3.8125,2.9141,-0.88672,-0.33461,83
868,64,-3.6895,3.1016,-0.98047,-0.33461,77
868,64,0.45313,4.6855,-1.1348,0,12
868,64,4.1172,0,4.2754,0,24
868,64,4.1504,0,4.3574,0,24
868,64,1.7031,2.0352,4.1855,-1.3384,14
868,64,1.7168,2.7539,3.7969,-1.3384,25
868,64,1.7305,3.3457,3.3359,-1.3384,16
868,64,1.8594,2.123,4.0742,-1.0038,22
868,64,1.7168,2.127,4.1797,-1.0038,39
868,64,1.5723,2.668,3.9668,-1.0038,27
868,64,0.98047,2.9648,-0.33008,-0.66921,352
868,64,4.2695,0,3.6172,-0.66921,46
868,64,4.1504,0,3.6777,-0.66921,44
868,64,0.45313,4.668,-1.207,-0.33461,24
869,47,0.69141,2.6211,-0.5332,0,11
869,47,0.78711,2.6133,-0.62695,0,10
869,47,0.75586,2.9297,-0.039063,0,30
869,47,0.76563,2.9668,0.066406,0,29
869,47,0.87305,2.959,0.32031,0,19
869,47,4.2695,0,3.0938,-1.673,26
869,47,4.3027,0,3.248,-1.673,31
869,47,4.3359,0,3.416,-1.673,23
869,47,0.83008,2.7676,-0.60156,-1.3384,25
869,47,0.93359,2.7344,-0.76563,-1.3384,63
869,47,0.85156,2.7422,-0.95703,-1.3384,59
869,47,0.86133,2.9277,-0.28125,-1.3384,56
869,47,0.96875,2.8613,-0.70703,-1.3384,122
869,47,0.98047,2.8457,-0.89648,-1.3384,94
869,47,4.2383,0,3.543,-1.3384,49
869,47,4.2695,0,3.4883,-1.3384,107
869,47,4.457,0,3.4707,-1.3384,118
869,47,4.4922,0,3.6582,-1.3384,80
869,47,4.2129,0,4.1602,-1.3384,36
869,47,0.92188,2.7793,-0.36719,-1.0038,58
869,47,0.93359,2.7852,-0.55273,-1.0038,152
869,47,0.85156,2.8457,-0.58398,-1.0038,173
869,47,0.86133,2.9355,-0.16602,-1.0038,163
869,47,0.96875,2.916,-0.42969,-1.0038,229
869,47,0.98047,2.9102,-0.6543,-1.0038,149
869,47,4.2383,0,3.8652,-1.0038,53
869,47,4.2695,0,3.8379,-1.0038,109
869,47,4.3027,0,3.9238,-1.0038,122
869,47,4.3359,0,4.1543,-1.0038,78
869,47,0.83008,2.8203,-0.24609,-0.66921,41
869,47,0.83984,2.8438,-0.37891,-0.66921,108
869,47,0.85156,2.875,-0.41797,-0.66921,141
869,47,0.86133,2.9395,-0.080078,-0.66921,131
869,47,0.96875,2.9395,-0.2207,-0.66921,145
869,47,0.98047,2.9473,-0.45703,-0.66921,78
869,47,0.68164,2.543,-0.69922,-0.33461,11
869,47,0.69141,2.5801,-0.70313,-0.33461,19
869,47,0.69922,2.6387,-0.625,-0.33461,18
869,47,0.70898,2.6836,-0.58984,-0.33461,14
869,47,1.8301,3.1973,3.2012,-1.3384,54
869,47,1.8438,3.2168,3.2305,-1.3384,64
869,47,1.7031,3.0879,3.4824,-1.3384,43
869,47,1.7168,3.418,3.2109,-1.3384,19
869,47,1.8164,2.8184,3.4941,-1.0038,27
869,47,1.8301,2.8887,3.4824,-1.0038,62
869,47,1.6914,2.75,3.7109,-1.0038,75
869,47,1.7031,3.002,3.5566,-1.0038,51
