Frame #,# Obj,X,Y,Z,Doppler,Intensity
6128,2,0.25,7.9688,-0.41211,-0.33461,9
6128,2,-2.4941,1.8828,7.3457,-0.33461,5
6138,3,0.74805,7.9453,0.17773,0.33461,17
6138,3,0.75195,7.9824,-0.21875,0.33461,15
6138,3,0.49805,7.9258,-0.8125,-0.33461,16
6148,4,0.49805,7.9668,-0.0039063,0.33461,31
6148,4,0.50195,8.0039,0.12109,0.33461,26
6148,4,0.74805,7.8906,-0.95508,-0.33461,31
6148,4,0.75195,7.9316,-0.93359,-0.33461,27
6149,2,0.49805,7.9668,0.10742,0.33461,14
6149,2,0.49805,7.8887,-1.1152,-0.33461,15
6162,1,0.49805,7.9668,0.10156,0.33461,13
6181,2,0.49805,7.9609,0.32422,0.33461,13
6181,2,0.49805,7.9473,-0.56641,-0.33461,14
6183,1,0.49805,7.9355,-0.70313,-0.33461,14
6210,1,0.49805,7.9648,0.17969,0.33461,13
6211,5,0.49805,7.9629,0.27148,0.33461,18
6211,5,0.50195,8.0039,0.083984,0.33461,15
6211,5,0.74805,7.9023,-0.83984,-0.33461,18
6211,5,0.50195,7.9629,-0.82617,-0.33461,15
6211,5,-2.2559,2.2207,7.3691,-0.33461,8
6224,1,0.49805,7.9219,-0.84766,-0.33461,12
6235,2,0.25,7.9727,0.30469,0.33461,13
6235,2,0.74805,7.918,-0.68945,-0.33461,15
6244,2,0.25,7.9785,0.048828,0.33461,16
6244,2,0.49805,7.9512,-0.51367,-0.33461,16
111,4,0.32617,3.3301,-0.96094,0,9
111,4,0.43555,3.3418,-0.87109,-0.33461,19
111,4,0.43945,3.3906,-0.83008,-0.33461,16
111,4,0.33398,3.4785,-0.66016,-0.33461,18
112,1,0.32617,3.3574,-0.85938,-0.33461,12
114,6,0,3.3613,-0.19922,0,11
114,6,0.21289,3.3945,-0.15039,0,13
114,6,0.21289,3.375,-0.39648,-0.66921,12
114,6,0.21094,3.3496,-0.27148,-0.33461,25
114,6,0.21289,3.375,-0.40234,-0.33461,27
114,6,0.10742,3.4258,-0.32617,-0.33461,15
115,17,0,3.3086,0.375,0,13
115,17,0,3.3555,0.28711,0,19
115,17,0,3.3906,0.3125,0,14
115,17,0.10352,3.2695,-0.36523,-1.0038,13
115,17,0.10352,3.3086,-0.35156,-1.0038,31
115,17,0.10547,3.3418,-0.39844,-1.0038,36
115,17,0.10547,3.3691,-0.48438,-1.0038,21
115,17,0,3.2832,-0.23828,-0.66921,22
115,17,0.10352,3.3262,-0.125,-0.66921,64
115,17,0.10547,3.3633,-0.13672,-0.66921,84
115,17,0.10547,3.3965,-0.22266,-0.66921,53
115,17,0,3.4219,-0.38672,-0.66921,13
115,17,0,3.9551,0.375,-0.66921,16
115,17,0,3.3281,0.076172,-0.33461,45
115,17,0.10547,3.3633,0.10938,-0.33461,65
115,17,0.10547,3.4023,0.027344,-0.33461,42
115,17,-1.1836,0,3.3047,-0.66921,7
116,12,0.21484,3.4277,0.24609,0.33461,21
116,12,0.2168,3.4727,0.058594,0.33461,25
116,12,0.33008,3.502,-0.09375,0.33461,21
116,12,0.33398,3.5273,-0.31445,0.33461,16
116,12,0.10156,3.2422,-0.25977,-1.3384,23
116,12,0.10352,3.2715,-0.3418,-1.3384,23
116,12,0,3.3066,-0.38281,-1.3384,10
116,12,0.10156,3.252,-0.023438,-1.0038,25
116,12,0.10352,3.2871,-0.11719,-1.0038,26
116,12,0,3.3184,-0.27734,-1.0038,12
116,12,0.21484,3.4297,-0.21875,-0.33461,12
116,12,0.32617,3.4414,-0.40234,-0.33461,13
117,19,0.21484,3.4258,0.25586,0.33461,15
117,19,0.10938,3.4648,0.31445,0.33461,17
117,19,0.2207,3.5078,0.17188,0.33461,24
117,19,0.22266,3.5488,0.085938,0.33461,19
117,19,0.097656,3.0703,-0.42969,-1.673,23
117,19,0.097656,3.1152,-0.37891,-1.673,24
117,19,0.099609,3.125,-0.56836,-1.673,12
117,19,0,3.0625,-0.11133,-1.3384,24
117,19,0,3.0957,-0.20898,-1.3384,58
117,19,0.097656,3.1289,-0.23438,-1.3384,61
117,19,0.099609,3.1641,-0.27344,-1.3384,28
117,19,0,3.0625,0.10156,-1.0038,18
117,19,0.097656,3.1016,0.027344,-1.0038,44
117,19,0,3.1406,-0.050781,-1.0038,44
117,19,0.099609,3.1719,-0.1582,-1.0038,20
117,19,0.10742,3.4258,-0.33203,-0.33461,17
117,19,0.2168,3.4609,-0.30078,-0.33461,26
117,19,0.2207,3.4922,-0.36523,-0.33461,26
117,19,0.22266,3.5254,-0.41602,-0.33461,15
118,21,0,2.9434,0.51367,0,12
118,21,0,2.9824,0.51758,0,17
118,21,0,3.0313,0.45313,0,12
118,21,0.09375,2.9824,-0.1582,-1.3384,50
118,21,0.09375,3.0176,-0.20117,-1.3384,82
118,21,0.095703,3.0527,-0.25781,-1.3384,59
118,21,0.19336,3.0742,-0.36719,-1.3384,18
118,21,0,2.9512,-0.03125,-1.0038,27
118,21,0.09375,2.9883,-0.015625,-1.0038,122
118,21,0.09375,3.0254,-0.044922,-1.0038,195
118,21,0.095703,3.0625,-0.089844,-1.0038,138
118,21,0.19336,3.0918,-0.1543,-1.0038,40
118,21,0,2.9453,0.18164,-0.66921,22
118,21,0.09375,2.9844,0.15039,-0.66921,94
118,21,0.09375,3.0234,0.11133,-0.66921,145
118,21,0.095703,3.0625,0.060547,-0.66921,99
118,21,0.097656,3.1016,-0.0097656,-0.66921,28
118,21,0,2.9766,0.26563,-0.33461,13
118,21,0,3.0195,0.21484,-0.33461,19
118,21,0,3.0645,0.064453,-0.33461,13
118,21,0.10938,3.4648,-0.32422,-0.33461,15
119,12,0,2.9121,-0.042969,0,10
119,12,0.091797,2.9473,0.091797,0,26
119,12,0.09375,2.9863,0.087891,0,28
119,12,0.09375,3.0254,-0.041016,0,15
119,12,0.091797,2.9414,-0.2207,-0.66921,19
119,12,0.09375,2.9707,-0.32031,-0.66921,22
119,12,0,2.9082,-0.18359,-0.33461,16
119,12,0,2.9473,-0.13867,-0.33461,44
119,12,0.09375,2.9844,-0.13867,-0.33461,51
119,12,0.09375,3.0176,-0.20508,-0.33461,28
119,12,0.32227,3.2949,-0.94727,-0.33461,19
119,12,0.10938,3.3594,-0.90039,-0.33461,16
120,5,0.10742,3.4199,-0.38281,0.33461,17
120,5,0.10938,3.4668,-0.29688,0.33461,13
120,5,0.21289,3.291,-0.8457,-0.33461,14
120,5,0.21484,3.3359,-0.82422,-0.33461,24
120,5,0.2168,3.3477,-0.92773,-0.33461,19
121,4,0.21484,3.4219,-0.30273,0.33461,14
121,4,0.2168,3.4648,-0.25195,0.33461,14
121,4,0.21484,3.3008,-0.95313,-0.33461,14
121,4,0.2168,3.3613,-0.87695,-0.33461,13
220,4,0.31836,3.373,-0.34766,0.33461,16
220,4,0.21484,3.4121,-0.41211,0.33461,17
220,4,0.31836,3.2813,-0.85352,-0.33461,12
220,4,0.21484,3.3496,-0.76563,-0.33461,14
224,5,0.21094,3.3516,-0.24805,0,12
224,5,0.10547,3.4004,-0.13672,0,14
224,5,0.21094,3.3398,-0.375,-0.33461,22
224,5,0.10547,3.3926,-0.27344,-0.33461,23
224,5,0.10742,3.4355,-0.19531,-0.33461,12
225,10,0,3.3242,0.19141,0,16
225,10,0.10547,3.3574,0.23633,0,20
225,10,0.10547,3.3965,0.21289,0,11
225,10,0.10352,3.3184,-0.24219,-0.66921,22
225,10,0.10547,3.3438,-0.375,-0.66921,28
225,10,0.10547,3.3887,-0.30859,-0.66921,17
225,10,0.10352,3.2813,-0.24805,-0.33461,13
225,10,0.10352,3.3281,0.060547,-0.33461,31
225,10,0.10547,3.3652,-0.046875,-0.33461,39
225,10,0.21289,3.3984,-0.076172,-0.33461,24
226,2,0,3.2383,-0.31836,-1.0038,14
226,2,0,3.2539,-0.064453,-0.66921,15
227,6,0.19922,3.1719,0.035156,-1.0038,28
227,6,0.20117,3.209,-0.074219,-1.0038,39
227,6,0.10156,3.248,-0.17188,-1.0038,22
227,6,0.099609,3.1719,0.16602,-0.66921,24
227,6,0.099609,3.2129,0.070313,-0.66921,35
227,6,0.10156,3.252,0.0097656,-0.66921,20
228,8,0,3.0488,-0.30273,-1.0038,21
228,8,0.19336,3.0879,-0.2207,-1.0038,32
228,8,0.097656,3.127,-0.26563,-1.0038,35
228,8,0.099609,3.1602,-0.32813,-1.0038,21
228,8,0.095703,3.0625,-0.095703,-0.66921,23
228,8,0.097656,3.0996,-0.041016,-0.66921,34
228,8,0.097656,3.1367,-0.078125,-0.66921,39
228,8,0.099609,3.1738,-0.12695,-0.66921,25
229,16,0,2.9883,0.041016,0,8
229,16,0,3.0254,0.087891,0,11
229,16,0.44531,3.5137,-0.3125,0.33461,20
229,16,0.44922,3.5566,-0.25586,0.33461,17
229,16,0.18945,3.0137,-0.19727,-1.0038,26
229,16,0.095703,3.0547,-0.21484,-1.0038,28
229,16,0.19336,3.0918,-0.17969,-1.0038,14
229,16,0.09375,2.9883,0.015625,-0.66921,16
229,16,0.09375,3.0254,-0.033203,-0.66921,42
229,16,0.19141,3.0586,-0.029297,-0.66921,51
229,16,0.19336,3.0957,-0.054688,-0.66921,28
229,16,0,2.9863,0.097656,-0.33461,12
229,16,0,3.0273,0.0078125,-0.33461,24
229,16,0.095703,3.0605,0.125,-0.33461,27
229,16,0.097656,3.0977,0.14844,-0.33461,17
229,16,0.18945,3.0176,0.14258,-0.33461,24
230,23,0,2.9102,0.11133,0,9
230,23,0,2.9414,0.23242,0,55
230,23,0.09375,2.9805,0.21094,0,113
230,23,0.09375,3.0215,0.15234,0,105
230,23,0.095703,3.0625,0.072266,0,44
230,23,0,2.9707,0.32227,0.33461,15
230,23,0,3,0.39453,0.33461,13
230,23,0.43945,3.4863,-0.18164,0.33461,16
230,23,0.33398,3.5371,-0.1582,0.33461,22
230,23,0.44922,3.5605,-0.19531,0.33461,16
230,23,0.09375,2.9688,-0.33203,-1.0038,18
230,23,0.09375,3.0137,-0.25781,-1.0038,16
230,23,0.091797,2.9473,-0.11328,-0.66921,70
230,23,0.1875,2.9785,-0.1582,-0.66921,140
230,23,0.09375,3.0156,-0.22852,-0.66921,125
230,23,0.095703,3.0508,-0.2793,-0.66921,51
230,23,0,2.9121,0.099609,-0.33461,17
230,23,0,2.9512,0.033203,-0.33461,104
230,23,0.09375,2.9883,0.0039063,-0.33461,216
230,23,0.09375,3.0254,-0.041016,-0.33461,196
230,23,0.095703,3.0605,-0.11719,-0.33461,83
230,23,0.2207,3.3164,-1.1523,-0.33461,18
230,23,0.22266,3.4551,-0.8125,-0.33461,17
231,12,0.091797,2.9063,0.18164,0,13
231,12,0,2.9453,0.18945,0,15
231,12,0,2.9863,0.12891,0,10
231,12,0,3.3867,-0.80469,0,9
231,12,0,3.4004,-0.53711,0.33461,12
231,12,0.091797,2.9473,-0.11719,-0.66921,13
231,12,0,2.9141,0,-0.33461,22
231,12,0.091797,2.9492,0.044922,-0.33461,28
231,12,0.09375,2.9863,-0.042969,-0.33461,19
231,12,0.10742,3.3164,-0.91602,-0.33461,21
231,12,0.10938,3.2832,-1.1484,-0.33461,23
231,12,0.10938,3.2227,-1.4082,-0.33461,13
232,12,0.2168,3.4414,-0.46875,0,10
232,12,0.33008,3.4902,-0.30078,0,8
232,12,0.33398,3.4922,-0.58594,0,8
232,12,0.43945,3.4727,-0.36133,0.33461,14
232,12,0.44531,3.5176,-0.27344,0.33461,31
232,12,0.44922,3.5547,-0.28516,0.33461,29
232,12,0.45313,3.5879,-0.33008,0.33461,13
232,12,0.21484,3.3652,-0.69922,-0.33461,24
232,12,0.2168,3.3926,-0.74609,-0.33461,23
232,12,0.44531,3.4434,-0.77539,-0.33461,16
232,12,0.44922,3.4941,-0.71484,-0.33461,16
232,12,-1.0996,1.3008,3.0781,0,5
255,2,0,3.3477,-0.36328,-0.33461,21
255,2,0.10547,3.3926,-0.2832,-0.33461,20
256,10,0,3.291,0,0,9
256,10,0,3.3301,0.041016,0,23
256,10,0,3.3672,0.076172,0,28
256,10,0,3.4043,0.072266,0,15
256,10,0.10352,3.3145,-0.28711,-0.66921,20
256,10,0.10547,3.3477,-0.3418,-0.66921,23
256,10,0,3.2793,-0.2793,-0.33461,16
256,10,0.10352,3.3262,-0.11914,-0.33461,44
256,10,0.10547,3.3633,-0.125,-0.33461,53
256,10,0.10547,3.4023,-0.10156,-0.33461,28
257,12,0,3.2773,0.29883,0,13
257,12,0.10352,3.3223,0.19727,0,34
257,12,0,3.3633,0.17578,0,36
257,12,0,3.4004,0.19141,0,15
257,12,0.20508,3.2793,-0.20508,-0.66921,13
257,12,0.20898,3.3164,-0.19727,-0.66921,36
257,12,0.10547,3.3574,-0.23047,-0.66921,42
257,12,0.10547,3.3926,-0.26367,-0.66921,20
257,12,0.10352,3.2891,0.039063,-0.33461,23
257,12,0.10352,3.3281,-0.013672,-0.33461,62
257,12,0.10547,3.3652,-0.046875,-0.33461,69
257,12,0.21289,3.3945,-0.14648,-0.33461,33
258,5,0.10352,3.2891,-0.058594,-1.0038,20
258,5,0.10352,3.3242,-0.17188,-1.0038,19
258,5,0.099609,3.2148,-0.029297,-0.66921,14
258,5,0.10352,3.2852,0.16992,-0.66921,26
258,5,0.10352,3.3281,0.052734,-0.66921,25
259,11,0,3.1875,0.42188,0,8
259,11,0,3.1367,-0.125,-1.0038,19
259,11,0,3.1738,-0.17383,-1.0038,40
259,11,0.099609,3.209,-0.17188,-1.0038,40
259,11,0.10156,3.2461,-0.18945,-1.0038,17
259,11,0.097656,3.1387,0.0039063,-0.66921,25
259,11,0.099609,3.1758,-0.0058594,-0.66921,50
259,11,0.099609,3.2148,-0.0019531,-0.66921,48
259,11,0,3.2539,-0.025391,-0.66921,20
259,11,0,3.1777,-0.023438,-0.33461,14
259,11,0.099609,3.207,0.20117,-0.33461,13
260,19,0.097656,3.0547,0.5293,0,16
260,19,0.097656,3.1152,0.38477,0,21
260,19,0,3.166,0.26953,0,12
260,19,0.097656,3.0879,-0.28711,-1.3384,16
260,19,0.19531,3.1055,-0.41602,-1.3384,22
260,19,0.099609,3.1191,-0.60547,-1.3384,13
260,19,0.095703,3.0605,-0.14453,-1.0038,28
260,19,0.097656,3.0977,-0.11914,-1.0038,82
260,19,0.19531,3.1309,-0.13477,-1.0038,104
260,19,0.099609,3.1699,-0.21094,-1.0038,61
260,19,0.20117,3.1836,-0.41406,-1.0038,16
260,19,0.095703,3.0605,0.10156,-0.66921,34
260,19,0.097656,3.0996,0.078125,-0.66921,93
260,19,0.19531,3.1328,0.046875,-0.66921,114
260,19,0.099609,3.1758,0.021484,-0.66921,66
260,19,0.099609,3.2129,-0.11328,-0.66921,16
260,19,0.097656,3.0957,0.19336,-0.33461,22
260,19,0.097656,3.127,0.25977,-0.33461,24
260,19,0,3.1738,0.16797,-0.33461,13
261,19,0.09375,3.0039,0.36328,0,12
261,19,0,3.0449,0.34375,0,11
261,19,0.09375,2.9941,-0.43164,-1.0038,16
261,19,0.19141,3.0254,-0.44727,-1.0038,15
261,19,0.09375,2.9863,-0.066406,-0.66921,23
261,19,0.09375,3.0215,-0.16211,-0.66921,47
261,19,0.19141,3.0547,-0.13672,-0.66921,45
261,19,0.097656,3.0859,-0.30273,-0.66921,20
261,19,-5.2051,1.3086,-0.25,-0.66921,15
261,19,0,2.9883,0.076172,-0.33461,19
261,19,0.09375,3.0234,0.10352,-0.33461,40
261,19,0.095703,3.0625,0.080078,-0.33461,37
261,19,0.097656,3.0996,-0.070313,-0.33461,19
261,19,-5.373,0,0.16797,-0.33461,16
261,19,-5.4102,0,-0.17188,-0.33461,10
261,19,-0.95703,0,3.0527,-1.0038,8
261,19,3.5254,0,5.3203,-0.66921,10
261,19,3.3574,0,-5.1289,-0.33461,10
261,19,3.3809,0,5.4102,-0.33461,7
262,12,0.091797,2.9434,0.20508,0,22
262,12,0.09375,2.9805,0.21094,0,46
262,12,0.09375,3.0195,0.18555,0,44
262,12,0.095703,3.0586,0.16602,0,21
262,12,0.18359,2.9414,-0.14648,-0.66921,29
262,12,0.09375,2.9844,-0.12695,-0.66921,57
262,12,0.18945,3.0137,-0.21289,-0.66921,55
262,12,0.19141,3.0371,-0.35742,-0.66921,25
262,12,0.091797,2.9492,0.054688,-0.33461,42
262,12,0.1875,2.9824,0.042969,-0.33461,87
262,12,0.09375,3.0254,-0.017578,-0.33461,83
262,12,0.095703,3.0605,-0.11719,-0.33461,39
263,12,0,2.8965,0.30469,0,13
263,12,0.091797,2.9434,0.18359,0,32
263,12,0.09375,2.9824,0.17383,0,31
263,12,0.18945,3.0176,0.14258,0,14
263,12,0.091797,2.9063,-0.17969,-0.66921,13
263,12,0.091797,2.9453,-0.17578,-0.66921,28
263,12,0.1875,2.9727,-0.25195,-0.66921,28
263,12,0.091797,2.9102,0.0625,-0.33461,26
263,12,0.091797,2.9492,0.025391,-0.33461,58
263,12,0.1875,2.9824,-0.025391,-0.33461,57
263,12,0.18945,3.0195,-0.11328,-0.33461,23
263,12,0.10938,3.3555,-0.91992,-0.33461,13
264,9,0.091797,2.9473,0.095703,0,14
264,9,0.09375,2.9844,-0.11914,0,9
264,9,0,2.9023,0.24609,0.33461,12
264,9,0.091797,2.9336,0.31055,0.33461,20
264,9,0,2.9766,0.27734,0.33461,15
264,9,0.091797,2.9258,-0.375,-0.66921,15
264,9,0.091797,2.9121,0,-0.33461,26
264,9,0.091797,2.9492,-0.056641,-0.33461,42
264,9,0.1875,2.9746,-0.21484,-0.33461,30
289,1,0.21484,3.4121,-0.40625,-0.33461,17
290,13,0,3.3242,0.1875,0,20
290,13,0,3.3633,0.16211,0,22
290,13,0.10547,3.4023,0.033203,0,13
290,13,0.10352,3.2949,-0.46484,-1.0038,13
290,13,0.21094,3.3223,-0.5,-1.0038,14
290,13,0.10352,3.2813,-0.23047,-0.66921,21
290,13,0.10352,3.3184,-0.24219,-0.66921,47
290,13,0.10547,3.3535,-0.27539,-0.66921,51
290,13,0.10547,3.3945,-0.24609,-0.66921,26
290,13,0,3.291,-0.021484,-0.33461,21
290,13,0.10352,3.3281,-0.029297,-0.33461,48
290,13,0.10547,3.3652,-0.064453,-0.33461,53
290,13,0.10547,3.4023,-0.035156,-0.33461,26
291,13,0.10352,3.2754,0.31055,0,10
291,13,0.10352,3.2988,0.43945,0,9
291,13,0.20313,3.2207,-0.42188,-1.0038,18
291,13,0.10352,3.2656,-0.39453,-1.0038,30
291,13,0.10352,3.3047,-0.38477,-1.0038,26
291,13,0.10156,3.2441,-0.2207,-0.66921,38
291,13,0.10352,3.2871,-0.1543,-0.66921,66
291,13,0.10352,3.3203,-0.20703,-0.66921,55
291,13,0.10547,3.3535,-0.27539,-0.66921,22
291,13,0.10156,3.252,0.0097656,-0.33461,26
291,13,0.10352,3.2891,0.019531,-0.33461,45
291,13,0.10352,3.3281,0.042969,-0.33461,39
291,13,0.10547,3.3652,-0.0039063,-0.33461,17
292,14,0,3.2148,0.50781,0,8
292,14,0.099609,3.209,-0.19922,-1.3384,13
292,14,0.20313,3.2344,-0.28125,-1.3384,14
292,14,0,3.1719,-0.18945,-1.0038,19
292,14,0.099609,3.2129,-0.072266,-1.0038,41
292,14,0.10156,3.252,-0.082031,-1.0038,47
292,14,0.10352,3.2871,-0.13086,-1.0038,24
292,14,0.12109,3.7949,0.69141,-1.0038,20
292,14,0,3.1777,-0.0039063,-0.66921,20
292,14,0,3.2129,0.12109,-0.66921,36
292,14,0.10156,3.248,0.17188,-0.66921,41
292,14,0.10352,3.2871,0.12305,-0.66921,22
292,14,0,3.7051,0.93359,-0.66921,18
292,14,0,3.7207,1.0234,-0.66921,21
293,5,0.19531,3.1328,0.064453,-1.0038,28
293,5,0.099609,3.1758,-0.037109,-1.0038,25
293,5,0.097656,3.0977,0.14648,-0.66921,18
293,5,0.097656,3.1367,0.11719,-0.66921,25
293,5,0.099609,3.1719,0.17188,-0.66921,21
294,18,0,3.0215,0.17578,0,11
294,18,0,3.0605,0.16016,0,17
294,18,0,3.0996,0.125,0,14
294,18,0.09375,2.9844,-0.12305,-1.0038,17
294,18,0.18945,3.0156,-0.19141,-1.0038,63
294,18,0.19141,3.0488,-0.23828,-1.0038,96
294,18,0.19336,3.082,-0.29297,-1.0038,69
294,18,0.19531,3.0996,-0.45898,-1.0038,23
294,18,0.1875,2.9824,0.087891,-0.66921,34
294,18,0.09375,3.0254,-0.03125,-0.66921,125
294,18,0.095703,3.0625,-0.064453,-0.66921,190
294,18,0.19336,3.0938,-0.10938,-0.66921,137
294,18,0.19531,3.127,-0.20703,-0.66921,46
294,18,0.09375,2.9785,0.24023,-0.33461,22
294,18,0.09375,3.0215,0.14648,-0.33461,78
294,18,0.095703,3.0605,0.10547,-0.33461,119
294,18,0.097656,3.0996,0.044922,-0.33461,87
294,18,0.19531,3.1328,-0.054688,-0.33461,30
295,11,0,2.9355,0.30273,0,13
295,11,0.09375,2.9766,0.25,0,29
295,11,0.09375,3.0137,0.26758,0,24
295,11,0.091797,2.9492,-0.078125,-0.66921,24
295,11,0.09375,2.9863,-0.076172,-0.66921,48
295,11,0.18945,3.0195,-0.11328,-0.66921,41
295,11,0.095703,3.0586,-0.16016,-0.66921,12
295,11,0,2.9473,0.12891,-0.33461,28
295,11,0.09375,2.9863,0.099609,-0.33461,59
295,11,0.09375,3.0234,0.072266,-0.33461,49
295,11,0.095703,3.0625,-0.0019531,-0.33461,13
296,10,0.091797,2.9414,0.22266,0,24
296,10,0.09375,2.9863,0.058594,0,40
296,10,0.09375,3.0234,0.080078,0,24
296,10,0,2.9844,0.15625,0.33461,12
296,10,0.091797,2.9395,-0.23438,-0.66921,19
296,10,0.09375,2.9746,-0.27539,-0.66921,32
296,10,0.18945,3,-0.34766,-0.66921,21
296,10,0.091797,2.9492,-0.054688,-0.33461,49
296,10,0.09375,2.9863,-0.10742,-0.33461,78
296,10,0.18945,3.0176,-0.12695,-0.33461,49
297,5,0,2.9453,0.17188,0,8
297,5,0.091797,2.9102,0.091797,-0.33461,14
297,5,0.091797,2.9492,-0.048828,-0.33461,21
297,5,0.09375,2.9824,-0.16797,-0.33461,15
297,5,0.33398,3.5293,-0.27539,-0.33461,11
323,2,0.10547,3.3438,-0.38477,-0.33461,15
323,2,0.10547,3.3828,-0.37305,-0.33461,17
324,10,0,3.3281,0.11523,0,20
324,10,0.10547,3.3633,0.14648,0,26
324,10,0,3.4043,0.060547,0,17
324,10,0.10352,3.3125,-0.32617,-0.66921,20
324,10,0.10547,3.3496,-0.33594,-0.66921,25
324,10,0.10547,3.3691,-0.48242,-0.66921,17
324,10,0,3.2891,-0.14063,-0.33461,14
324,10,0.10352,3.3242,-0.14648,-0.33461,38
324,10,0.10547,3.3613,-0.16016,-0.33461,49
324,10,0.10547,3.3926,-0.27148,-0.33461,34
325,9,0.10352,3.2734,0.33789,0,11
325,9,0,3.3223,0.23242,0,19
325,9,0,3.3652,0.12891,0,19
325,9,0.10547,3.4023,-0.023438,0,10
325,9,0.21289,3.3965,-0.082031,0.33461,12
325,9,0.10547,3.3613,-0.17188,-0.66921,16
325,9,0,3.291,-0.048828,-0.33461,19
325,9,0,3.3301,0.03125,-0.33461,30
325,9,0.10547,3.3652,0.023438,-0.33461,28
326,14,0,3.4805,0,0,11
326,14,0.21289,3.3867,-0.28906,0.33461,14
326,14,0.21484,3.4219,-0.30664,0.33461,15
326,14,0.10156,3.2402,-0.27148,-1.0038,22
326,14,0.10352,3.2793,-0.26953,-1.0038,24
326,14,0.10352,3.3047,-0.38477,-1.0038,14
326,14,0.099609,3.2148,-0.048828,-0.66921,24
326,14,0.10156,3.252,-0.042969,-0.66921,46
326,14,0.10352,3.2891,-0.058594,-0.66921,51
326,14,0.20898,3.3203,-0.12695,-0.66921,31
326,14,0.099609,3.2129,0.082031,-0.33461,14
326,14,0.10156,3.2441,0.23047,-0.33461,29
326,14,0,3.291,0.089844,-0.33461,33
326,14,0.10352,3.3262,0.064453,-0.33461,20
327,9,0.2207,3.5117,-0.025391,0.33461,12
327,9,0,3.1113,-0.42578,-1.0038,13
327,9,0.19922,3.1621,-0.25586,-1.0038,21
327,9,0.099609,3.2051,-0.24805,-1.0038,21
327,9,0.20313,3.2441,-0.14453,-1.0038,15
327,9,0.097656,3.1348,-0.14648,-0.66921,17
327,9,0.099609,3.1758,-0.042969,-0.66921,26
327,9,0.20117,3.207,0.10938,-0.66921,25
327,9,0.10156,3.248,0.1582,-0.66921,16
328,19,0,3.0117,0.74414,0,9
328,19,0.097656,3.0918,0.54492,0,14
328,19,0,3.1152,0.625,0,9
328,19,0.33008,3.5,-0.16016,0.33461,20
328,19,0.33398,3.5332,-0.24023,0.33461,20
328,19,0.097656,3.0938,-0.21094,-1.3384,17
328,19,0.097656,3.1289,-0.24219,-1.3384,24
328,19,0.099609,3.1641,-0.27344,-1.3384,16
328,19,0.095703,3.0625,-0.089844,-1.0038,18
328,19,0.097656,3.0996,-0.050781,-1.0038,59
328,19,0.19531,3.1328,-0.041016,-1.0038,84
328,19,0.099609,3.1738,-0.125,-1.0038,54
328,19,0.099609,3.2109,-0.16016,-1.0038,14
328,19,0.095703,3.0625,0.052734,-0.66921,21
328,19,0.097656,3.0977,0.12695,-0.66921,58
328,19,0.097656,3.1367,0.12109,-0.66921,80
328,19,0.099609,3.1758,0.068359,-0.66921,50
328,19,0,3.0977,0.17773,-0.33461,12
328,19,0,3.1309,0.24414,-0.33461,13
329,12,0,2.957,0.44141,0,9
329,12,0.09375,2.9961,0.42188,0,16
329,12,0,3.0469,0.33008,0,11
329,12,0.09375,2.9883,-0.0019531,-0.66921,15
329,12,0.09375,3.0215,-0.14648,-0.66921,30
329,12,0.095703,3.0625,-0.050781,-0.66921,30
329,12,0.097656,3.0996,0.074219,-0.66921,18
329,12,0.11523,3.6914,0.32422,-0.66921,18
329,12,0,2.9883,0.039063,-0.33461,18
329,12,0.09375,3.0234,0.12305,-0.33461,34
329,12,0,3.0605,0.13672,-0.33461,27
329,12,0.23242,3.6563,0.56836,-0.33461,25
330,12,0,2.9355,0.30859,0,18
330,12,0.09375,2.9785,0.22656,0,43
330,12,0.09375,3.0195,0.17969,0,46
330,12,0.095703,3.0605,0.14453,0,21
330,12,0.091797,2.9473,-0.11523,-0.66921,18
330,12,0.1875,2.9766,-0.1875,-0.66921,45
330,12,0.09375,3.0195,-0.19727,-0.66921,45
330,12,0.19141,3.0527,-0.18555,-0.66921,21
330,12,0.18359,2.9434,0.10352,-0.33461,33
330,12,0.09375,2.9863,0.039063,-0.33461,80
330,12,0.18945,3.0215,0.0058594,-0.33461,83
330,12,0.19141,3.0586,-0.033203,-0.33461,39
331,4,0,2.9453,0.19336,0,14
331,4,0.09375,2.9863,0.083984,0,14
331,4,0.091797,2.9492,0.039063,-0.33461,28
331,4,0.09375,2.9863,0.035156,-0.33461,27
356,9,0,3.3281,0.082031,0,16
356,9,0.10547,3.3652,0.042969,0,19
356,9,0,3.4043,0.09375,0,9
356,9,0.10352,3.2969,-0.44922,-0.66921,14
356,9,0.21094,3.3457,-0.32422,-0.66921,16
356,9,0.10352,3.2734,-0.32813,-0.33461,13
356,9,0.10352,3.3262,-0.12109,-0.33461,33
356,9,0.10547,3.3613,-0.16016,-0.33461,38
356,9,0.10547,3.3984,-0.16992,-0.33461,21
357,10,0,3.2891,0.125,0,23
357,10,0.10352,3.3262,0.064453,0,29
357,10,0,3.3672,0.0625,0,17
357,10,0.10352,3.2793,-0.27344,-0.66921,22
357,10,0.10352,3.3125,-0.31055,-0.66921,28
357,10,0.10547,3.3438,-0.38086,-0.66921,15
357,10,0.10156,3.252,-0.033203,-0.33461,14
357,10,0.10352,3.2891,-0.058594,-0.33461,42
357,10,0.20898,3.3203,-0.10938,-0.33461,52
357,10,0.10547,3.3613,-0.17578,-0.33461,29
358,12,0,3.2461,0.21094,0,19
358,12,0,3.2871,0.17773,0,24
358,12,0,3.3242,0.19922,0,15
358,12,0,3.2422,-0.57227,-1.0038,12
358,12,0,3.1875,-0.43164,-0.66921,14
358,12,0.10156,3.2422,-0.25391,-0.66921,39
358,12,0.10352,3.2832,-0.22461,-0.66921,48
358,12,0.10352,3.3125,-0.31836,-0.66921,28
358,12,0.099609,3.2148,-0.039063,-0.33461,16
358,12,0.10156,3.252,0.0097656,-0.33461,43
358,12,0.10352,3.2891,-0.044922,-0.33461,54
358,12,0.10352,3.3262,-0.070313,-0.33461,33
359,15,0.32617,3.4648,0.087891,0.33461,22
359,15,0.33008,3.5039,0,0.33461,28
359,15,0.33398,3.5391,-0.089844,0.33461,25
359,15,0.22461,3.5859,-0.082031,0.33461,14
359,15,0.099609,3.1641,-0.28906,-1.0038,30
359,15,0.20117,3.1973,-0.29102,-1.0038,48
359,15,0.20313,3.2324,-0.30273,-1.0038,39
359,15,0.10352,3.2754,-0.30078,-1.0038,17
359,15,0.099609,3.1758,-0.048828,-0.66921,43
359,15,0.099609,3.2129,-0.076172,-0.66921,66
359,15,0.10156,3.25,-0.091797,-0.66921,53
359,15,0.10352,3.2891,-0.064453,-0.66921,23
359,15,0,3.1777,0.066406,-0.33461,15
359,15,0.099609,3.2129,0.089844,-0.33461,23
359,15,0,3.25,0.16602,-0.33461,17
360,11,0.32617,3.459,0.20703,0.33461,17
360,11,0.43945,3.4902,-0.0097656,0.33461,19
360,11,0.44531,3.5293,-0.023438,0.33461,15
360,11,0,3.0898,-0.27734,-1.0038,13
360,11,0.19531,3.1328,-0.046875,-1.0038,26
360,11,0.19922,3.1719,-0.050781,-1.0038,31
360,11,0.20117,3.2012,-0.22656,-1.0038,17
360,11,0.097656,3.0996,0.046875,-0.66921,19
360,11,0.097656,3.1367,0.087891,-0.66921,30
360,11,0.099609,3.1758,0.076172,-0.66921,31
360,11,0.099609,3.2148,-0.0078125,-0.66921,16
361,15,0.33008,3.4961,-0.2207,0.33461,13
361,15,0.33398,3.5352,-0.19141,0.33461,12
361,15,0.18945,3.0098,-0.26172,-1.0038,42
361,15,0.19141,3.0449,-0.28516,-1.0038,70
361,15,0.19336,3.0781,-0.33008,-1.0038,52
361,15,0.097656,3.1016,-0.48633,-1.0038,16
361,15,0.09375,2.9883,-0.023438,-0.66921,17
361,15,0.09375,3.0254,-0.048828,-0.66921,74
361,15,0.095703,3.0625,-0.083984,-0.66921,123
361,15,0.19336,3.0938,-0.11914,-0.66921,92
361,15,0.19531,3.1289,-0.19531,-0.66921,29
361,15,0.09375,3.0195,0.17578,-0.33461,38
361,15,0.095703,3.0605,0.125,-0.33461,63
361,15,0.097656,3.0996,0.076172,-0.33461,48
361,15,0.097656,3.1387,0.072266,-0.33461,16
362,15,0.09375,2.9766,0.25977,0,27
362,15,0.09375,3.0176,0.22461,0,34
362,15,0.095703,3.0547,0.23047,0,17
362,15,0.43945,3.4844,-0.22461,0.33461,18
362,15,0.44531,3.5195,-0.25977,0.33461,18
362,15,0,2.9453,-0.19531,-0.66921,15
362,15,0.09375,2.9844,-0.11914,-0.66921,46
362,15,0.18945,3.0176,-0.14258,-0.66921,59
362,15,0.19141,3.0488,-0.23047,-0.66921,32
362,15,0,2.9473,0.15625,-0.33461,18
362,15,0.09375,2.9863,0.087891,-0.33461,57
362,15,0.09375,3.0254,0.042969,-0.33461,71
362,15,0.19141,3.0586,0.041016,-0.33461,37
362,15,0.2207,3.4629,-0.58594,-0.33461,24
362,15,0.22266,3.5176,-0.48047,-0.33461,22
363,13,0.091797,2.9473,0.10352,0,23
363,13,0.09375,2.9863,0.097656,0,29
363,13,0.18945,3.0195,0.097656,0,19
363,13,0,2.9883,0.078125,0.33461,12
363,13,0.091797,2.9316,-0.32227,-0.66921,19
363,13,0.1875,2.9668,-0.31055,-0.66921,26
363,13,0.09375,2.9883,-0.46875,-0.66921,17
363,13,0.091797,2.9082,-0.14453,-0.33461,14
363,13,0.18359,2.9453,-0.0625,-0.33461,45
363,13,0.1875,2.9805,-0.11328,-0.33461,63
363,13,0.09375,3.0195,-0.18945,-0.33461,40
363,13,0.095703,3.0391,-0.37891,-0.33461,11
363,13,-1.0527,0,2.8848,-0.33461,6
390,4,0.2207,3.5098,-0.099609,0.33461,16
390,4,0.22266,3.5488,-0.089844,0.33461,14
390,4,0.10547,3.3496,-0.33594,-0.33461,16
390,4,0.10547,3.3965,-0.2168,-0.33461,13
391,5,0,3.3281,0.087891,0,11
391,5,0,3.3672,0,0,12
391,5,0.10352,3.3223,-0.18359,-0.33461,22
391,5,0.10547,3.3574,-0.24805,-0.33461,24
391,5,0,3.3887,-0.32422,-0.33461,14
392,12,0,3.2773,0.30273,0,18
392,12,0,3.3184,0.25977,0,18
392,12,0.10352,3.2832,-0.22461,-1.0038,13
392,12,0.10352,3.2969,-0.44531,-1.0038,13
392,12,0.10156,3.2461,-0.20117,-0.66921,19
392,12,0.10352,3.2852,-0.19336,-0.66921,44
392,12,0.10352,3.3203,-0.20898,-0.66921,45
392,12,0.10547,3.3516,-0.31055,-0.66921,18
392,12,0,3.2539,0.056641,-0.33461,19
392,12,0.10352,3.2891,0.0019531,-0.33461,44
392,12,0.10352,3.3281,-0.023438,-0.33461,45
392,12,0.10547,3.3652,-0.085938,-0.33461,19
393,22,0.21484,3.4355,-0.09375,0.33461,19
393,22,0.2168,3.4746,-0.0039063,0.33461,25
393,22,0.33008,3.502,0.03125,0.33461,23
393,22,0.33398,3.5391,0.11523,0.33461,14
393,22,0.10156,3.2129,-0.50391,-1.0038,14
393,22,0.099609,3.1973,-0.32422,-0.66921,19
393,22,0.10156,3.2324,-0.35352,-0.66921,27
393,22,0.10352,3.2773,-0.2793,-0.66921,21
393,22,-5.3516,1.3652,-0.11523,-0.66921,12
393,22,-5.3887,1.3691,-0.16797,-0.66921,11
393,22,0.099609,3.2129,-0.072266,-0.33461,12
393,22,0,3.25,-0.14648,-0.33461,16
393,22,0.10352,3.2871,-0.125,-0.33461,13
393,22,0.12695,3.9727,0.95117,-0.33461,16
393,22,0,4.041,0.82617,-0.33461,14
393,22,-5.3516,1.3691,-0.050781,-0.33461,14
393,22,-5.3887,1.377,0.078125,-0.33461,13
393,22,3.4531,0,5.1172,-0.66921,8
393,22,3.6504,0,5.1797,-0.66921,8
393,22,-1.5469,0,-4.123,-0.33461,8
393,22,3.4531,0,-5.2324,-0.33461,9
393,22,3.4766,0,-4.9922,-0.33461,9
394,8,0.21484,3.4277,-0.25195,0.33461,20
394,8,0.2168,3.4707,-0.13477,0.33461,20
394,8,0.33398,3.5273,-0.30859,0.33461,16
394,8,0.099609,3.2109,-0.15625,-1.0038,18
394,8,0.10156,3.2402,-0.27734,-1.0038,18
394,8,0,3.1328,-0.22266,-0.66921,14
394,8,0.099609,3.2109,0.15234,-0.66921,28
394,8,0.10156,3.25,-0.097656,-0.66921,28
395,13,0.32227,3.4121,-0.32227,0.33461,15
395,13,0.2168,3.4453,-0.44531,0.33461,15
395,13,0.095703,3.0586,-0.1582,-1.0038,17
395,13,0.097656,3.0977,-0.13477,-1.0038,29
395,13,0.097656,3.1367,-0.11523,-1.0038,31
395,13,0.099609,3.1719,-0.17773,-1.0038,22
395,13,0.095703,3.0625,0.015625,-0.66921,23
395,13,0.097656,3.1016,0.039063,-0.66921,39
395,13,0,3.1387,0.091797,-0.66921,39
395,13,0,3.1777,0.039063,-0.66921,26
395,13,0.23633,3.748,0.45703,-0.66921,21
395,13,0,3.0957,0.19141,-0.33461,13
395,13,0,3.127,0.29883,-0.33461,11
396,7,0.09375,3.0234,-0.09375,-1.0038,27
396,7,0.095703,3.0586,-0.15039,-1.0038,32
396,7,0.097656,3.0938,-0.21289,-1.0038,18
396,7,0.09375,2.9863,0.089844,-0.66921,17
396,7,0.09375,3.0234,0.09375,-0.66921,34
396,7,0.19141,3.0586,0.072266,-0.66921,38
396,7,0.19336,3.0938,0.10938,-0.66921,19
397,12,0.091797,2.9355,0.29688,0,20
397,12,0.1875,2.9746,0.22266,0,46
397,12,0.18945,3.0156,0.16797,0,42
397,12,0.095703,3.0605,0.10742,0,16
397,12,0.091797,2.9453,-0.15625,-0.66921,19
397,12,0.1875,2.9785,-0.1582,-0.66921,47
397,12,0.18945,3.0137,-0.20508,-0.66921,45
397,12,0.19141,3.0449,-0.29102,-0.66921,17
397,12,0.18359,2.9434,0.083984,-0.33461,36
397,12,0.1875,2.9824,0.023438,-0.33461,81
397,12,0.18945,3.0215,-0.029297,-0.33461,76
397,12,0.19141,3.0547,-0.14453,-0.33461,30
398,6,0.1875,2.9785,0.16211,0,13
398,6,0.18945,3.0195,0.0625,0,10
398,6,0.1875,2.957,-0.39648,-0.66921,11
398,6,0.091797,2.9492,-0.042969,-0.33461,15
398,6,0.1875,2.9785,-0.16797,-0.33461,31
398,6,0.2832,3.0078,-0.17188,-0.33461,24
421,1,0.10547,3.3672,-0.49023,-0.33461,13
422,10,0.10352,3.3281,-0.023438,0,13
422,10,0,3.3672,-0.021484,0,26
422,10,0,3.4043,0,0,25
422,10,0,3.4434,-0.044922,0,13
422,10,0.10547,3.3438,-0.38672,-0.66921,21
422,10,0.10547,3.3828,-0.37695,-0.66921,20
422,10,0,3.3242,-0.18945,-0.33461,24
422,10,0,3.3652,-0.12109,-0.33461,48
422,10,0.10547,3.4004,-0.13672,-0.33461,45
422,10,0,3.4434,0.013672,-0.33461,18
423,9,0,3.3281,0.054688,0,8
423,9,0,3.3633,0.1582,0,14
423,9,0,3.4004,0.17969,0,10
423,9,0.10352,3.3008,-0.42383,-0.66921,15
423,9,0.10547,3.3496,-0.32031,-0.66921,16
423,9,0.10547,3.3848,-0.35352,-0.66921,11
423,9,0.10352,3.3184,-0.23828,-0.33461,16
423,9,0,3.3672,-0.039063,-0.33461,25
423,9,0,3.4043,-0.070313,-0.33461,18
424,6,0.20313,3.2441,-0.13086,-1.0038,16
424,6,0.10352,3.2813,-0.22656,-1.0038,19
424,6,0.10352,3.3086,-0.36523,-1.0038,18
424,6,0.10156,3.252,-0.070313,-0.66921,21
424,6,0.10352,3.2891,-0.097656,-0.66921,25
424,6,0,3.3262,-0.13477,-0.66921,23
425,10,0.099609,3.168,-0.22852,-1.0038,19
425,10,0.099609,3.209,-0.19922,-1.0038,31
425,10,0.10156,3.2441,-0.22461,-1.0038,29
425,10,0.10352,3.2793,-0.26953,-1.0038,13
425,10,0,3.8164,0.17188,-1.0038,16
425,10,0.19922,3.1699,-0.13281,-0.66921,21
425,10,0.099609,3.2148,0.021484,-0.66921,31
425,10,0.10156,3.252,-0.03125,-0.66921,29
425,10,0.10352,3.2891,-0.056641,-0.66921,14
425,10,0.11914,3.75,0.7207,-0.66921,20
426,15,0,3.1016,0.48633,0,13
426,15,0.097656,3.1328,-0.17969,-1.3384,12
426,15,0.095703,3.0605,-0.10547,-1.0038,18
426,15,0.19336,3.0938,-0.13086,-1.0038,55
426,15,0.19531,3.1309,-0.14063,-1.0038,76
426,15,0.19922,3.168,-0.1543,-1.0038,54
426,15,0.20117,3.207,-0.14844,-1.0038,18
426,15,0.095703,3.0605,0.13867,-0.66921,26
426,15,0.097656,3.0996,0.046875,-0.66921,73
426,15,0.097656,3.1387,-0.0058594,-0.66921,97
426,15,0.19922,3.1719,-0.0078125,-0.66921,67
426,15,0.099609,3.2129,-0.078125,-0.66921,22
426,15,0,3.1016,0.015625,-0.33461,24
426,15,0.097656,3.1328,0.18164,-0.33461,30
426,15,0,3.1758,0.125,-0.33461,21
427,12,0,3.0117,0.31055,0,11
427,12,0,3.0625,0.11133,0,12
427,12,0.09375,3.0234,-0.087891,-1.0038,26
427,12,0.095703,3.0625,-0.089844,-1.0038,31
427,12,0.097656,3.0996,-0.10938,-1.0038,16
427,12,0.18945,3.0215,0.039063,-0.66921,33
427,12,0.19141,3.0586,0.0097656,-0.66921,43
427,12,0.19336,3.0957,0.037109,-0.66921,21
427,12,-5.2051,1.3223,-0.16797,-0.66921,11
427,12,0.09375,3.0254,0.046875,-0.33461,20
427,12,0.19141,3.0586,0.041016,-0.33461,23
427,12,3.3574,0,5.2715,-0.66921,7
428,23,0.18359,2.9258,0.33398,0,38
428,23,0.09375,2.9746,0.26758,0,96
428,23,0.09375,3.0176,0.20703,0,108
428,23,0.095703,3.0586,0.16016,0,58
428,23,0,3.0957,0.19727,0,12
428,23,0.09375,2.9414,0.52344,0.33461,18
428,23,0,2.9941,0.44727,0.33461,18
428,23,0.18359,2.9355,-0.22852,-1.0038,13
428,23,0.1875,2.9746,-0.23047,-1.0038,29
428,23,0.2832,3.0039,-0.25,-1.0038,30
428,23,0.19141,3.0391,-0.35352,-1.0038,15
428,23,0.18359,2.9453,-0.03125,-0.66921,59
428,23,0.1875,2.9805,-0.11133,-0.66921,146
428,23,0.18945,3.0156,-0.16211,-0.66921,163
428,23,0.19141,3.0508,-0.21875,-0.66921,83
428,23,0.19336,3.0664,-0.42188,-0.66921,18
428,23,0.18359,2.9414,0.14453,-0.33461,76
428,23,0.09375,2.9863,0.074219,-0.33461,193
428,23,0.18945,3.0215,0.035156,-0.33461,219
428,23,0.19141,3.0586,-0.033203,-0.33461,115
428,23,0.19336,3.0957,-0.089844,-0.33461,25
428,23,0.33398,3.5254,-0.32422,-0.33461,14
428,23,0.22461,3.5879,0.013672,-0.33461,12
451,7,0,3.3281,0.091797,0,14
451,7,0,3.3652,0.10352,0,22
451,7,0.10547,3.4043,0.011719,0,17
451,7,0.10547,3.3438,-0.375,-0.66921,17
451,7,0.10352,3.3262,-0.087891,-0.33461,28
451,7,0,3.3633,-0.1582,-0.33461,41
451,7,0,3.4004,-0.16406,-0.33461,28
452,7,0.10352,3.2988,0.4375,0,12
452,7,0.10547,3.3594,0.21094,0,17
452,7,0.10547,3.4023,0.097656,0,12
452,7,0.10547,3.3418,-0.4043,-0.66921,14
452,7,0.10352,3.3281,-0.033203,-0.33461,21
452,7,0,3.3652,-0.089844,-0.33461,26
452,7,0.10547,3.4023,-0.033203,-0.33461,16
453,8,0,3.248,0.18555,0,11
453,8,0,3.291,0.064453,0,13
453,8,0.10156,3.25,-0.12695,-0.66921,25
453,8,0.10352,3.2852,-0.17383,-0.66921,32
453,8,0.10352,3.3242,-0.16016,-0.66921,17
453,8,0,3.2539,0,-0.33461,26
453,8,0,3.291,-0.044922,-0.33461,33
453,8,0.10352,3.3281,-0.0019531,-0.33461,18
454,11,0.099609,3.2012,0.28711,0,24
454,11,0.10156,3.2461,0.21289,0,32
454,11,0.10352,3.2852,0.18164,0,20
454,11,0,3.168,-0.25195,-0.66921,14
454,11,0.20117,3.207,-0.13086,-0.66921,41
454,11,0.20313,3.2383,-0.23242,-0.66921,51
454,11,0.10352,3.2773,-0.2793,-0.66921,30
454,11,0,3.1777,-0.056641,-0.33461,16
454,11,0.099609,3.2148,0.03125,-0.33461,50
454,11,0.10156,3.252,-0.0019531,-0.33461,64
454,11,0.10352,3.2891,-0.011719,-0.33461,39
455,14,0,3.1641,0.29297,0,15
455,14,0,3.207,0.25,0,14
455,14,0.097656,3.1309,-0.2168,-1.0038,20
455,14,0.099609,3.1641,-0.27734,-1.0038,40
455,14,0.099609,3.1973,-0.33203,-1.0038,37
455,14,0.20313,3.2148,-0.45898,-1.0038,17
455,14,0.097656,3.1367,-0.099609,-0.66921,43
455,14,0.099609,3.1758,-0.09375,-0.66921,91
455,14,0.20117,3.207,-0.11523,-0.66921,86
455,14,0.10156,3.248,-0.17969,-0.66921,37
455,14,0.097656,3.1367,0.09375,-0.33461,31
455,14,0.099609,3.1758,0.099609,-0.33461,65
455,14,0.099609,3.2129,0.072266,-0.33461,62
455,14,0.10156,3.252,0.029297,-0.33461,27
456,12,0,3.0918,0.25781,0,12
456,12,0,3.1348,0.17578,0,12
456,12,0.097656,3.084,-0.33008,-1.0038,18
456,12,0.097656,3.1211,-0.32617,-1.0038,17
456,12,0.095703,3.0625,-0.052734,-0.66921,20
456,12,0.097656,3.0996,-0.10156,-0.66921,48
456,12,0.097656,3.1367,-0.13477,-0.66921,48
456,12,0.099609,3.1758,-0.074219,-0.66921,23
456,12,0.095703,3.0625,0.085938,-0.33461,17
456,12,0.097656,3.0977,0.11719,-0.33461,40
456,12,0.097656,3.1387,0.056641,-0.33461,41
456,12,0.099609,3.1758,0.048828,-0.33461,20
457,11,0,3.0254,0.10938,0,12
457,11,0,3.0605,0.14258,0,16
457,11,0,3.1016,0.076172,0,14
457,11,0,3.0195,-0.2207,-0.66921,16
457,11,0.095703,3.0586,-0.16992,-0.66921,26
457,11,0.097656,3.0996,-0.068359,-0.66921,26
457,11,0.19531,3.1289,-0.17383,-0.66921,16
457,11,0.09375,3.0254,-0.0097656,-0.33461,22
457,11,0.095703,3.0625,-0.017578,-0.33461,32
457,11,0.097656,3.1016,-0.029297,-0.33461,30
457,11,0.097656,3.1387,0.078125,-0.33461,18
458,15,0,2.9492,0.10742,0,9
458,15,0.09375,2.9785,0.21875,0,41
458,15,0,3.0195,0.19922,0,61
458,15,0.095703,3.0586,0.17188,0,40
458,15,0,3.1016,-0.023438,0,13
458,15,0.091797,2.9414,0.21484,-0.66921,13
458,15,0.09375,2.9863,-0.10352,-0.66921,51
458,15,0.18945,3.0156,-0.16797,-0.66921,77
458,15,0.095703,3.0547,-0.21484,-0.66921,47
458,15,0.097656,3.0938,-0.2207,-0.66921,12
458,15,0,2.9453,0.16797,-0.33461,17
458,15,0.09375,2.9863,0.083984,-0.33461,76
458,15,0.09375,3.0254,0.017578,-0.33461,116
458,15,0.095703,3.0625,-0.03125,-0.33461,73
458,15,0.097656,3.0957,-0.17578,-0.33461,23
459,11,0.091797,2.9336,0.29688,0,14
459,11,0.09375,2.9863,0.10547,0,24
459,11,0.09375,3.0234,0.11133,0,23
459,11,0,3.0625,0.13086,0,12
459,11,0,2.9453,-0.16797,-0.66921,12
459,11,0.09375,2.9688,-0.32813,-0.66921,21
459,11,0.18945,3,-0.3457,-0.66921,19
459,11,0.091797,2.9492,0.048828,-0.33461,25
459,11,0.1875,2.9824,-0.091797,-0.33461,46
459,11,0.18945,3.0176,-0.14648,-0.33461,44
459,11,0.19141,3.0566,-0.11719,-0.33461,24
460,9,0,2.9512,-0.015625,0,11
460,9,0.09375,2.9844,0.11133,0,18
460,9,0.09375,3.0254,0.039063,0,14
460,9,0.1875,2.9766,-0.18555,-0.66921,16
460,9,0.18945,3.0059,-0.30078,-0.66921,12
460,9,0.091797,2.9473,-0.13086,-0.33461,24
460,9,0.09375,2.9844,-0.12891,-0.33461,41
460,9,0.18945,3.0176,-0.15234,-0.33461,33
460,9,0.19141,3.0508,-0.20508,-0.33461,12
482,3,0.21094,3.3613,0.019531,0,9
482,3,0.10547,3.3574,-0.23242,-0.33461,18
482,3,0.10547,3.3945,-0.24023,-0.33461,17
483,3,0.10547,3.3652,-0.033203,0,10
483,3,0,3.3145,-0.31445,-0.33461,18
483,3,0.10547,3.3359,-0.43945,-0.33461,20
484,10,0.10352,3.2891,-0.037109,0,16
484,10,0,3.3281,0.0625,0,23
484,10,0.10547,3.3633,0.097656,0,18
484,10,0.10352,3.2734,-0.32617,-0.66921,15
484,10,0.10352,3.3066,-0.36914,-0.66921,23
484,10,0.21094,3.3438,-0.33398,-0.66921,18
484,10,0,3.2852,-0.19531,-0.33461,27
484,10,0.10352,3.3242,-0.14844,-0.33461,42
484,10,0.10547,3.3613,-0.17969,-0.33461,32
484,10,0.10938,3.4766,-0.53516,-0.33461,22
485,9,0.10156,3.2285,-0.38477,-1.0038,19
485,9,0.10352,3.2676,-0.38086,-1.0038,25
485,9,0.10352,3.3047,-0.38672,-1.0038,16
485,9,0.10156,3.248,-0.15234,-0.66921,42
485,9,0.10352,3.2852,-0.17773,-0.66921,56
485,9,0.20898,3.3164,-0.20703,-0.66921,36
485,9,0.10156,3.25,0.095703,-0.33461,28
485,9,0.10352,3.2891,0.0058594,-0.33461,37
485,9,0.10352,3.3242,-0.13086,-0.33461,25
486,12,0,3.209,0.20117,0,10
486,12,0.099609,3.1641,-0.28906,-1.0038,33
486,12,0.099609,3.1992,-0.31836,-1.0038,51
486,12,0.10156,3.2324,-0.36523,-1.0038,38
486,12,0.10352,3.2637,-0.41992,-1.0038,14
486,12,0.099609,3.1758,-0.019531,-0.66921,42
486,12,0.099609,3.2129,-0.12109,-0.66921,67
486,12,0.10156,3.248,-0.17578,-0.66921,49
486,12,0.10352,3.2813,-0.22461,-0.66921,17
486,12,0.099609,3.1621,0.30273,-0.33461,13
486,12,0,3.2148,0.091797,-0.33461,20
486,12,0,3.2539,0.070313,-0.33461,15
487,9,0.097656,3.0977,-0.14844,-1.0038,20
487,9,0.19531,3.1309,-0.14648,-1.0038,37
487,9,0.19922,3.166,-0.18164,-1.0038,31
487,9,0.20117,3.1953,-0.29492,-1.0038,12
487,9,0.097656,3.1016,0.013672,-0.66921,27
487,9,0.097656,3.1387,0.025391,-0.66921,46
487,9,0.19922,3.1719,0,-0.66921,39
487,9,0.099609,3.2129,-0.078125,-0.66921,15
487,9,0.097656,3.127,0.25977,-0.33461,14
488,14,0.095703,3.0586,0.16016,0,9
488,14,0.09375,3.0215,-0.14063,-1.0038,22
488,14,0.095703,3.0566,-0.20313,-1.0038,46
488,14,0.19336,3.0859,-0.25781,-1.0038,49
488,14,0.19531,3.1152,-0.35156,-1.0038,25
488,14,0.18945,3.0215,0.0039063,-0.66921,44
488,14,0.095703,3.0625,-0.082031,-0.66921,89
488,14,0.19336,3.0938,-0.10742,-0.66921,93
488,14,0.19531,3.1309,-0.14844,-0.66921,47
488,14,0.23438,3.7227,0.35156,-0.66921,23
488,14,0.09375,3.0195,0.18945,-0.33461,28
488,14,0.095703,3.0605,0.10352,-0.33461,54
488,14,0.097656,3.0996,0.042969,-0.33461,55
488,14,0.097656,3.1387,-0.064453,-0.33461,27
489,9,0.09375,2.9863,0.068359,0,18
489,9,0.09375,3.0234,0.078125,0,22
489,9,0.095703,3.0625,0.0097656,0,10
489,9,0.1875,2.9727,-0.24219,-0.66921,19
489,9,0.2832,3.002,-0.26367,-0.66921,28
489,9,0.28711,3.043,-0.22852,-0.66921,14
489,9,0.1875,2.9785,-0.1543,-0.33461,31
489,9,0.2832,3.0117,-0.072266,-0.33461,42
489,9,0.19141,3.0508,-0.21875,-0.33461,19
490,10,0.091797,2.9453,0.14648,0,21
490,10,0.09375,2.9863,0.099609,0,26
490,10,0.18945,3.0195,0.10742,0,15
490,10,0.18359,2.9395,-0.18555,-0.66921,19
490,10,0.1875,2.9707,-0.27539,-0.66921,24
490,10,0.18945,3.0117,-0.22656,-0.66921,14
490,10,0.18164,2.9063,0.058594,-0.33461,13
490,10,0.18359,2.9453,-0.052734,-0.33461,40
490,10,0.1875,2.9805,-0.10156,-0.33461,51
490,10,0.18945,3.0195,-0.078125,-0.33461,29
491,10,0.091797,2.9102,0.066406,0,7
491,10,0.091797,2.9473,0.095703,0,14
491,10,0.1875,2.9824,0.0058594,0,17
491,10,0.18945,3.0195,-0.048828,0,10
491,10,0.18359,2.9297,-0.29297,-0.66921,12
491,10,0.09375,2.9746,-0.2793,-0.66921,15
491,10,0.18164,2.9082,-0.0058594,-0.33461,13
491,10,0.18359,2.9434,-0.097656,-0.33461,29
491,10,0.1875,2.9805,-0.10352,-0.33461,37
491,10,0.18945,3.0176,-0.12695,-0.33461,22
514,2,0,3.4414,0.091797,0,7
514,2,0,3.4395,-0.15625,-0.33461,16
515,10,0,3.3281,0.095703,0,16
515,10,0,3.3672,-0.025391,0,17
515,10,0,3.4043,0,0,8
515,10,0.10352,3.3164,-0.26367,-0.66921,31
515,10,0.10547,3.3379,-0.42578,-0.66921,33
515,10,0.10547,3.3809,-0.39453,-0.66921,17
515,10,0,3.2891,-0.11328,-0.33461,14
515,10,0.10352,3.3262,-0.068359,-0.33461,35
515,10,0,3.3633,-0.17773,-0.33461,36
515,10,0,3.3945,-0.25391,-0.33461,18
516,8,0,3.209,-0.53711,-1.0038,16
516,8,0.10352,3.2402,-0.57227,-1.0038,22
516,8,0.10352,3.3008,-0.41602,-1.0038,14
516,8,0.10156,3.2383,-0.28906,-0.66921,27
516,8,0.10352,3.2773,-0.28906,-0.66921,37
516,8,0.10352,3.3242,-0.16211,-0.66921,24
516,8,0,3.2539,0,-0.33461,13
516,8,0,3.291,0.0078125,-0.33461,17
517,17,0,3.1895,0.4043,0,10
517,17,0,3.2461,0.22656,0,7
517,17,0,3.4805,-0.066406,0,14
517,17,0,3.5176,-0.066406,0,15
517,17,0,3.1953,-0.35742,-1.3384,12
517,17,0.099609,3.166,-0.26758,-1.0038,33
517,17,0.099609,3.2031,-0.25977,-1.0038,54
517,17,0.10156,3.2383,-0.29883,-1.0038,42
517,17,0.10352,3.2656,-0.39648,-1.0038,18
517,17,0.099609,3.1758,-0.085938,-0.66921,35
517,17,0.099609,3.2129,-0.076172,-0.66921,55
517,17,0.10156,3.25,-0.12891,-0.66921,45
517,17,0.10352,3.2813,-0.22852,-0.66921,20
517,17,0,3.2148,0.09375,-0.33461,11
517,17,0,3.4551,-0.41602,-0.33461,25
517,17,0,3.4805,-0.51953,-0.33461,30
517,17,0.22266,3.5059,-0.55469,-0.33461,23
518,17,0,3.1328,0.21875,0,12
518,17,0.43945,3.4824,-0.23633,0.33461,20
518,17,0.33398,3.5371,-0.14453,0.33461,19
518,17,0,3.0488,-0.31445,-1.0038,15
518,17,0.097656,3.0879,-0.29102,-1.0038,58
518,17,0.097656,3.123,-0.3125,-1.0038,84
518,17,0.099609,3.1563,-0.34961,-1.0038,56
518,17,0.099609,3.1816,-0.45898,-1.0038,20
518,17,0,3.0625,-0.11523,-0.66921,21
518,17,0.097656,3.0996,-0.09375,-0.66921,79
518,17,0.097656,3.1367,-0.12109,-0.66921,115
518,17,0.099609,3.1738,-0.15039,-0.66921,79
518,17,0.099609,3.209,-0.18164,-0.66921,30
518,17,0,3.1016,0.0058594,-0.33461,27
518,17,0.097656,3.1387,0.054688,-0.33461,41
518,17,0,3.1777,0.0625,-0.33461,30
518,17,0,3.2148,-0.078125,-0.33461,12
519,9,0.095703,3.0449,-0.32617,-1.0038,15
519,9,0.097656,3.0586,-0.50586,-1.0038,13
519,9,0.09375,3.0254,-0.015625,-0.66921,16
519,9,0.095703,3.0586,-0.17578,-0.66921,33
519,9,0.097656,3.0879,-0.29102,-0.66921,32
519,9,0.097656,3.1074,-0.44727,-0.66921,14
519,9,0.095703,3.0625,0.019531,-0.33461,23
519,9,0.097656,3.0977,-0.12891,-0.33461,24
519,9,0.097656,3.1289,-0.25391,-0.33461,12
520,16,0,2.9297,0.34961,0,8
520,16,0,2.9668,0.36328,0,23
520,16,0.09375,3.0137,0.26758,0,27
520,16,0.095703,3.0508,0.27148,0,12
520,16,0.33008,3.4941,-0.25781,0.33461,17
520,16,0.44531,3.5117,-0.3457,0.33461,20
520,16,0.09375,2.9688,-0.33984,-1.0038,11
520,16,0.09375,3.0156,-0.23242,-1.0038,12
520,16,0.091797,2.9492,-0.029297,-0.66921,16
520,16,0.1875,2.9824,-0.068359,-0.66921,44
520,16,0.09375,3.0215,-0.14844,-0.66921,50
520,16,0.095703,3.0566,-0.18164,-0.66921,23
520,16,0.091797,2.9355,0.29492,-0.33461,18
520,16,0.09375,2.9863,0.10547,-0.33461,51
520,16,0.18945,3.0195,0.066406,-0.33461,58
520,16,0.095703,3.0605,0.11133,-0.33461,26
521,6,0.09375,2.9863,-0.046875,0,9
521,6,0.09375,3.0254,-0.046875,0,9
521,6,0.091797,2.9492,-0.035156,-0.33461,16
521,6,0.1875,2.9766,-0.19727,-0.33461,17
521,6,0.09375,3.0234,-0.070313,-0.33461,16
521,6,0.095703,3.0625,-0.087891,-0.33461,13
522,2,0.091797,2.9453,-0.16211,-0.33461,14
522,2,0.09375,2.9805,-0.20508,-0.33461,17
546,4,0,3.3906,-0.3125,0,8
546,4,0,3.3398,-0.43359,-0.33461,17
546,4,0.10547,3.373,-0.44922,-0.33461,18
546,4,0.10742,3.3926,-0.58203,-0.33461,12
547,11,0,3.3223,0.21289,0,16
547,11,0.21094,3.3594,0.11914,0,18
547,11,0.10547,3.4004,0.13867,0,12
547,11,0,3.5117,-0.20703,0,16
547,11,0.10352,3.3027,-0.40039,-0.66921,18
547,11,0.10547,3.3477,-0.35547,-0.66921,22
547,11,0.10352,3.3262,-0.10156,-0.33461,30
547,11,0.10547,3.3633,-0.14258,-0.33461,33
547,11,0,3.4023,-0.11914,-0.33461,19
547,11,0.10938,3.4414,-0.50586,-0.33461,19
547,11,0.10938,3.4883,-0.45117,-0.33461,34
548,15,0.10352,3.3203,0.20898,0,9
548,15,0.10352,3.2578,-0.45313,-1.0038,14
548,15,0.10352,3.3008,-0.42578,-1.0038,14
548,15,0,3.2422,-0.2793,-0.66921,18
548,15,0.10352,3.2773,-0.29102,-0.66921,35
548,15,0.10352,3.3164,-0.27539,-0.66921,36
548,15,0.10547,3.3438,-0.38477,-0.66921,21
548,15,0.10156,3.25,-0.12891,-0.33461,15
548,15,0.10352,3.2891,-0.068359,-0.33461,28
548,15,0.10352,3.3281,-0.048828,-0.33461,29
548,15,0.10547,3.3652,0.056641,-0.33461,16
548,15,-5.3887,1.3711,-0.14453,-0.33461,16
548,15,-5.5996,0,-0.3418,-0.33461,12
548,15,3.3027,0,5.0605,-0.33461,10
548,15,3.3242,0,-5.5137,-0.33461,8
549,12,0,3.9824,0.91406,0,11
549,12,0,4.0371,0.84375,0,10
549,12,0.099609,3.1855,-0.42578,-1.0038,14
549,12,0,3.1777,-0.072266,-0.66921,14
549,12,0.099609,3.209,-0.17188,-0.66921,21
549,12,0.10352,3.2891,0.099609,-0.66921,11
549,12,-5.3516,1.0977,-0.82031,-0.66921,14
549,12,0,4.0508,0.5332,-0.33461,21
549,12,0,4.0742,0.64258,-0.33461,18
549,12,-5.3516,1.3223,-0.36133,-0.33461,13
549,12,3.625,0,5.3027,-0.66921,12
549,12,3.4531,0,-5.3047,-0.33461,11
550,11,0.43945,3.4902,-0.060547,0.33461,19
550,11,0.44531,3.5273,-0.085938,0.33461,18
550,11,0.097656,3.0859,-0.29883,-1.0038,18
550,11,0.097656,3.1211,-0.33984,-1.0038,38
550,11,0.099609,3.1543,-0.37109,-1.0038,33
550,11,0.097656,3.0996,-0.068359,-0.66921,26
550,11,0.097656,3.1367,-0.10742,-0.66921,53
550,11,0.099609,3.1719,-0.16211,-0.66921,48
550,11,0.099609,3.2012,-0.2793,-0.66921,18
550,11,0.097656,3.1387,0.066406,-0.33461,20
550,11,0.099609,3.1758,0.050781,-0.33461,18
551,9,0.09375,3.0254,-0.0058594,-1.0038,14
551,9,0.095703,3.0566,-0.20313,-1.0038,33
551,9,0.097656,3.0918,-0.23633,-1.0038,31
551,9,0.09375,3.0215,0.13086,-0.66921,21
551,9,0.095703,3.0625,0,-0.66921,51
551,9,0.097656,3.0996,-0.060547,-0.66921,47
551,9,0.097656,3.1367,-0.125,-0.66921,16
551,9,0.095703,3.0508,0.27734,-0.33461,22
551,9,0.097656,3.0977,0.12891,-0.33461,20
552,9,0.09375,3.0176,0.22461,0,14
552,9,0.19141,3.043,0.30273,0,9
552,9,0.18945,2.9961,-0.38867,-1.0038,13
552,9,0.1875,2.9766,-0.19531,-0.66921,20
552,9,0.18945,3.0137,-0.19727,-0.66921,39
552,9,0.19141,3.0527,-0.18359,-0.66921,29
552,9,0.1875,2.9824,-0.089844,-0.33461,18
552,9,0.18945,3.0215,-0.015625,-0.33461,37
552,9,0.19141,3.0586,0.015625,-0.33461,26
553,14,0.091797,2.9063,0.18164,0,9
553,14,0.091797,2.9434,0.18359,0,37
553,14,0.1875,2.9805,0.11328,0,64
553,14,0.09375,3.0234,0.070313,0,49
553,14,0.19141,3.0586,-0.042969,0,17
553,14,0.18359,2.9434,-0.12109,-0.66921,36
553,14,0.1875,2.9727,-0.25586,-0.66921,62
553,14,0.18945,3.0039,-0.32813,-0.66921,50
553,14,0.28711,3.0273,-0.37109,-0.66921,17
553,14,0.091797,2.9082,0.14258,-0.33461,16
553,14,0.18359,2.9453,-0.0097656,-0.33461,66
553,14,0.1875,2.9824,-0.070313,-0.33461,113
553,14,0.18945,3.0176,-0.12695,-0.33461,89
553,14,0.19141,3.0527,-0.17383,-0.33461,29
554,7,0.18164,2.9043,0.1543,0,10
554,7,0.091797,2.9473,0.11914,0,15
554,7,0.09375,2.9883,-0.0097656,0,11
554,7,0.18359,2.9102,-0.45898,-0.66921,14
554,7,0.18164,2.9063,0.042969,-0.33461,19
554,7,0.18359,2.9434,-0.089844,-0.33461,30
554,7,0.1875,2.9785,-0.16406,-0.33461,23
555,7,0.18164,2.9082,0.023438,0,10
555,7,0.091797,2.9492,-0.044922,0,13
555,7,0.09375,2.9844,-0.1543,0,9
555,7,0.27734,2.9258,-0.25977,-0.66921,13
555,7,0.18164,2.9043,-0.11719,-0.33461,23
555,7,0.18359,2.9395,-0.18945,-0.33461,33
555,7,0.1875,2.9785,-0.16992,-0.33461,23
556,3,0.10938,3.4648,-0.30469,0.33461,10
556,3,0.2168,3.4023,-0.70313,-0.33461,10
556,3,-0.97852,2.0527,2.6348,-0.33461,6
578,3,0.10352,3.3262,-0.068359,-0.33461,12
578,3,0.10547,3.3574,-0.23047,-0.33461,19
578,3,0.10547,3.3867,-0.33008,-0.33461,15
579,5,0.2168,3.4727,-0.078125,0.33461,12
579,5,0.10938,3.5137,-0.14063,0.33461,16
579,5,0.10938,3.4395,-0.52734,-0.33461,17
579,5,0.10938,3.4902,-0.43359,-0.33461,25
579,5,0.22266,3.5215,-0.44922,-0.33461,18
580,4,0.10352,3.2891,-0.099609,-0.33461,15
580,4,0.10547,3.3926,-0.27539,-0.33461,11
580,4,0,3.4766,-0.15039,-0.33461,14
580,4,0.10938,3.5098,-0.22266,-0.33461,18
581,6,0,3.25,0.17188,0,9
581,6,0,3.2813,0.25586,0,9
581,6,0.10156,3.2461,-0.20508,-0.66921,18
581,6,0,3.2813,-0.25977,-0.66921,18
581,6,0,3.252,-0.10938,-0.33461,19
581,6,0.10352,3.2891,-0.046875,-0.33461,20
582,13,0,3.2441,0.25391,0,9
582,13,0.20117,3.2012,-0.24023,-1.0038,30
582,13,0.10156,3.2441,-0.22656,-1.0038,53
582,13,0.10352,3.2773,-0.29102,-1.0038,46
582,13,0.10352,3.3125,-0.31055,-1.0038,17
582,13,0.099609,3.1758,-0.076172,-0.66921,19
582,13,0,3.2148,-0.09375,-0.66921,40
582,13,0.10156,3.252,-0.017578,-0.66921,64
582,13,0.10352,3.2891,-0.072266,-0.66921,53
582,13,0.10352,3.3242,-0.13281,-0.66921,19
582,13,0,3.2148,0.087891,-0.33461,14
582,13,0,3.252,0.11719,-0.33461,17
582,13,0.10352,3.2891,0.10352,-0.33461,14
583,8,0.19922,3.1621,-0.24609,-1.3384,13
583,8,0,3.0723,-0.43164,-1.0038,17
583,8,0.097656,3.1094,-0.42383,-1.0038,19
583,8,0.099609,3.1758,0.015625,-1.0038,23
583,8,0.20117,3.2051,-0.16992,-1.0038,26
583,8,0,3.0996,-0.13281,-0.66921,22
583,8,0,3.1328,-0.21094,-0.66921,26
583,8,0,3.2148,-0.087891,-0.66921,20
584,12,0,3.0977,0.17188,0,10
584,12,0,3.0215,-0.16602,-1.0038,15
584,12,0.095703,3.0547,-0.2207,-1.0038,32
584,12,0.097656,3.0859,-0.30859,-1.0038,28
584,12,0,3.0273,0.0039063,-0.66921,27
584,12,0.095703,3.0625,-0.074219,-0.66921,58
584,12,0.097656,3.0938,-0.21289,-0.66921,56
584,12,0.097656,3.123,-0.3125,-0.66921,29
584,12,0,3.0215,0.18945,-0.33461,15
584,12,0.095703,3.0625,0.080078,-0.33461,35
584,12,0.097656,3.1016,-0.025391,-0.33461,39
584,12,0.097656,3.1367,-0.097656,-0.33461,24
585,16,0,2.9844,0.15234,0,17
585,16,0.09375,3.0156,0.23438,0,27
585,16,0,3.0566,0.22461,0,19
585,16,0.33398,3.5293,-0.27539,0.33461,18
585,16,0.09375,2.9785,-0.22266,-1.0038,15
585,16,0.18945,3.0078,-0.2793,-1.0038,24
585,16,0.095703,3.0488,-0.29297,-1.0038,16
585,16,0.09375,2.9863,-0.054688,-0.66921,45
585,16,0.09375,3.0234,-0.095703,-0.66921,70
585,16,0.19141,3.0566,-0.12695,-0.66921,49
585,16,0.097656,3.0996,-0.11523,-0.66921,15
585,16,0,2.9453,0.17188,-0.33461,11
585,16,0,2.9883,0.085938,-0.33461,42
585,16,0.09375,3.0254,0.050781,-0.33461,68
585,16,0.095703,3.0625,0.048828,-0.33461,48
585,16,0,3.1016,-0.03125,-0.33461,16
586,16,0.091797,2.9453,0.16602,0,24
586,16,0.09375,2.9844,0.14258,0,44
586,16,0.09375,3.0234,0.125,0,34
586,16,0,3.0625,0.12305,0,10
586,16,0.33008,3.4844,-0.36523,0.33461,16
586,16,0.33398,3.5137,-0.43945,0.33461,20
586,16,0.33789,3.5605,-0.36328,0.33461,14
586,16,0.091797,2.9453,-0.17188,-0.66921,26
586,16,0.1875,2.9766,-0.20313,-0.66921,49
586,16,0.18945,3.0117,-0.24023,-0.66921,37
586,16,0.18359,2.9453,-0.0058594,-0.33461,44
586,16,0.1875,2.9824,-0.025391,-0.33461,82
586,16,0.18945,3.0195,-0.070313,-0.33461,62
586,16,0.095703,3.0625,-0.021484,-0.33461,18
586,16,0.44531,3.4336,-0.8125,-0.33461,12
586,16,0.44922,3.5039,-0.66211,-0.33461,11
587,2,0.33008,3.4883,-0.33203,0.33461,14
587,2,0.09375,2.9707,-0.30664,-0.33461,15
615,2,0,3.3691,-0.48828,-0.33461,16
615,2,0.10742,3.4004,-0.5332,-0.33461,13
616,6,0.10352,3.2695,0.35742,0,10
616,6,0,3.3281,0.046875,0,10
616,6,0.10352,3.2773,-0.29688,-0.66921,24
616,6,0.10352,3.3105,-0.33984,-0.66921,20
616,6,0.10352,3.2891,-0.0625,-0.33461,24
616,6,0.10352,3.3281,-0.054688,-0.33461,23
617,17,0,3.209,0.20117,0,8
617,17,0,3.252,0.097656,0,10
617,17,0.099609,3.1719,-0.51953,-1.0038,23
617,17,0.10156,3.2148,-0.49023,-1.0038,31
617,17,0.10352,3.2578,-0.46289,-1.0038,20
617,17,0.099609,3.1543,-0.36719,-0.66921,19
617,17,0,3.2012,-0.30664,-0.66921,53
617,17,0.10156,3.2383,-0.29297,-0.66921,71
617,17,0.10352,3.2754,-0.30078,-0.66921,44
617,17,0.099609,3.1758,0.041016,-0.33461,14
617,17,0.099609,3.2148,-0.050781,-0.33461,39
617,17,0.10156,3.252,-0.052734,-0.33461,48
617,17,0.10352,3.2871,-0.11719,-0.33461,30
617,17,-5.5234,0,-0.42578,-0.33461,13
617,17,-5.5625,0,-0.57031,-0.33461,13
617,17,3.2793,0,5.2168,-0.33461,8
617,17,3.3027,0,5.3125,-0.33461,7
618,14,0.21484,3.4336,0.13672,0.33461,20
618,14,0.32617,3.4551,0.2793,0.33461,18
618,14,0,3.0977,-0.16406,-1.0038,13
618,14,0.097656,3.125,-0.28906,-1.0038,45
618,14,0.099609,3.1563,-0.36328,-1.0038,64
618,14,0.099609,3.1875,-0.41016,-1.0038,42
618,14,0,3.1016,-0.044922,-0.66921,22
618,14,0.097656,3.1367,-0.12109,-0.66921,76
618,14,0.099609,3.1719,-0.16406,-0.66921,107
618,14,0.099609,3.207,-0.20703,-0.66921,69
618,14,0.20313,3.2383,-0.23633,-0.66921,18
618,14,0.097656,3.1367,0.11133,-0.33461,38
618,14,0.099609,3.1758,0.060547,-0.33461,51
618,14,0.099609,3.2148,0.029297,-0.33461,32
619,10,0.095703,3.0488,-0.29492,-1.0038,13
619,10,0.097656,3.0781,-0.37305,-1.0038,23
619,10,0.097656,3.1133,-0.39648,-1.0038,19
619,10,0.095703,3.0625,-0.058594,-0.66921,20
619,10,0.097656,3.0938,-0.19727,-0.66921,37
619,10,0.097656,3.1309,-0.22461,-0.66921,31
619,10,0,3.1543,-0.39063,-0.66921,13
619,10,0.097656,3.0996,0.054688,-0.33461,15
619,10,0,3.1387,-0.076172,-0.33461,13
619,10,-1.0918,0.73047,2.8945,-0.66921,7
620,10,0,3.0195,0.21289,0,10
620,10,0.095703,3.0547,0.22656,0,13
620,10,0,3.1016,0,0,9
620,10,0.095703,3.043,-0.35547,-1.0038,16
620,10,0.09375,3.0234,-0.074219,-0.66921,27
620,10,0.095703,3.0605,-0.13672,-0.66921,42
620,10,0.097656,3.0957,-0.18164,-0.66921,28
620,10,0,3.0273,-0.035156,-0.33461,25
620,10,0.095703,3.0625,-0.0019531,-0.33461,37
620,10,0.097656,3.1016,-0.0078125,-0.33461,24
621,14,0,2.9492,0.072266,0,11
621,14,0,2.9863,0.13086,0,35
621,14,0.09375,3.0234,0.080078,0,45
621,14,0.095703,3.0625,-0.021484,0,25
621,14,0,3.084,-0.33789,0,7
621,14,0.091797,2.9473,-0.13477,-0.66921,11
621,14,0.09375,2.9766,-0.24414,-0.66921,38
621,14,0.09375,3.0117,-0.2832,-0.66921,48
621,14,0.19141,3.041,-0.33398,-0.66921,28
621,14,0.091797,2.9492,-0.013672,-0.33461,20
621,14,0.09375,2.9863,-0.089844,-0.33461,65
621,14,0.09375,3.0234,-0.11523,-0.33461,81
621,14,0.095703,3.0566,-0.18555,-0.33461,46
621,14,0.097656,3.0645,-0.48047,-0.33461,13
622,14,0,2.9121,0.097656,0,12
622,14,0,2.9492,0.076172,0,22
622,14,0.09375,2.9863,0.035156,0,22
622,14,0,3.0273,-0.037109,0,10
622,14,0.2207,3.4844,-0.43945,0.33461,11
622,14,0,2.9336,-0.31445,-0.66921,18
622,14,0.09375,2.9688,-0.33984,-0.66921,17
622,14,0.091797,2.9121,-0.042969,-0.33461,23
622,14,0.091797,2.9473,-0.10352,-0.33461,44
622,14,0.09375,2.9824,-0.16992,-0.33461,42
622,14,0.09375,3.0137,-0.26367,-0.33461,21
622,14,0.10742,3.3262,-0.88086,-0.33461,18
622,14,0.10938,3.3418,-0.9668,-0.33461,24
622,14,0.2207,3.3555,-1.0332,-0.33461,20
623,4,0.091797,2.9473,-0.10742,-0.33461,11
623,4,0.1875,2.9805,-0.097656,-0.33461,12
623,4,0.10742,3.3164,-0.91992,-0.33461,14
623,4,-0.92188,0,2.8848,-0.33461,6
648,1,0,3.3301,-0.49609,-0.33461,12
649,5,0,3.3301,0.035156,0,12
649,5,0,3.3672,-0.066406,0,13
649,5,0.10352,3.3223,-0.18555,-0.33461,26
649,5,0.10547,3.3613,-0.16992,-0.33461,26
649,5,0.10547,3.4043,-0.015625,-0.33461,14
650,13,0,3.2871,0.1543,0,20
650,13,0,3.3262,0.13867,0,22
650,13,0.10547,3.3594,0.21094,0,13
650,13,0.33008,3.4922,-0.2832,0.33461,16
650,13,0.22266,3.5313,-0.34961,0.33461,18
650,13,0,3.2383,-0.30859,-0.66921,14
650,13,0.10352,3.2773,-0.29297,-0.66921,35
650,13,0.10352,3.3203,-0.22852,-0.66921,37
650,13,0.10547,3.3516,-0.31445,-0.66921,21
650,13,0,3.2539,0.033203,-0.33461,18
650,13,0.10352,3.2891,-0.068359,-0.33461,43
650,13,0.10352,3.3281,-0.050781,-0.33461,46
650,13,0.10547,3.3652,-0.041016,-0.33461,26
651,14,0.33008,3.502,-0.060547,0.33461,15
651,14,0.099609,3.1973,-0.32617,-1.0038,18
651,14,0.10156,3.2344,-0.33203,-1.0038,35
651,14,0.20508,3.2734,-0.28125,-1.0038,37
651,14,0.20898,3.3125,-0.25586,-1.0038,21
651,14,0,3.2129,-0.12891,-0.66921,27
651,14,0.10156,3.252,-0.056641,-0.66921,56
651,14,0.10352,3.2891,-0.10742,-0.66921,61
651,14,0.10352,3.3242,-0.16406,-0.66921,35
651,14,0.12109,3.8867,0.24414,-0.66921,13
651,14,0.12305,3.9336,-0.027344,-0.66921,13
651,14,0.10156,3.248,0.15625,-0.33461,26
651,14,0.10352,3.2871,0.15625,-0.33461,30
651,14,0.10352,3.3262,0.10156,-0.33461,17
652,13,0.54883,3.4727,-0.13281,0.33461,16
652,13,0.44531,3.5195,-0.25977,0.33461,16
652,13,0.097656,3.1348,-0.16992,-1.0038,14
652,13,0.099609,3.1719,-0.1582,-1.0038,28
652,13,0.099609,3.2129,-0.12305,-1.0038,36
652,13,0.10156,3.2441,-0.22852,-1.0038,24
652,13,0,3.1406,0.0039063,-0.66921,23
652,13,0.099609,3.1758,0.027344,-0.66921,48
652,13,0.099609,3.2148,0.023438,-0.66921,61
652,13,0.10156,3.252,-0.041016,-0.66921,40
652,13,0,3.1699,0.22461,-0.33461,22
652,13,0.099609,3.2109,0.16602,-0.33461,29
652,13,0.10156,3.25,0.12695,-0.33461,19
653,10,0.54883,3.4668,-0.25,0.33461,19
653,10,0.55664,3.4941,-0.36133,0.33461,17
653,10,0.097656,3.0996,-0.070313,-1.0038,24
653,10,0.097656,3.1367,-0.09375,-1.0038,29
653,10,0.099609,3.1699,-0.19922,-1.0038,14
653,10,0,3.0605,0.14844,-0.66921,13
653,10,0,3.0938,0.21875,-0.66921,31
653,10,0.097656,3.1348,0.16992,-0.66921,39
653,10,0,3.1758,0.12109,-0.66921,18
653,10,0,3.0977,0.50977,-0.33461,12
654,22,0,2.9746,0.29297,0,9
654,22,0.09375,3.0059,0.3418,0,27
654,22,0.095703,3.043,0.34375,0,40
654,22,0.097656,3.0898,0.26367,0,29
654,22,0.19531,3.1289,0.19531,0,10
654,22,0.43945,3.4766,-0.30859,0.33461,25
654,22,0.44531,3.5098,-0.37109,0.33461,27
654,22,0.09375,3.0234,-0.089844,-1.0038,24
654,22,0.19141,3.0547,-0.14648,-1.0038,42
654,22,0.097656,3.0938,-0.2207,-1.0038,32
654,22,0.09375,2.9863,0.078125,-0.66921,20
654,22,0.09375,3.0254,0.041016,-0.66921,74
654,22,0.095703,3.0625,-0.0097656,-0.66921,119
654,22,0.19336,3.0957,-0.048828,-0.66921,91
654,22,0.19531,3.1328,-0.099609,-0.66921,32
654,22,0.11523,3.6641,0.54883,-0.66921,20
654,22,0.09375,2.9805,0.2168,-0.33461,21
654,22,0.09375,3.0176,0.20313,-0.33461,72
654,22,0.19141,3.0547,0.16992,-0.33461,108
654,22,0.097656,3.0996,0.11523,-0.33461,80
654,22,0.097656,3.1387,-0.027344,-0.33461,27
654,22,0.11523,3.6113,0.82813,-0.33461,24
655,13,0.091797,2.9199,0.41406,0,13
655,13,0.09375,2.9746,0.27148,0,32
655,13,0.09375,3.0176,0.21875,0,35
655,13,0.095703,3.0586,0.16992,0,21
655,13,0.33008,3.4883,-0.33203,0.33461,14
655,13,0.091797,2.9492,-0.023438,-0.66921,13
655,13,0.1875,2.9805,-0.11523,-0.66921,34
655,13,0.18945,3.0176,-0.12695,-0.66921,41
655,13,0.19141,3.0508,-0.2207,-0.66921,25
655,13,0.091797,2.9473,0.099609,-0.33461,23
655,13,0.09375,2.9863,0.037109,-0.33461,57
655,13,0.09375,3.0254,0.027344,-0.33461,66
655,13,0.19141,3.0586,-0.068359,-0.33461,40
656,6,0.091797,2.9434,0.18359,0,8
656,6,0,2.9805,0.21484,0,10
656,6,0.18945,3.0117,0.22656,0,9
656,6,0.18359,2.9434,-0.089844,-0.33461,14
656,6,0.1875,2.9824,0.011719,-0.33461,18
656,6,0.09375,3.0234,-0.070313,-0.33461,14
682,6,0,3.3379,-0.44141,0,8
682,6,0.10547,3.3926,-0.27539,0,8
682,6,0.10547,3.3398,-0.41992,-0.33461,16
682,6,0.21289,3.3613,-0.50586,-0.33461,15
682,6,0.10938,3.5059,-0.2793,-0.33461,18
682,6,0,3.5332,-0.40039,-0.33461,18
683,10,0,3.291,0,0,11
683,10,0.10352,3.3242,0.14648,0,21
683,10,0.10547,3.3652,0.066406,0,18
683,10,0.10352,3.2617,-0.42578,-0.66921,15
683,10,0.10352,3.3027,-0.4043,-0.66921,27
683,10,0.10547,3.3438,-0.375,-0.66921,24
683,10,0,3.2891,-0.11523,-0.33461,21
683,10,0.10352,3.3242,-0.17188,-0.33461,40
683,10,0.10547,3.3613,-0.16602,-0.33461,36
683,10,0.21289,3.3887,-0.25,-0.33461,17
684,12,0.22266,3.5488,-0.046875,0.33461,21
684,12,0.22461,3.5879,-0.039063,0.33461,15
684,12,0.10156,3.2402,-0.2832,-1.0038,31
684,12,0.20508,3.2773,-0.23828,-1.0038,36
684,12,0.10352,3.3164,-0.2832,-1.0038,18
684,12,0.099609,3.2109,-0.16016,-0.66921,20
684,12,0.10156,3.25,-0.14063,-0.66921,51
684,12,0.10352,3.2871,-0.14258,-0.66921,58
684,12,0.10352,3.3223,-0.20117,-0.66921,30
684,12,0.10156,3.252,0.085938,-0.33461,23
684,12,0,3.291,0.035156,-0.33461,26
684,12,0,3.3281,-0.076172,-0.33461,14
685,16,0,3.1543,0.38086,0,11
685,16,0.099609,3.1816,0.45508,0,14
685,16,0.21484,3.4355,0.089844,0.33461,19
685,16,0.2168,3.4609,0.30078,0.33461,18
685,16,0.20117,3.1836,-0.40234,-1.3384,13
685,16,0.097656,3.1348,-0.14648,-1.0038,20
685,16,0.099609,3.1699,-0.21484,-1.0038,57
685,16,0.20117,3.2012,-0.22852,-1.0038,68
685,16,0.10156,3.2363,-0.31055,-1.0038,35
685,16,0.097656,3.1387,0.064453,-0.66921,24
685,16,0.099609,3.1758,0.0019531,-0.66921,67
685,16,0.099609,3.2148,-0.052734,-0.66921,80
685,16,0.10156,3.248,-0.15039,-0.66921,42
685,16,0.099609,3.1699,0.19141,-0.33461,17
685,16,0.099609,3.2129,0.064453,-0.33461,20
685,16,0,3.2539,0.019531,-0.33461,10
686,12,0.43945,3.4688,-0.38672,0.33461,19
686,12,0.55664,3.4844,-0.43945,0.33461,16
686,12,0.097656,3.084,-0.31641,-1.0038,23
686,12,0.097656,3.127,-0.28125,-1.0038,31
686,12,0.099609,3.1563,-0.35547,-1.0038,20
686,12,0.095703,3.0625,-0.046875,-0.66921,13
686,12,0.097656,3.0996,-0.0625,-0.66921,39
686,12,0.097656,3.1387,-0.070313,-0.66921,51
686,12,0.19922,3.1719,-0.072266,-0.66921,34
686,12,0,3.1016,0.068359,-0.33461,18
686,12,0.097656,3.1387,0.046875,-0.33461,24
686,12,0.099609,3.1719,0.16602,-0.33461,17
687,14,0.54883,3.457,-0.36523,0.33461,23
687,14,0.44531,3.5176,-0.27734,0.33461,27
687,14,0.44922,3.5586,-0.22656,0.33461,16
687,14,0.09375,3.0234,-0.12891,-1.0038,15
687,14,0.19141,3.0488,-0.24414,-1.0038,28
687,14,0.19336,3.084,-0.27148,-1.0038,22
687,14,0.09375,3.0234,0.085938,-0.66921,32
687,14,0.19141,3.0586,0.027344,-0.66921,57
687,14,0.19336,3.0957,-0.054688,-0.66921,41
687,14,0.09375,3.0215,0.16406,-0.33461,21
687,14,0.095703,3.0605,0.13086,-0.33461,37
687,14,0.097656,3.0977,0.12305,-0.33461,22
687,14,0.15039,4.8301,0.32227,-0.33461,19
687,14,0.30469,4.8691,0.10938,-0.33461,18
688,11,0,2.9766,0.27734,0,11
688,11,0.09375,3.0176,-0.22656,0,13
688,11,0,3.041,-0.37109,0,8
688,11,0.33008,3.4941,-0.23828,0.33461,22
688,11,0.44531,3.5215,-0.23633,0.33461,30
688,11,0.44922,3.5566,-0.25,0.33461,18
688,11,0.1875,2.9785,0.17188,-0.66921,15
688,11,0.09375,2.9863,0.080078,-0.33461,22
688,11,0.09375,2.9707,-0.57422,-0.33461,21
688,11,0.19141,2.998,-0.60742,-0.33461,13
688,11,0.44531,3.4883,-0.52539,-0.33461,20
689,8,0.091797,2.9434,0.18359,0,15
689,8,0.09375,2.9863,0.074219,0,19
689,8,0.09375,3.0254,0.039063,0,12
689,8,0.091797,2.9434,-0.17969,-0.66921,13
689,8,0.09375,2.9727,-0.29688,-0.66921,17
689,8,0.18359,2.9453,0.021484,-0.33461,29
689,8,0.09375,2.9863,-0.080078,-0.33461,37
689,8,0.09375,3.0234,-0.10156,-0.33461,25
710,2,0.32617,3.4648,-0.095703,-0.33461,12
710,2,0.33008,3.5039,-0.021484,-0.33461,12
711,9,0.21289,3.3965,-0.11719,0.33461,16
711,9,0.21484,3.4336,0.10938,0.33461,19
711,9,0.2168,3.4688,0.19531,0.33461,17
711,9,0.33008,3.502,0.039063,0.33461,15
711,9,0.31836,3.334,-0.61523,-0.33461,21
711,9,0.32227,3.3926,-0.48633,-0.33461,25
711,9,0.32617,3.4375,-0.43359,-0.33461,23
711,9,0.33008,3.4727,-0.45703,-0.33461,19
711,9,-0.87891,1.5996,3.0078,-0.33461,10
712,18,0,3.3262,-0.16211,0,14
712,18,0.10547,3.3613,-0.15039,0,28
712,18,0.10547,3.4004,-0.12891,0,26
712,18,0,3.4336,-0.26172,0,12
712,18,0.2168,3.4688,-0.18164,0,9
712,18,0.32227,3.4219,0.20898,0.33461,15
712,18,0.32617,3.4648,0.039063,0.33461,23
712,18,0.43945,3.4902,-0.019531,0.33461,25
712,18,0.10352,3.3086,-0.35742,-0.66921,19
712,18,0.10547,3.3301,-0.48633,-0.66921,32
712,18,0.10547,3.3535,-0.57422,-0.66921,24
712,18,0.10352,3.3203,-0.23047,-0.33461,28
712,18,0.10547,3.3496,-0.32031,-0.33461,53
712,18,0.10547,3.373,-0.45508,-0.33461,46
712,18,0.21484,3.4004,-0.49414,-0.33461,22
712,18,0.43555,3.4316,-0.37891,-0.33461,36
712,18,0.43945,3.4707,-0.37305,-0.33461,37
712,18,0.44531,3.5137,-0.32617,-0.33461,22
713,11,0.21289,3.3984,-0.021484,0,8
713,11,0.2168,3.4707,0.16406,0,10
713,11,0.33008,3.502,0.11523,0,12
713,11,0.2207,3.4102,0.83984,0.33461,13
713,11,0.2207,3.5098,-0.12109,-0.66921,12
713,11,0.10547,3.3633,-0.13477,-0.33461,14
713,11,0.31836,3.3887,-0.076172,-0.33461,22
713,11,0.21484,3.4336,-0.10938,-0.33461,17
713,11,0.32617,3.459,0.22461,-0.33461,27
713,11,0.33008,3.5,0.12695,-0.33461,33
713,11,0.33398,3.5391,-0.068359,-0.33461,22
714,20,0.20508,3.1992,-0.74805,0,7
714,20,0.20898,3.3008,-0.37695,0,9
714,20,0.31641,3.3438,-0.23633,0,19
714,20,0.21289,3.3945,-0.15625,0,25
714,20,0.21484,3.4355,-0.09375,0,20
714,20,0.32617,3.4141,0.5918,0,15
714,20,0.10352,3.2363,-0.58789,0.33461,12
714,20,0.21094,3.3574,-0.16602,0.33461,20
714,20,0.21289,3.3926,-0.18359,0.33461,33
714,20,0.21484,3.4355,-0.029297,0.33461,25
714,20,0.32617,3.4473,0.35742,0.33461,17
714,20,0.31641,3.2891,-0.65039,-0.66921,19
714,20,0.31836,3.3242,-0.66406,-0.66921,26
714,20,0.32227,3.3867,-0.52148,-0.66921,19
714,20,0.20898,3.2832,-0.51563,-0.33461,14
714,20,0.31641,3.3203,-0.45703,-0.33461,52
714,20,0.31836,3.3555,-0.48047,-0.33461,74
714,20,0.32227,3.4063,-0.375,-0.33461,56
714,20,0.43555,3.4512,0.099609,-0.33461,41
714,20,0.54883,3.4668,0.24609,-0.33461,30
715,17,0.20898,3.3184,0.18359,0,14
715,17,0.21094,3.3535,0.2168,0,40
715,17,0.21289,3.3965,0.083984,0,51
715,17,0.32227,3.3848,0.53516,0,33
715,17,0.32617,3.4648,-0.0078125,0,42
715,17,0.33008,3.4883,-0.33008,0,26
715,17,0.21094,3.3555,-0.20117,-0.66921,35
715,17,0.21289,3.3945,-0.16602,-0.66921,41
715,17,0.32227,3.4277,0.013672,-0.66921,27
715,17,0.32617,3.4102,-0.61719,-0.66921,39
715,17,0.33008,3.4102,-0.80469,-0.66921,25
715,17,0.20898,3.3223,0.066406,-0.33461,25
715,17,0.21094,3.3613,-0.017578,-0.33461,75
715,17,0.21289,3.3984,0.0078125,-0.33461,93
715,17,0.42969,3.4102,0.21289,-0.33461,58
715,17,0.32617,3.4492,-0.33789,-0.33461,84
715,17,0.33008,3.4531,-0.58594,-0.33461,51
716,35,0.20508,3.2617,0.39063,0,20
716,35,0.3125,3.2949,0.35938,0,68
716,35,0.31641,3.3457,0.22266,0,95
716,35,0.31836,3.3887,0.11133,0,67
716,35,0.53711,3.3867,0.31445,0,32
716,35,0.43555,3.4414,0.2832,0,33
716,35,0.43945,3.4902,0.039063,0,35
716,35,0.37891,4.0254,0.20117,0,20
716,35,0.10938,3.4336,-0.55664,0.33461,16
716,35,0.10938,3.4668,-0.58594,0.33461,14
716,35,0.10938,3.4395,-0.51953,0.66921,14
716,35,0,3.332,-0.69922,1.0038,14
716,35,0,3.3379,-0.8457,1.0038,22
716,35,0.10938,3.3672,-0.87109,1.0038,16
716,35,0.10742,3.4004,-0.52539,1.3384,18
716,35,0,3.416,-0.66406,1.3384,13
716,35,0.20508,3.2402,-0.54102,-1.0038,16
716,35,0.3125,3.2461,-0.66992,-1.0038,42
716,35,0.21094,3.252,-0.84766,-1.0038,47
716,35,0.31836,3.2852,-0.83398,-1.0038,30
716,35,0.42969,3.3242,-0.7832,-1.0038,14
716,35,0.30859,3.2734,-0.15039,-0.66921,43
716,35,0.3125,3.3066,-0.22266,-0.66921,124
716,35,0.42188,3.3262,-0.31641,-0.66921,156
716,35,0.31836,3.3672,-0.39844,-0.66921,105
716,35,0.42969,3.4102,-0.19727,-0.66921,55
716,35,0.54297,3.4375,-0.0078125,-0.66921,40
716,35,0.43945,3.4746,-0.32813,-0.66921,37
716,35,0.30859,3.2715,0.17773,-0.33461,47
716,35,0.3125,3.3145,0.070313,-0.33461,149
716,35,0.31641,3.3516,-0.052734,-0.33461,199
716,35,0.31836,3.3867,-0.15234,-0.33461,139
716,35,0.53711,3.4004,-0.0019531,-0.33461,69
716,35,0.54297,3.4277,0.25977,-0.33461,58
716,35,0.54883,3.4746,-0.10156,-0.33461,61
717,37,0.10156,3.1797,0.68359,0,12
717,37,0.10352,2.668,1.9238,0,12
717,37,0.20898,3.2891,-0.47266,0,25
717,37,0.21094,3.3555,-0.17773,0,56
717,37,0.31836,3.3887,-0.052734,0,81
717,37,0.42969,3.4141,-0.11328,0,82
717,37,0.32617,3.4395,-0.42969,0,54
717,37,0.10938,3.4707,-0.57031,0,33
717,37,0.25,3.9941,0.25977,0,31
717,37,0.37891,3.9883,-0.58203,0,24
717,37,-5.8965,2.748,-0.14453,0,16
717,37,0.20313,3.2441,-0.12109,-1.0038,23
717,37,0.30859,3.2754,-0.066406,-1.0038,40
717,37,0.41602,3.3027,0.033203,-1.0038,33
717,37,0.31641,3.3496,-0.13086,-1.0038,28
717,37,0.31836,3.3652,-0.41602,-1.0038,38
717,37,0.42969,3.3945,-0.37695,-1.0038,33
717,37,0.20313,3.2422,0.16797,-0.66921,54
717,37,0.30859,3.2617,0.32227,-0.66921,89
717,37,0.3125,3.2539,0.63086,-0.66921,46
717,37,0.21094,3.3516,-0.24023,-0.66921,81
717,37,0.31836,3.375,-0.30859,-0.66921,151
717,37,0.42969,3.3965,-0.36133,-0.66921,147
717,37,0.43555,3.4043,-0.58008,-0.66921,75
717,37,0.375,3.9883,-0.17188,-0.66921,46
717,37,0.20313,3.2246,0.37695,-0.33461,42
717,37,0.20508,3.1836,0.80859,-0.33461,59
717,37,0.10352,3.3242,-0.14063,-0.33461,18
717,37,0.21094,3.3496,-0.26367,-0.33461,106
717,37,0.31836,3.3848,-0.20508,-0.33461,182
717,37,0.32227,3.4121,-0.32227,-0.33461,184
717,37,0.32617,3.4219,-0.55078,-0.33461,108
717,37,0.33008,3.4395,-0.66406,-0.33461,54
717,37,0.25,4.002,0.023438,-0.33461,61
717,37,-6.0645,2.1914,-0.51563,-0.33461,28
717,37,-5.8965,2.7051,-0.50391,-0.33461,29
717,37,-1.248,0.32031,3.0703,-0.33461,12
718,34,0.20117,3.1816,0.41992,0,11
718,34,0.20313,3.2461,-0.074219,0,20
718,34,0.20508,3.2637,-0.36914,0,38
718,34,0.3125,3.293,-0.37109,0,49
718,34,0.42188,3.3301,-0.25781,0,55
718,34,0.53125,3.3574,-0.19141,0,61
718,34,0.42969,3.4102,-0.20313,0,46
718,34,0.29883,3.1582,0.19336,-1.0038,16
718,34,0.30078,3.2012,0.078125,-1.0038,51
718,34,0.30469,3.2402,0.019531,-1.0038,76
718,34,0.30859,3.2734,-0.13477,-1.0038,45
718,34,0.3125,3.2793,-0.48633,-1.0038,65
718,34,0.42188,3.3008,-0.51563,-1.0038,95
718,34,0.42578,3.3125,-0.66211,-1.0038,76
718,34,0.42969,3.3203,-0.79883,-1.0038,43
718,34,0.19922,3.0977,0.68555,-0.66921,19
718,34,0.30078,3.1875,0.29297,-0.66921,68
718,34,0.30469,3.2363,0.12891,-0.66921,107
718,34,0.30859,3.2617,-0.31445,-0.66921,92
718,34,0.3125,3.2793,-0.47656,-0.66921,170
718,34,0.42188,3.3105,-0.44922,-0.66921,228
718,34,0.42578,3.3398,-0.51172,-0.66921,204
718,34,0.53711,3.3496,-0.58398,-0.66921,127
718,34,0.24609,3.8848,-0.57813,-0.66921,50
718,34,0.24805,3.8418,-0.97656,-0.66921,60
718,34,0.20117,3.1523,0.60547,-0.33461,21
718,34,0.30469,3.2383,0.044922,-0.33461,52
718,34,0.30859,3.252,-0.40234,-0.33461,87
718,34,0.3125,3.2891,-0.41406,-0.33461,146
718,34,0.42188,3.3242,-0.33203,-0.33461,180
718,34,0.42578,3.3594,-0.35156,-0.33461,180
718,34,0.42969,3.3926,-0.39063,-0.33461,122
718,34,0.12305,3.9082,-0.43164,-0.33461,53
718,34,0.24805,3.9258,-0.55859,-0.33461,62
719,53,0.19531,3.0371,0.77344,0,18
719,53,0.19922,3.1289,0.51953,0,29
719,53,0.20117,3.207,0.14063,0,34
719,53,0.20313,3.2461,0.099609,0,34
719,53,0.20508,3.2852,0.074219,0,25
719,53,0.099609,3.1055,0.66797,0.33461,12
719,53,0.20117,3.1875,0.37891,0.33461,15
719,53,0.10156,3.2441,0.23633,0.33461,14
719,53,0.29492,3.125,-0.089844,-1.3384,33
719,53,0.29883,3.1563,-0.23047,-1.3384,43
719,53,0.30078,3.1699,-0.44922,-1.3384,39
719,53,0.30469,3.1797,-0.61523,-1.3384,37
719,53,0.30859,3.2246,-0.58594,-1.3384,28
719,53,0.29102,3.0859,0.13867,-1.0038,34
719,53,0.29492,3.127,0.046875,-1.0038,110
719,53,0.29883,3.1582,-0.17773,-1.0038,180
719,53,0.30078,3.1699,-0.44922,-1.0038,213
719,53,0.30469,3.1934,-0.54297,-1.0038,208
719,53,0.30859,3.2285,-0.56055,-1.0038,150
719,53,0.41602,3.2363,-0.6582,-1.0038,62
719,53,0.36523,3.8789,-0.089844,-1.0038,26
719,53,0.36914,3.9141,-0.18164,-1.0038,31
719,53,-6.0293,2.0723,-0.84375,-1.0038,14
719,53,0.29102,3.0762,0.28516,-0.66921,30
719,53,0.29492,3.123,0.14844,-0.66921,101
719,53,0.29883,3.1621,-0.10156,-0.66921,196
719,53,0.30078,3.1836,-0.33984,-0.66921,273
719,53,0.30469,3.2109,-0.42188,-0.66921,270
719,53,0.30859,3.248,-0.43359,-0.66921,188
719,53,0.41602,3.2539,-0.56836,-0.66921,83
719,53,0.52539,3.2715,-0.59961,-0.66921,59
719,53,0.24414,3.8809,0.25781,-0.66921,42
719,53,0.24609,3.9277,-0.0019531,-0.66921,56
719,53,0.24805,3.9512,-0.32617,-0.66921,38
719,53,-6.1934,1.498,-0.51758,-0.66921,20
719,53,-6.0293,2.1582,-0.59375,-0.66921,33
719,53,-6.0645,2.1484,-0.67578,-0.66921,30
719,53,0.29492,3.127,-0.013672,-0.33461,19
719,53,0.29883,3.1582,-0.19141,-0.33461,55
719,53,0.30078,3.1855,-0.32227,-0.33461,97
719,53,0.30469,3.2207,-0.35156,-0.33461,99
719,53,0.30859,3.252,-0.4043,-0.33461,64
719,53,0.3125,3.2852,-0.44922,-0.33461,35
719,53,0.42188,3.3008,-0.51367,-0.33461,32
719,53,0.12305,3.9258,0.23633,-0.33461,28
719,53,3.7188,0,4.4219,-0.33461,16
719,53,-6.1934,1.5,-0.51367,-0.33461,15
719,53,-6.2305,1.5605,-0.33008,-0.33461,27
719,53,-6.0645,2.2188,-0.38086,-0.33461,26
719,53,1.0059,6.3027,-0.80273,-1.0038,8
719,53,0.59961,6.3594,-0.27148,-0.66921,16
719,53,-5.0723,1.7598,-0.66602,-0.33461,15
719,53,0.59961,6.3633,0.14258,-0.33461,12
720,33,0.19336,3.0957,0.083984,0,14
720,33,0.19531,3.1328,0.048828,0,20
720,33,0.19922,3.1699,0.082031,0,18
720,33,0.2832,3.0137,0,-1.3384,32
720,33,0.28711,3.0449,-0.20508,-1.3384,66
720,33,0.29102,3.0371,-0.55859,-1.3384,80
720,33,0.29492,3.0195,-0.80664,-1.3384,58
720,33,0.099609,3.127,-0.5625,-1.3384,48
720,33,0.099609,3.1289,-0.73438,-1.3384,34
720,33,0.40625,3.0742,-0.98438,-1.3384,33
720,33,0.1875,2.9785,0.14844,-1.0038,14
720,33,0.2832,3.0098,0.15039,-1.0038,69
720,33,0.28711,3.0508,0.0039063,-1.0038,140
720,33,0.29102,3.0684,-0.35547,-1.0038,183
720,33,0.29492,3.0605,-0.63867,-1.0038,158
720,33,0.19922,3.1309,-0.51367,-1.0038,110
720,33,0.099609,3.1621,-0.58008,-1.0038,74
720,33,0.40625,3.1348,-0.76953,-1.0038,61
720,33,0.23828,3.7793,0.51172,-1.0038,43
720,33,0.18945,2.998,0.37109,-0.66921,43
720,33,0.19141,3.0508,0.20313,-0.66921,86
720,33,0.29102,3.0859,-0.13867,-0.66921,122
720,33,0.29492,3.0957,-0.43164,-0.66921,121
720,33,0.19922,3.1445,-0.41406,-0.66921,84
720,33,0.099609,3.1875,-0.41406,-0.66921,51
720,33,0.23828,3.7676,0.59766,-0.66921,46
720,33,-5.002,1.7754,-0.54102,-0.66921,25
720,33,-4.8691,2.209,-0.53125,-0.66921,20
720,33,-5.002,1.8457,-0.20703,-0.33461,19
720,33,-0.88281,2.0742,2.1855,-1.3384,32
720,33,3.668,0,4.4805,-0.66921,24
720,33,3.6934,0,4.6543,-0.66921,18
720,33,3.668,0,4.9629,-0.33461,17
721,40,0,2.9805,0.23242,0,10
721,40,0,3.0234,-0.13672,0,11
721,40,0,3.0566,-0.86719,-2.0076,21
721,40,0,3.0801,-0.92383,-2.0076,40
721,40,0,3.1113,-0.95313,-2.0076,33
721,40,0.19922,3.0801,-0.75781,-1.673,27
721,40,0,3.1289,-0.74609,-1.673,45
721,40,0,3.1719,-0.72656,-1.673,42
721,40,0,3.207,-0.74414,-1.673,20
721,40,0.091797,2.9121,-0.017578,-1.3384,15
721,40,0.18359,2.9434,-0.082031,-1.3384,51
721,40,0.1875,2.9473,-0.45703,-1.3384,105
721,40,0.18945,2.9023,-0.83984,-1.3384,141
721,40,0.19141,2.6953,-1.4453,-1.3384,93
721,40,0.48438,2.6484,1.541,-1.3384,47
721,40,0.58789,3.0801,-0.1582,-1.3384,50
721,40,0.091797,2.9004,0.26758,-1.0038,24
721,40,0.091797,2.9492,0.066406,-1.0038,85
721,40,0.1875,2.9746,-0.23438,-1.0038,174
721,40,0.18945,2.9805,-0.49609,-1.0038,243
721,40,0.28711,2.9395,-0.82031,-1.0038,181
721,40,0.38867,3.0313,0.53516,-1.0038,86
721,40,0.49023,3.0957,0.20313,-1.0038,60
721,40,3.6406,0,3.8828,-1.0038,15
721,40,0.091797,2.9414,0.23047,-0.66921,43
721,40,0.1875,2.9824,-0.035156,-0.66921,86
721,40,0.18945,3.0117,-0.23828,-0.66921,123
721,40,0.19141,3.0371,-0.36523,-0.66921,101
721,40,0.29102,3.0879,0.087891,-0.66921,50
721,40,-5.0938,1.1875,-0.54102,-0.66921,18
721,40,-4.9648,1.7656,-0.52734,-0.66921,26
721,40,3.668,0,4.3633,-0.66921,21
721,40,-4.9648,1.8398,0.11914,-0.33461,14
721,40,-0.95703,2.1973,1.9102,-1.3384,49
721,40,-0.58789,2.1465,-2.2148,-1.3384,26
721,40,-4.8008,1.9941,-1.0195,-1.0038,15
721,40,-0.32813,5.248,0.056641,-0.66921,16
721,40,3.6406,0,4.6035,-0.66921,24
721,40,-5.002,1.7227,-0.69336,-0.66921,20
721,40,-0.33008,5.2852,0.11914,-0.33461,12
722,53,0.1875,2.9004,0.69922,0,10
722,53,0.18945,3.0137,0.19922,0,15
722,53,0.19141,3.0586,0.029297,0,14
722,53,0,2.9375,-0.72656,-2.0076,20
722,53,0,2.9277,-0.9043,-2.0076,25
722,53,0,2.957,-0.9375,-2.0076,15
722,53,0.18359,2.8535,-0.73242,-1.673,13
722,53,0.2793,2.875,-0.76953,-1.673,18
722,53,0.37891,2.8809,-0.85156,-1.673,26
722,53,0.47852,2.8574,-1.002,-1.673,30
722,53,0.38867,2.8906,-1.0566,-1.673,22
722,53,0.17969,2.8359,-0.43945,-1.3384,34
722,53,0.18164,2.8242,-0.6875,-1.3384,140
722,53,0.18359,2.8652,-0.67969,-1.3384,233
722,53,0.2793,2.916,-0.5957,-1.3384,222
722,53,0.37891,2.9453,-0.58203,-1.3384,201
722,53,0.38281,2.9668,-0.66602,-1.3384,192
722,53,0.29102,3.002,-0.73047,-1.3384,122
722,53,0.29492,3.0273,-0.7832,-1.3384,45
722,53,0.17773,2.8066,0.37305,-1.0038,19
722,53,0.17969,2.8594,-0.24414,-1.0038,61
722,53,0.18164,2.8496,-0.57422,-1.0038,256
722,53,0.18359,2.8887,-0.57422,-1.0038,440
722,53,0.2793,2.9355,-0.48242,-1.0038,389
722,53,0.2832,2.9863,-0.4082,-1.0038,288
722,53,0.28711,3.0137,-0.47266,-1.0038,235
722,53,0.38867,3.0313,-0.53906,-1.0038,141
722,53,0.087891,2.8105,0.38086,-0.66921,12
722,53,0,2.875,-0.080078,-0.66921,26
722,53,0.18164,2.8613,-0.52148,-0.66921,148
722,53,0.18359,2.9023,-0.5,-0.66921,277
722,53,0.1875,2.9531,-0.41602,-0.66921,238
722,53,0.2832,3,-0.27734,-0.66921,144
722,53,0.28711,3.0391,-0.26953,-0.66921,93
722,53,0.38867,3.0566,-0.36328,-0.66921,51
722,53,3.5625,0,4.6133,-0.66921,29
722,53,3.5898,0,4.457,-0.66921,29
722,53,-4.7656,2.1328,-0.62891,-0.66921,20
722,53,0.18164,2.8574,-0.53906,-0.33461,34
722,53,0.091797,2.8906,-0.58398,-0.33461,54
722,53,0.09375,2.9277,-0.5918,-0.33461,44
722,53,0.09375,2.9883,-0.46875,-0.33461,20
722,53,3.5625,0,5.0254,-0.33461,21
722,53,3.5898,0,4.7734,-0.33461,21
722,53,-1.1641,1.8477,2.2031,-2.0076,8
722,53,-0.56836,0.95898,2.8145,-1.673,15
722,53,-0.66992,2.0313,2.1953,-1.673,17
722,53,-0.77539,2.3086,1.9219,-1.673,12
722,53,-4.8594,1.7227,-0.53711,-0.66921,24
722,53,-4.8945,1.7012,-0.63867,-0.66921,26
722,53,3.6152,0,4.5684,-0.66921,19
722,53,-4.8594,1.7891,-0.22656,-0.33461,19
722,53,-4.7324,2.2051,-0.089844,-0.33461,20
723,45,0,2.7598,0.10938,0,11
723,45,0.087891,2.7969,-0.091797,0,40
723,45,0.087891,2.8359,-0.066406,0,80
723,45,0.17969,2.8691,-0.070313,0,73
723,45,0.091797,2.9121,-0.019531,0,27
723,45,0,2.9238,0.4043,0,9
723,45,0,2.7988,-0.054688,0.33461,16
723,45,0.087891,2.8359,0.0625,0.33461,32
723,45,0.089844,2.8711,0.14648,0.33461,28
723,45,0,2.9063,0.20508,0.33461,10
723,45,0,2.7617,-0.80273,-2.0076,14
723,45,0.087891,2.6895,-0.77344,-1.673,11
723,45,0.17773,2.6973,-0.86133,-1.673,33
723,45,0.17969,2.7324,-0.875,-1.673,47
723,45,0.091797,2.791,-0.82813,-1.673,38
723,45,0.18359,2.8242,-0.83594,-1.673,28
723,45,0.17188,2.7031,-0.53906,-1.3384,20
723,45,0.26172,2.6738,-0.78516,-1.3384,61
723,45,0.26563,2.7168,-0.77344,-1.3384,91
723,45,0.26953,2.7832,-0.66797,-1.3384,59
723,45,0.091797,2.8223,-0.71875,-1.3384,45
723,45,0.091797,2.8398,-0.79492,-1.3384,55
723,45,0.085938,2.7207,0.097656,-1.0038,11
723,45,0.085938,2.7324,-0.38672,-1.0038,63
723,45,0.26172,2.7188,-0.61719,-1.0038,224
723,45,0.17773,2.7676,-0.60156,-1.0038,411
723,45,0.17969,2.8164,-0.55273,-1.0038,358
723,45,0.18164,2.8574,-0.5332,-1.0038,165
723,45,0.27734,2.8496,-0.71875,-1.0038,70
723,45,0.21094,3.3496,-0.26172,-1.0038,61
723,45,0.10547,3.3711,-0.47461,-1.0038,61
723,45,0.085938,2.752,-0.2207,-0.66921,54
723,45,0.17578,2.7559,-0.45703,-0.66921,208
723,45,0.17773,2.7988,-0.43164,-0.66921,400
723,45,0.17969,2.8418,-0.40039,-0.66921,358
723,45,0.18164,2.8789,-0.40625,-0.66921,155
723,45,0.18359,2.9023,-0.50195,-0.66921,48
723,45,0.10547,3.3555,-0.25,-0.66921,65
723,45,0.10547,3.3711,-0.46484,-0.66921,65
723,45,0.087891,2.7715,-0.38477,-0.33461,26
723,45,0.17773,2.8203,-0.26172,-0.33461,53
723,45,0.17969,2.8555,-0.29102,-0.33461,49
723,45,0.091797,2.9004,-0.24609,-0.33461,22
723,45,-0.79883,1.6211,2.1875,-1.3384,47
723,45,-0.89844,1.2949,2.4043,-1.3384,33
724,64,0,2.4609,1.0742,0,9
724,64,0.16992,2.6543,-0.58594,0,20
724,64,0.25977,2.75,-0.060547,0,54
724,64,0.26172,2.7871,-0.044922,0,47
724,64,0.35547,2.5137,-1.2656,0,13
724,64,-4.752,1.7637,-0.044922,0,11
724,64,-4.6289,2.1582,0.015625,0,14
724,64,0.25977,2.748,0.091797,0.33461,22
724,64,0.17578,2.791,0.11328,0.33461,18
724,64,-0.25195,2.6172,-0.55469,-1.673,13
724,64,0,2.5781,-0.88086,-1.673,16
724,64,0.17188,2.5273,-1.0996,-1.673,25
724,64,0.087891,2.623,-0.97461,-1.673,25
724,64,0,2.748,-0.70898,-1.673,17
724,64,0.16602,2.6406,0.097656,-1.3384,13
724,64,0.16797,2.6504,0.39844,-1.3384,28
724,64,0.33984,2.1602,-1.623,-1.3384,36
724,64,0.17188,2.6738,-0.67188,-1.3384,166
724,64,0.087891,2.7461,-0.5332,-1.3384,222
724,64,0.087891,2.7813,-0.55469,-1.3384,141
724,64,0.089844,2.7793,-0.73047,-1.3384,55
724,64,0.16602,2.6348,0.21875,-1.0038,34
724,64,0.16797,2.6465,0.42578,-1.0038,84
724,64,0.25586,2.3516,-1.3516,-1.0038,100
724,64,0.17188,2.7129,-0.49023,-1.0038,381
724,64,0.17578,2.7637,-0.40625,-1.0038,468
724,64,0,2.8066,-0.41992,-1.0038,243
724,64,-0.089844,2.7988,-0.65234,-1.0038,73
724,64,0.082031,2.627,0.32422,-0.66921,25
724,64,0.16797,2.623,0.55469,-0.66921,63
724,64,0.25586,2.5801,-0.83398,-0.66921,106
724,64,0.17188,2.7344,-0.34961,-0.66921,336
724,64,0.17578,2.7793,-0.29492,-0.66921,379
724,64,0.087891,2.8105,-0.38086,-0.66921,182
724,64,0,2.7773,-0.74414,-0.66921,53
724,64,3.4863,0,4.4102,-0.66921,31
724,64,3.5117,0,4.2031,-0.66921,40
724,64,3.5371,0,4.2227,-0.66921,31
724,64,-5.8281,1.3301,-0.67578,-0.66921,28
724,64,-5.8633,1.2617,-0.81445,-0.66921,40
724,64,-5.7109,1.9375,-0.86133,-0.66921,35
724,64,0.16992,2.6992,-0.32227,-0.33461,22
724,64,0.17188,2.752,-0.16211,-0.33461,63
724,64,0.087891,2.7891,-0.2207,-0.33461,74
724,64,0.087891,2.8027,-0.43164,-0.33461,57
724,64,0.089844,2.7969,-0.6582,-0.33461,47
724,64,0.18164,2.8047,-0.76758,-0.33461,32
724,64,3.4863,0,4.5898,-0.33461,28
724,64,-4.6289,2.1094,-0.46289,-0.33461,37
724,64,3.5371,0,4.3672,-0.33461,27
724,64,-5.6758,2.0605,-0.4375,-0.33461,32
724,64,-5.9004,1.4453,-0.4375,-0.33461,30
724,64,-0.62109,2.5156,1.1563,0,9
724,64,3.4863,0,5.0508,0,10
724,64,3.5117,0,4.9023,0,12
724,64,0.17773,2.7969,-0.44922,-1.0038,243
724,64,1.707,0.89453,2.1348,-0.66921,29
724,64,-4.5938,2.043,-0.65039,-0.66921,28
724,64,-4.6289,1.9863,-0.8457,-0.66921,38
724,64,-4.6621,1.9316,-1,-0.66921,30
724,64,0.56445,5.9863,0.19141,-0.66921,16
724,64,-4.5938,2.123,-0.28711,-0.33461,28
724,64,3.5117,0,4.5293,-0.33461,35
724,64,-4.8242,1.6719,-0.64258,-0.33461,27
725,43,0,2.6465,-0.10547,0,14
725,43,0,2.6855,0.080078,0,23
725,43,0.085938,2.7207,0.11914,0,28
725,43,0.085938,2.7598,-0.037109,0,27
725,43,0.087891,2.7891,-0.21875,0,21
725,43,0,2.7617,-0.041016,0.33461,11
725,43,0,2.6152,-0.61719,-1.673,14
725,43,-0.15625,2.3867,-0.71875,-1.3384,14
725,43,-0.23828,2.3633,-0.88477,-1.3384,12
725,43,0.16016,2.5664,0.089844,-1.3384,31
725,43,0.082031,2.6055,0.13477,-1.3384,53
725,43,0.082031,2.582,-0.58594,-1.3384,62
725,43,0.16797,2.6641,-0.30664,-1.3384,207
725,43,0.085938,2.7109,-0.24805,-1.3384,195
725,43,0.17188,2.7363,-0.33594,-1.3384,78
725,43,0.17578,2.7031,-0.70898,-1.3384,37
725,43,0,2.4531,-0.4668,-1.0038,11
725,43,-0.31641,2.3516,-0.89063,-1.0038,10
725,43,0.16016,2.5586,0.20313,-1.0038,64
725,43,0.16406,2.5938,0.25586,-1.0038,109
725,43,0.082031,2.6191,-0.38867,-1.0038,141
725,43,0.16797,2.6758,-0.1582,-1.0038,407
725,43,0.085938,2.7207,-0.11914,-1.0038,395
725,43,0.17188,2.7363,-0.32617,-1.0038,205
725,43,0.17578,2.7168,-0.65039,-1.0038,128
725,43,0.16016,2.5449,0.33984,-0.66921,39
725,43,0.16406,2.584,0.33789,-0.66921,72
725,43,0.082031,2.6348,-0.25781,-0.66921,100
725,43,0.16797,2.6816,-0.023438,-0.66921,249
725,43,0.085938,2.7227,-0.0097656,-0.66921,252
725,43,0.17188,2.7422,-0.27734,-0.66921,177
725,43,0.17578,2.7441,-0.53125,-0.66921,126
725,43,3.4863,0,3.9219,-0.66921,20
725,43,-5.6758,1.5547,-1.4199,-0.66921,27
725,43,0.083984,2.6855,0,-0.33461,18
725,43,0.16992,2.7188,-0.050781,-0.33461,23
725,43,0.17188,2.7363,-0.32813,-0.33461,28
725,43,0.17578,2.7422,-0.54102,-0.33461,27
725,43,-5.6758,1.9375,-0.82813,-0.33461,28
725,43,-5.7109,2.0195,-0.64063,-0.33461,21
725,43,0.23828,2.5,0.33984,-1.0038,9
725,43,-4.5938,1.8984,-0.99414,-0.66921,19
725,43,0.56836,5.998,-0.5918,-0.66921,15
726,34,0,2.4453,0.50195,0,12
726,34,0,2.4766,0.54102,0,18
726,34,0,2.5176,0.53125,0,21
726,34,0,2.5391,0.60352,0,16
726,34,0,2.4551,0.63281,0.33461,10
726,34,0,2.4629,0.74219,0.33461,12
726,34,0.078125,2.4922,-0.12695,-1.673,16
726,34,0.1582,2.5215,-0.21094,-1.673,24
726,34,0.16016,2.5625,-0.16406,-1.673,27
726,34,0.082031,2.6074,-0.082031,-1.673,20
726,34,0.1543,2.4531,0.039063,-1.3384,44
726,34,0.15625,2.4922,-0.056641,-1.3384,112
726,34,0.23828,2.5215,-0.095703,-1.3384,177
726,34,0.16016,2.5664,-0.095703,-1.3384,225
726,34,0.16406,2.5996,-0.16602,-1.3384,182
726,34,0.082031,2.5723,-0.625,-1.3384,91
726,34,0.083984,2.6191,-0.58594,-1.3384,64
726,34,0.29102,2.7461,-1.4141,-1.3384,18
726,34,0.19531,2.8125,-1.3848,-1.3384,20
726,34,0.1543,2.4453,0.19922,-1.0038,60
726,34,0.15625,2.4902,0.11133,-1.0038,148
726,34,0.1582,2.5293,0.066406,-1.0038,249
726,34,0.16016,2.5684,0.023438,-1.0038,321
726,34,0.16406,2.6035,-0.074219,-1.0038,265
726,34,0.082031,2.6016,-0.48633,-1.0038,142
726,34,0.083984,2.6484,-0.44141,-1.0038,99
726,34,0.19531,2.9746,-0.98828,-1.0038,40
726,34,0.076172,2.4238,0.4043,-0.66921,23
726,34,0.15625,2.4766,0.27148,-0.66921,57
726,34,0.080078,2.5234,0.22852,-0.66921,99
726,34,0.16016,2.5625,0.15234,-0.66921,136
726,34,0.16406,2.6055,0.03125,-0.66921,116
726,34,0.082031,2.623,-0.34961,-0.66921,67
726,34,0,2.6699,-0.30078,-0.66921,46
727,46,0,2.2637,0.61328,0,12
727,46,0.074219,2.2656,0.73438,0,19
727,46,0.076172,2.3652,0.51172,0,18
727,46,0,2.459,0.046875,0,18
727,46,0,2.4922,-0.14258,0,20
727,46,-0.1582,2.4922,-0.43164,0,14
727,46,0.2207,2.3301,-0.14258,-1.673,17
727,46,0.22266,2.3574,-0.2793,-1.673,45
727,46,0.15039,2.377,-0.43359,-1.673,77
727,46,0.1543,2.3672,-0.64844,-1.673,74
727,46,0.46875,2.2637,-0.94336,-1.673,34
727,46,0.47461,2.4297,-0.54688,-1.673,36
727,46,0.14648,2.3398,0.042969,-1.3384,77
727,46,0.22266,2.373,-0.044922,-1.3384,167
727,46,0.22656,2.4043,-0.1875,-1.3384,207
727,46,0.1543,2.4141,-0.44141,-1.3384,150
727,46,-0.23438,2.3945,0.66602,-1.3384,105
727,46,-0.23828,2.2051,1.2285,-1.3384,69
727,46,-0.24023,2.0645,-1.5176,-1.3384,53
727,46,0.14453,2.2949,0.19727,-1.0038,14
727,46,0.14648,2.332,0.20313,-1.0038,88
727,46,0.14844,2.375,0.14648,-1.0038,174
727,46,0.22656,2.4102,0.035156,-1.0038,163
727,46,-0.23047,2.3711,-0.61133,-1.0038,96
727,46,-0.15625,2.4785,0.26172,-1.0038,126
727,46,-0.1582,2.4336,0.68945,-1.0038,72
727,46,-0.080078,2.4063,-0.9043,-1.0038,61
727,46,-4.4238,2.0293,-0.375,-1.0038,16
727,46,-4.457,1.9238,-0.78906,-1.0038,18
727,46,0.074219,2.3125,0.38867,-0.66921,29
727,46,0.14844,2.3496,0.37695,-0.66921,53
727,46,0.22656,2.377,0.40039,-0.66921,34
727,46,-0.1543,2.4531,-0.046875,-0.66921,40
727,46,0,2.4961,0.0097656,-0.66921,65
727,46,-0.080078,2.5293,0.14063,-0.66921,28
727,46,-5.7168,1.0176,-1.0527,-0.66921,20
727,46,-0.39063,1.5098,1.9512,-1.673,29
727,46,-0.47461,1.7559,1.7656,-1.673,23
727,46,0.625,2.207,-0.98438,-1.3384,69
727,46,0.55469,2.4102,-0.55859,-1.3384,61
727,46,0.72266,2.4434,0.35547,-1.3384,33
727,46,0.46094,2.3926,0.33008,-1.0038,74
727,46,0.63281,2.3281,-0.77539,-1.0038,39
727,46,3.5078,0,4.4922,-1.0038,14
727,46,3.5352,0,4.0273,-1.0038,16
727,46,0.36914,5.8672,0.51367,-0.66921,13
728,47,0,2.2891,0.29688,0,16
728,47,0.074219,2.3418,0.12695,0,28
728,47,0.14844,2.3789,0.033203,0,19
728,47,0.30273,2.4023,0.0625,0,14
728,47,0.076172,2.4531,0.14453,0,21
728,47,0,2.4961,0.017578,0,13
728,47,0.074219,2.293,0.48633,0.33461,9
728,47,0.37305,2.2715,-0.61914,-2.0076,22
728,47,0.37891,2.2539,-0.79688,-2.0076,24
728,47,0.30664,2.2598,-0.92188,-2.0076,14
728,47,0.14453,2.2813,-0.31445,-1.673,18
728,47,0.14648,2.332,-0.21094,-1.673,21
728,47,0.44727,2.2461,-0.6582,-1.673,65
728,47,0.45313,2.2988,-0.60938,-1.673,79
728,47,-0.1543,1.7344,-1.7383,-1.673,35
728,47,0,2.3555,-0.82813,-1.673,19
728,47,0.20898,2.2227,-0.033203,-1.3384,39
728,47,0.14258,2.2656,-0.058594,-1.3384,93
728,47,0.14453,2.3008,-0.087891,-1.3384,117
728,47,0.14648,2.3398,-0.041016,-1.3384,134
728,47,0,2.3809,0.091797,-1.3384,110
728,47,0,2.3438,-0.61133,-1.3384,99
728,47,0,2.3965,-0.55273,-1.3384,62
728,47,0.13867,2.2246,0.11133,-1.0038,62
728,47,0.14258,2.2656,0.064453,-1.0038,154
728,47,0.14453,2.3008,0.087891,-1.0038,166
728,47,0.14648,2.334,0.18945,-1.0038,173
728,47,0.074219,2.3828,-0.046875,-1.0038,236
728,47,0.076172,2.4199,-0.037109,-1.0038,171
728,47,0.076172,2.4512,-0.19531,-1.0038,63
728,47,0.078125,2.4355,-0.54297,-1.0038,61
728,47,0.13867,2.2148,0.23438,-0.66921,29
728,47,0.14258,2.2578,0.17969,-0.66921,75
728,47,0.14453,2.2832,0.29688,-0.66921,69
728,47,0.074219,2.332,0.23438,-0.66921,73
728,47,0.074219,2.3828,-0.048828,-0.66921,155
728,47,0.076172,2.418,0.082031,-0.66921,115
728,47,0,2.4492,-0.22852,-0.66921,66
728,47,0.078125,2.4629,-0.40039,-0.66921,62
728,47,0,2.334,-0.23047,-0.33461,19
728,47,0,2.377,-0.18164,-0.33461,31
728,47,0,2.4199,-0.072266,-0.33461,26
728,47,-0.37891,1.8418,1.5254,0,9
728,47,-0.61523,1.7305,1.6367,-2.0076,8
728,47,-0.37305,1.6074,1.7188,-1.673,35
728,47,-0.45313,0.94141,2.1836,-1.673,48
728,47,0.53711,2.3633,-0.41992,-1.673,32
729,61,0.068359,2.0879,0.53906,0,8
729,61,0.13672,2.1582,0.36914,0,20
729,61,0.20898,2.1992,0.31641,0,38
729,61,0.21289,2.248,0.22461,0,46
729,61,0,2.2676,-0.42383,0,35
729,61,-0.074219,2.2949,-0.47656,0,58
729,61,-0.074219,2.3496,-0.39453,0,49
729,61,-5.7129,0,0.11914,0,21
729,61,-5.75,0,-0.072266,0,25
729,61,-5.7891,0,-0.10156,0,18
729,61,0.20898,2.1719,0.4668,0.33461,20
729,61,0.21289,2.2188,0.42578,0.33461,23
729,61,0.14453,2.2754,0.35742,0.33461,14
729,61,0.2793,2.1328,-0.59961,-2.0076,24
729,61,0.2832,2.1172,-0.76953,-2.0076,25
729,61,-0.13867,1.6289,-1.5195,-1.673,13
729,61,0.21289,2.1406,-0.72656,-1.673,41
729,61,0.2168,2.2051,-0.64258,-1.673,54
729,61,0.14648,2.2617,-0.60352,-1.673,33
729,61,0.074219,2.332,-0.49219,-1.673,12
729,61,0.13281,2.1074,0.16211,-1.3384,14
729,61,0.068359,1.9785,0.85352,-1.3384,22
729,61,0.27344,2.1523,-0.32227,-1.3384,91
729,61,0.34961,2.1992,-0.15039,-1.3384,251
729,61,0.35547,2.2344,-0.19727,-1.3384,276
729,61,0.28906,2.2559,-0.38867,-1.3384,174
729,61,0.2207,2.2871,-0.47461,-1.3384,96
729,61,0.22266,2.3301,-0.45313,-1.3384,63
729,61,0.15039,2.3613,-0.50977,-1.3384,36
729,61,0.076172,2.3887,-0.58203,-1.3384,15
729,61,0.19922,2.0957,0.23828,-1.0038,32
729,61,0.068359,2.0801,0.56641,-1.0038,62
729,61,0.27344,2.1563,-0.30273,-1.0038,109
729,61,0.2793,2.2148,-0.025391,-1.0038,358
729,61,0.35547,2.2422,-0.021484,-1.0038,351
729,61,0.28906,2.2754,-0.26172,-1.0038,168
729,61,0.29297,2.2969,-0.37109,-1.0038,111
729,61,0.22266,2.3457,-0.36523,-1.0038,79
729,61,0.15039,2.375,-0.44141,-1.0038,45
729,61,0.066406,2.0918,0.33203,-0.66921,20
729,61,0.068359,2.0898,0.53125,-0.66921,47
729,61,0.34375,2.1406,-0.33789,-0.66921,27
729,61,0.2793,2.209,0.14648,-0.66921,133
729,61,0.35547,2.2344,0.17773,-0.66921,111
729,61,0.50391,2.25,-0.11523,-0.66921,41
729,61,-0.14648,2.2031,-0.79102,-0.66921,71
729,61,-0.074219,2.2734,-0.71484,-0.66921,71
729,61,-5.5352,1.2832,-0.60352,-0.66921,44
729,61,-5.5703,1.2637,-0.66211,-0.66921,55
729,61,-5.6074,1.2949,-0.62109,-0.66921,33
729,61,-0.14258,2.2363,-0.36719,-0.33461,12
729,61,-0.14453,2.2363,-0.55469,-0.33461,63
729,61,-0.074219,2.2891,-0.50586,-0.33461,122
729,61,0,2.3359,-0.4707,-0.33461,110
729,61,0,2.3828,-0.42773,-0.33461,47
729,61,-5.7129,0,-0.33203,-0.33461,49
729,61,-5.5703,1.373,-0.38867,-0.33461,61
729,61,-5.6074,1.3867,-0.37305,-0.33461,40
729,61,0.55859,2.1309,0.36328,-1.673,9
729,61,-0.36133,1.3945,-1.8047,-0.66921,40
729,61,0.51367,2.2305,0.51563,-0.66921,36
730,52,0.26563,2.0801,0.30078,0,8
730,52,0.20313,2.1426,0.13281,0,11
730,52,0,2.2207,-0.22852,0,11
730,52,0,2.2539,-0.27148,0,20
730,52,0,2.2988,-0.19336,0,24
730,52,0,2.3418,-0.12695,0,14
730,52,0.39063,1.8906,-0.77734,-1.673,19
730,52,0.39648,1.9609,-0.69531,-1.673,27
730,52,0.4043,2.0684,-0.45703,-1.673,21
730,52,0.19141,2.0176,0.25195,-1.3384,34
730,52,0.39063,1.7227,1.0996,-1.3384,37
730,52,0.46289,1.7207,-1.1465,-1.3384,71
730,52,0.33789,2.1289,-0.087891,-1.3384,119
730,52,0.27344,2.1758,-0.058594,-1.3384,126
730,52,0.2793,2.1973,-0.2832,-1.3384,96
730,52,0.2832,2.2051,-0.45898,-1.3384,54
730,52,0.2168,2.2051,-0.64844,-1.3384,27
730,52,0.125,1.9941,0.17383,-1.0038,12
730,52,0.19141,2.0117,0.29688,-1.0038,57
730,52,0.13086,2.0586,0.2793,-1.0038,57
730,52,-0.066406,2.0723,-0.43359,-1.0038,112
730,52,0.20313,2.1289,0.27734,-1.0038,170
730,52,0.20508,2.1836,0.080078,-1.0038,215
730,52,0.20898,2.2129,-0.20508,-1.0038,204
730,52,0.21289,2.2227,-0.4082,-1.0038,127
730,52,0.072266,2.248,-0.51953,-1.0038,100
730,52,0.074219,2.2754,-0.5625,-1.0038,94
730,52,0.8125,8.623,0.22656,-1.0038,15
730,52,0.12695,2.0039,0.37891,-0.66921,31
730,52,0.13086,2.0566,0.2832,-0.66921,36
730,52,0,2.0723,-0.44531,-0.66921,68
730,52,0.068359,2.0566,0.64648,-0.66921,84
730,52,0.20508,2.1758,0.19922,-0.66921,111
730,52,0.20898,2.2188,-0.12305,-0.66921,125
730,52,0.14258,2.2285,-0.40625,-0.66921,97
730,52,0,2.2715,-0.4043,-0.66921,180
730,52,0,2.3066,-0.42773,-0.66921,176
730,52,0.074219,2.3359,-0.46484,-0.66921,84
730,52,0.13672,2.1816,-0.1875,-0.33461,10
730,52,-0.14258,2.2539,-0.22266,-0.33461,54
730,52,-0.072266,2.2949,-0.23242,-0.33461,105
730,52,0,2.332,-0.24805,-0.33461,97
730,52,0,2.3633,-0.30859,-0.33461,44
730,52,-0.39648,1.4473,1.4961,-1.673,15
730,52,-0.4043,1.1523,1.7773,-1.673,13
730,52,-0.13086,2.0723,-0.14844,-1.3384,27
730,52,-0.13281,2.1133,-0.064453,-1.3384,56
730,52,-0.64844,1.002,1.9746,-1.3384,14
730,52,-0.71484,0,-2.0117,-1.0038,34
730,52,0.5957,0.53711,1.9609,-1.0038,68
730,52,-0.65039,0.86328,-1.7773,-0.66921,19
730,52,-0.79492,0,2.0703,-0.66921,38
731,39,0.12695,2.0391,-0.046875,0,13
731,39,0.19531,2.0703,0.091797,0,20
731,39,0.19922,2.0898,0.29102,0,15
731,39,0,2.2246,-0.17969,0,19
731,39,-0.070313,2.2637,-0.14258,0,20
731,39,0.087891,2.6289,0.96094,0,19
731,39,0.17773,2.6641,0.95898,0,17
731,39,0,1.7207,-1.3633,-2.6769,11
731,39,0.13086,1.9746,-0.64063,-1.673,21
731,39,0.19922,2.0332,-0.56055,-1.673,20
731,39,0.13477,2.0703,-0.5918,-1.673,12
731,39,0.18164,1.8574,-0.49219,-1.3384,13
731,39,0.12305,1.9629,0.0097656,-1.3384,46
731,39,0.0625,1.9727,0.35742,-1.3384,81
731,39,0.064453,2.0293,-0.23242,-1.3384,145
731,39,0.13086,2.043,-0.36914,-1.3384,195
731,39,0.13281,2.0801,-0.38281,-1.3384,171
731,39,0.13477,2.0938,-0.49805,-1.3384,112
731,39,0.20508,2.1055,-0.58594,-1.3384,56
731,39,0.12109,1.9199,-0.13867,-1.0038,18
731,39,0.12305,1.9551,0.18359,-1.0038,68
731,39,0.0625,1.9531,0.44922,-1.0038,132
731,39,0.064453,2.043,-0.0058594,-1.0038,233
731,39,0.13086,2.0684,-0.18359,-1.0038,295
731,39,0.13281,2.1016,-0.23047,-1.0038,252
731,39,0.20313,2.1191,-0.34375,-1.0038,175
731,39,0.13672,2.125,-0.53125,-1.0038,93
731,39,0,2.1465,-0.61328,-1.0038,59
731,39,0,1.9199,0.19727,-0.66921,7
731,39,0.060547,1.9258,0.40039,-0.66921,29
731,39,0.0625,1.9297,0.53906,-0.66921,63
731,39,0.064453,2.0332,0.19141,-0.66921,111
731,39,0.064453,2.0801,-0.017578,-0.66921,135
731,39,0.066406,2.1152,-0.11133,-0.66921,113
731,39,0.13477,2.1328,-0.29102,-0.66921,87
731,39,0.068359,2.1387,-0.48438,-0.66921,55
731,39,-0.14258,2.2012,-0.53906,-0.33461,32
731,39,-0.072266,2.2598,-0.46289,-0.33461,34
731,39,-0.54297,0.7793,1.6797,-1.3384,7
732,49,0.11523,1.834,0.24609,0,12
732,49,0.17773,1.8672,0.25195,0,33
732,49,0.060547,1.9219,0.16602,0,57
732,49,0.060547,1.957,0.18164,0,64
732,49,0.125,1.9863,0.24023,0,47
732,49,0.12695,2.0254,0.22852,0,19
732,49,0.11914,1.8613,0.31836,0.33461,17
732,49,0.12109,1.9004,0.30664,0.33461,29
732,49,0.12305,1.9395,0.3125,0.33461,33
732,49,0.125,1.9668,0.36914,0.33461,23
732,49,0.18164,1.8379,-0.56055,-2.0076,13
732,49,0.18359,1.8867,-0.52734,-2.0076,16
732,49,0.1875,1.9434,-0.45898,-2.0076,11
732,49,0.11523,1.8262,-0.30078,-1.673,18
732,49,0.17773,1.8438,-0.37891,-1.673,65
732,49,0.18164,1.8711,-0.43555,-1.673,129
732,49,0.18359,1.9102,-0.4375,-1.673,141
732,49,0.1875,1.9648,-0.35742,-1.673,86
732,49,0,2.043,-0.048828,-1.673,27
732,49,0.056641,1.8145,0.025391,-1.3384,15
732,49,0.17383,1.8457,-0.017578,-1.3384,78
732,49,0.17773,1.875,-0.18555,-1.3384,264
732,49,0.18164,1.9004,-0.2832,-1.3384,545
732,49,0.24609,1.9277,-0.30273,-1.3384,645
732,49,0.1875,1.9863,-0.20703,-1.3384,430
732,49,0.19141,2.0313,-0.091797,-1.3384,155
732,49,0.11328,1.7773,0.35742,-1.0038,17
732,49,0.11523,1.8379,0.20703,-1.0038,80
732,49,0.17773,1.8828,-0.021484,-1.0038,268
732,49,0.18164,1.916,-0.15039,-1.0038,592
732,49,0.24609,1.9434,-0.17578,-1.0038,743
732,49,0.1875,1.9941,-0.085938,-1.0038,520
732,49,0.19141,2.0332,-0.0078125,-1.0038,191
732,49,0.79492,8.4336,0.24023,-1.0038,17
732,49,0.058594,1.752,0.60547,-0.66921,21
732,49,0.11914,1.875,0.22266,-0.66921,69
732,49,0.24023,1.9141,-0.066406,-0.66921,188
732,49,0.24609,1.9512,-0.068359,-0.66921,258
732,49,0.25,1.9902,-0.013672,-0.66921,182
732,49,0.19141,2.0332,-0.021484,-0.66921,67
732,49,0.12109,1.9238,-0.060547,-0.33461,16
732,49,0.18359,1.9551,-0.125,-0.33461,22
732,49,0.0625,1.9805,-0.3125,-0.33461,17
732,49,0,1.8906,-0.77344,-0.33461,11
732,49,0.17188,2.6895,0.60156,-0.33461,23
732,49,0.17578,2.7207,0.63672,-0.33461,19
732,49,-0.54297,1.2012,1.4082,-2.0076,7
732,49,-0.49219,1.3184,1.375,-2.0076,9
732,49,-0.62695,1.1582,1.5117,-2.0076,6
733,50,0.054688,1.6387,0.58594,0,21
733,50,0.054688,1.6621,0.62891,0,30
733,50,0.11328,1.6797,0.68164,0,21
733,50,0.23242,1.7051,0.6875,0,12
733,50,0.17773,1.8066,0.53516,0,12
733,50,0.054688,1.6172,0.73828,0.33461,14
733,50,0.056641,1.5508,0.94336,0.33461,9
733,50,0.10547,1.6953,0.125,-1.673,13
733,50,0.16406,1.7305,-0.076172,-1.673,62
733,50,0.11133,1.752,-0.27734,-1.673,105
733,50,0.11328,1.7441,-0.49609,-1.673,72
733,50,0.17383,1.709,-0.69727,-1.673,56
733,50,0.23633,1.8066,-0.50781,-1.673,44
733,50,0.24023,1.9082,-0.15234,-1.673,19
733,50,0.10547,1.6914,0.16016,-1.3384,43
733,50,0.10938,1.7324,0.11719,-1.3384,191
733,50,0.11133,1.7734,0.039063,-1.3384,314
733,50,0.16992,1.8047,-0.099609,-1.3384,236
733,50,0.23242,1.8242,-0.23828,-1.3384,168
733,50,0.29492,1.8652,-0.10352,-1.3384,135
733,50,0.24023,1.9063,0.16992,-1.3384,62
733,50,0.10547,1.6797,0.25195,-1.0038,39
733,50,0.10938,1.7207,0.23438,-1.0038,175
733,50,0.11133,1.7637,0.18945,-1.0038,289
733,50,0.16992,1.8066,0.076172,-1.0038,248
733,50,0.28906,1.832,0.0039063,-1.0038,187
733,50,0.29492,1.8633,0.13672,-1.0038,134
733,50,0.24023,1.873,0.39844,-1.0038,55
733,50,-5.2773,0,-1.3711,-1.0038,28
733,50,-5.3145,0,-1.3613,-1.0038,37
733,50,-5.3516,0,-1.4629,-1.0038,24
733,50,0.10938,1.7148,0.27344,-0.66921,41
733,50,0.11133,1.7656,0.17383,-0.66921,78
733,50,0.16992,1.8086,0.035156,-0.66921,90
733,50,0.28906,1.832,0,-0.66921,76
733,50,0.29492,1.8477,0.28125,-0.66921,45
733,50,-4.0801,1.8223,-0.55078,-0.66921,23
733,50,-4.1152,1.7754,-0.72852,-0.66921,20
733,50,-5.2773,1.1504,-0.70898,-0.66921,29
733,50,-5.3145,0.90625,-1.0156,-0.66921,35
733,50,0.11133,1.7656,-0.17383,-0.33461,11
733,50,0.16992,1.7891,-0.25977,-0.33461,14
733,50,0.085938,2.6836,0.64844,-0.33461,18
733,50,-0.63672,1.1406,1.3145,-1.673,29
733,50,-0.53125,1.0957,1.4473,-1.673,28
733,50,-0.42188,0.99023,1.6016,-1.673,14
733,50,-0.47266,0,-1.8867,-1.3384,70
733,50,-0.54297,0,-1.9023,-1.3384,33
733,50,3.2363,0,3.7344,-0.66921,18
733,50,3.1211,0,3.9375,-0.66921,16
734,64,0.050781,1.5469,0.5,0,35
734,64,0.052734,1.6191,0.38281,0,78
734,64,0.052734,1.6875,0.22266,0,90
734,64,0.10938,1.7363,0.027344,0,53
734,64,0.11133,1.7715,-0.099609,0,19
734,64,0.050781,1.4961,0.63672,0.33461,18
734,64,0.052734,1.5801,0.52344,0.33461,40
734,64,0.052734,1.6621,0.36719,0.33461,44
734,64,0.054688,1.7305,0.18359,0.33461,25
734,64,0.16602,1.7695,0.0039063,0.33461,10
734,64,0.20508,3.2598,-0.41211,-2.6769,13
734,64,0.10156,3.2227,-0.43555,-2.3422,14
734,64,0.20508,3.2578,-0.42188,-2.3422,23
734,64,0,3.2988,-0.44727,-2.3422,15
734,64,0.15625,1.6309,-0.29883,-2.0076,20
734,64,0.10547,1.6348,-0.46289,-2.0076,21
734,64,0.16406,1.6602,-0.49414,-2.0076,13
734,64,-0.056641,1.7207,-0.57813,-2.0076,12
734,64,-0.17383,1.7402,-0.61328,-2.0076,16
734,64,-0.23633,1.7324,-0.7207,-2.0076,16
734,64,0.15234,1.6133,-0.13867,-1.673,69
734,64,0.15625,1.6309,-0.29102,-1.673,209
734,64,0.16016,1.6445,-0.4082,-1.673,264
734,64,0.10938,1.6543,-0.5293,-1.673,141
734,64,0.22266,1.6074,-0.72852,-1.673,19
734,64,-0.056641,1.7617,-0.43555,-1.673,35
734,64,0,1.7734,-0.53906,-1.673,45
734,64,0,1.8203,-0.51758,-1.673,31
734,64,0.099609,1.5781,0.16406,-1.3384,54
734,64,0.10156,1.623,0.0625,-1.3384,352
734,64,0.10352,1.6602,-0.066406,-1.3384,857
734,64,0.10547,1.6895,-0.18359,-1.3384,968
734,64,0.16406,1.707,-0.29883,-1.3384,532
734,64,0.16602,1.7383,-0.33789,-1.3384,173
734,64,0.16992,1.7773,-0.33008,-1.3384,85
734,64,0.11523,1.7695,-0.54297,-1.3384,55
734,64,0.058594,1.8281,-0.47852,-1.3384,41
734,64,0.18359,5.8965,-0.14648,-1.3384,40
734,64,0.37109,5.8926,-0.64453,-1.3384,44
734,64,0.099609,1.5625,0.27344,-1.0038,69
734,64,0.10156,1.6113,0.20508,-1.0038,435
734,64,0.10352,1.6582,0.10938,-1.0038,970
734,64,0.10547,1.6992,0.011719,-1.0038,998
734,64,0.10938,1.7344,-0.076172,-1.0038,549
734,64,0.22266,1.7617,-0.095703,-1.0038,240
734,64,0.16992,1.8008,-0.16211,-1.0038,147
734,64,0.17383,1.8027,-0.39648,-1.0038,75
734,64,-0.076172,1.8945,-1.5078,-1.0038,30
734,64,0.36914,5.8887,0.12891,-1.0038,36
734,64,0.37109,5.8848,-0.70898,-1.0038,41
734,64,0.56055,5.6836,-1.7637,-1.0038,29
734,64,0.099609,1.5234,0.44141,-0.66921,26
734,64,0.10156,1.5859,0.34961,-0.66921,158
734,64,0.10352,1.6348,0.29492,-0.66921,326
734,64,0.10547,1.6797,0.25781,-0.66921,318
734,64,0.10938,1.7109,0.29688,-0.66921,177
734,64,0.16602,1.7266,0.39258,-0.66921,101
734,64,0.11328,1.8125,-0.039063,-0.66921,67
734,64,0.10156,1.5547,0.4668,-0.33461,11
734,64,0.10352,1.6348,0.29492,-0.33461,27
734,64,0.16016,1.6895,0.14063,-0.33461,35
734,64,0.27148,1.6328,-0.54102,-0.33461,35
734,64,0.27734,1.6758,-0.52539,-0.33461,34
734,64,0.2832,1.7207,-0.50586,-0.33461,18
735,64,0,1.5039,0.16992,0,14
735,64,0.048828,1.5469,0.10352,0,31
735,64,0,1.5879,-0.050781,0,28
735,64,-0.25391,1.6035,-0.10156,0,11
735,64,-0.20898,1.6426,-0.16406,0,18
735,64,-0.31836,1.6348,-0.35547,0,17
735,64,0,1.4922,0.25195,0.33461,7
735,64,0,1.5313,0.24414,0.33461,17
735,64,0,1.5859,0.091797,0.33461,16
735,64,-0.36328,1.6094,-0.22461,0.33461,9
735,64,-0.20313,1.502,-0.5918,-2.6769,9
735,64,-0.20898,1.4609,-0.77148,-2.6769,15
735,64,-0.21289,1.502,-0.77344,-2.6769,13
735,64,-0.25391,1.4492,-0.69531,-2.3422,22
735,64,-0.20898,1.4961,-0.69922,-2.3422,33
735,64,-0.21289,1.5371,-0.70117,-2.3422,23
735,64,-0.24805,1.2695,-0.92383,-2.0076,17
735,64,-0.20313,1.4863,-0.63086,-2.0076,80
735,64,-0.20898,1.5508,-0.56836,-2.0076,139
735,64,-0.21289,1.5977,-0.54883,-2.0076,113
735,64,-0.16406,1.6465,-0.54102,-2.0076,42
735,64,0.09375,1.4746,-0.32422,-1.673,18
735,64,0.097656,1.5156,-0.31445,-1.673,42
735,64,0.048828,1.4336,-0.68359,-1.673,41
735,64,-0.20313,1.4883,-0.62305,-1.673,90
735,64,-0.15625,1.5762,-0.51367,-1.673,159
735,64,-0.21289,1.627,-0.45508,-1.673,128
735,64,-0.27148,1.6719,-0.40039,-1.673,41
735,64,0.046875,1.4414,-0.3125,-1.3384,22
735,64,0.09375,1.4883,-0.25391,-1.3384,157
735,64,0.097656,1.5254,-0.26367,-1.3384,354
735,64,0.099609,1.5508,-0.33594,-1.3384,332
735,64,0.15234,0.76758,-1.4258,-1.3384,86
735,64,-0.10352,1.5801,-0.51172,-1.3384,67
735,64,-0.10547,1.6563,-0.37891,-1.3384,67
735,64,-0.2168,1.7266,0.046875,-1.3384,31
735,64,0.14844,2.3145,0.55273,-1.3384,18
735,64,0.091797,1.457,-0.2207,-1.0038,35
735,64,0.09375,1.502,-0.16602,-1.0038,231
735,64,0.048828,1.541,-0.16797,-1.0038,514
735,64,0.099609,1.5684,-0.23242,-1.0038,486
735,64,0.10156,1.4043,-0.81445,-1.0038,159
735,64,-0.67578,1.4238,0.53711,-1.0038,25
735,64,0.16016,1.4004,-0.95508,-1.0038,49
735,64,0.2168,1.5723,-0.71289,-1.0038,57
735,64,0.16602,1.6953,-0.50977,-1.0038,21
735,64,0.14453,2.209,0.6543,-1.0038,37
735,64,0.14648,2.2363,0.69141,-1.0038,57
735,64,0.14844,2.2871,0.6543,-1.0038,45
735,64,0.046875,1.4707,-0.10938,-0.66921,16
735,64,0.09375,1.5078,-0.076172,-0.66921,101
735,64,0.097656,1.5469,-0.080078,-0.66921,226
735,64,0.099609,1.582,-0.12305,-0.66921,213
735,64,0.050781,1.6055,-0.25586,-0.66921,79
735,64,-0.052734,0.87305,-1.416,-0.66921,38
735,64,0.10547,1.4883,-0.81836,-0.66921,56
735,64,0.10938,1.6484,-0.54883,-0.66921,48
735,64,0.072266,2.2832,0.33398,-0.66921,38
735,64,0.2207,2.2324,0.6875,-0.66921,52
735,64,0.14844,2.2813,0.67383,-0.66921,34
735,64,0.048828,1.5488,0.056641,-0.33461,13
735,64,0,1.5879,-0.041016,-0.33461,11
735,64,0.30469,1.5918,-0.13867,-0.33461,8
735,64,0.3125,1.6113,-0.27344,-0.33461,17
736,64,0,1.3047,0.50781,0,9
736,64,0,1.248,0.71289,0,19
736,64,0,1.3789,0.52344,0,26
736,64,-0.09375,1.4824,0.29102,0,42
736,64,-0.14453,1.5215,0.26563,0,43
736,64,-0.24805,1.5215,0.38672,0,21
736,64,0,1.2656,0.68359,0.33461,13
736,64,0,1.3379,0.62305,0.33461,17
736,64,-0.09375,1.457,0.39453,0.33461,19
736,64,-0.19336,1.4941,0.37305,0.33461,19
736,64,-0.29883,1.4355,0.61133,0.33461,9
736,64,0.089844,1.4355,-0.011719,-2.0076,10
736,64,0.046875,1.4668,-0.16211,-2.0076,13
736,64,0,1.4805,-0.31445,-2.0076,13
736,64,-0.14453,1.4902,-0.40234,-2.0076,13
736,64,0.23633,3.7754,0.037109,-2.0076,34
736,64,0.12305,3.9316,-0.044922,-2.0076,29
736,64,0.125,3.9707,0.021484,-2.0076,23
736,64,0.087891,1.3965,0.03125,-1.673,11
736,64,0.044922,1.4375,-0.035156,-1.673,32
736,64,0,1.4668,-0.1543,-1.673,58
736,64,-0.09375,1.4883,-0.25977,-1.673,115
736,64,-0.097656,1.5273,-0.25781,-1.673,125
736,64,-0.048828,1.5723,-0.23047,-1.673,65
736,64,0,1.6172,-0.17969,-1.673,13
736,64,0,2.3672,0.28516,-1.673,8
736,64,-0.076172,2.4082,-0.24805,-1.673,9
736,64,0.23633,3.7676,0.24023,-1.673,27
736,64,0.12305,3.9297,0.16797,-1.673,21
736,64,0.042969,1.3613,-0.0097656,-1.3384,9
736,64,0.087891,1.3965,0.023438,-1.3384,115
736,64,0.089844,1.4355,0,-1.3384,375
736,64,0.091797,1.4727,-0.011719,-1.3384,516
736,64,0.046875,1.5117,-0.029297,-1.3384,373
736,64,-0.097656,1.5391,-0.16016,-1.3384,332
736,64,-0.14844,1.5781,-0.097656,-1.3384,176
736,64,1.5254,0.54688,-0.14844,-1.3384,26
736,64,0.10352,1.623,-0.35742,-1.3384,27
736,64,0.042969,1.3613,0.041016,-1.0038,14
736,64,0.087891,1.3945,0.076172,-1.0038,181
736,64,0.089844,1.4336,0.054688,-1.0038,604
736,64,0.091797,1.4727,0.029297,-1.0038,821
736,64,0.14258,1.5059,0,-1.0038,516
736,64,-0.19336,1.4922,-0.38086,-1.0038,228
736,64,-0.19922,1.5645,-0.19531,-1.0038,131
736,64,0.20313,1.5605,-0.41211,-1.0038,34
736,64,0.052734,1.6445,-0.24805,-1.0038,52
736,64,0.16016,1.6621,-0.33203,-1.0038,28
736,64,0.2793,2.2051,-0.19727,-1.0038,21
736,64,0.14258,2.2637,-0.10352,-1.0038,43
736,64,0.14453,2.293,-0.22656,-1.0038,53
736,64,0.14648,2.3125,-0.36523,-1.0038,32
736,64,0.25,8.0176,0.021484,-1.0038,21
736,64,0.042969,1.3945,0.10938,-0.66921,86
736,64,0.089844,1.4316,0.099609,-0.66921,292
736,64,0.091797,1.4707,0.054688,-0.66921,402
736,64,0.09375,1.5078,-0.080078,-0.66921,259
736,64,0.097656,1.5293,-0.24219,-0.66921,98
736,64,0.14844,1.5547,-0.29492,-0.66921,42
736,64,0.10156,1.5898,-0.33203,-0.66921,43
736,64,0.10352,1.6426,-0.24805,-0.66921,34
736,64,0.13672,2.0566,-0.75195,-0.66921,19
736,64,0.20898,2.2148,-0.17578,-0.66921,23
736,64,0.14258,2.2656,0,-0.66921,45
737,64,0,1.1563,0.5625,0,20
737,64,0.041016,1.207,0.54297,0,67
737,64,0,1.2754,0.47852,0,108
737,64,-0.042969,1.3457,0.38672,0,108
737,64,-0.13477,1.3965,0.31641,0,69
737,64,-0.23047,1.4473,0.16602,0,23
737,64,0,1.1465,0.58398,0.33461,10
737,64,0,1.168,0.62305,0.33461,33
737,64,0,1.2363,0.57227,0.33461,54
737,64,-0.042969,1.3164,0.47656,0.33461,53
737,64,-0.13477,1.3809,0.37695,0.33461,33
737,64,0,1.209,-1.1445,-2.6769,10
737,64,0.052734,0.98242,-1.3906,-2.6769,11
737,64,0.085938,1.3574,-0.080078,-2.3422,8
737,64,0,1.1719,-1.1836,-2.3422,12
737,64,0.052734,1.2012,-1.2051,-2.3422,16
737,64,0,1.1719,-1.2871,-2.3422,9
737,64,0.085938,2.7129,-0.23242,-2.3422,14
737,64,0.085938,2.7559,-0.16797,-2.3422,12
737,64,0.23633,3.7754,0.015625,-2.3422,19
737,64,0.14063,4.4922,0.25391,-2.3422,18
737,64,0.082031,1.3203,-0.037109,-2.0076,17
737,64,0.085938,1.3574,-0.054688,-2.0076,27
737,64,0,1.3906,-0.1543,-2.0076,25
737,64,-0.044922,1.4336,-0.10352,-2.0076,15
737,64,0.085938,2.7109,-0.24414,-2.0076,15
737,64,0.10742,3.4316,0.25195,-2.0076,22
737,64,0.10938,3.4766,0.10547,-2.0076,23
737,64,0.11133,3.5547,-0.042969,-2.0076,27
737,64,0.22461,3.584,-0.16992,-2.0076,37
737,64,0.23438,3.7363,0.10938,-2.0076,43
737,64,0.35547,3.7656,0.080078,-2.0076,36
737,64,0.080078,1.2676,0.20508,-1.673,27
737,64,0.082031,1.3164,0.11719,-1.673,108
737,64,0.042969,1.3613,-0.015625,-1.673,205
737,64,-0.042969,1.3906,-0.15234,-1.673,254
737,64,-0.089844,1.416,-0.22656,-1.673,188
737,64,-0.13867,1.4512,-0.23242,-1.673,68
737,64,0.11719,3.7207,0.41992,-1.673,25
737,64,0.11914,3.7637,0.36133,-1.673,21
737,64,0.080078,1.2617,0.24023,-1.3384,146
737,64,0.082031,1.3086,0.18945,-1.3384,540
737,64,0.042969,1.3574,0.089844,-1.3384,919
737,64,0,1.3984,-0.037109,-1.3384,949
737,64,-0.089844,1.4316,-0.091797,-1.3384,613
737,64,-0.18359,1.457,0.14258,-1.3384,206
737,64,0.23633,1.4414,-0.39258,-1.3384,105
737,64,0.24219,1.4492,-0.49609,-1.3384,55
737,64,0.24805,1.457,-0.58398,-1.3384,12
737,64,0.20898,2.2129,-0.19922,-1.3384,15
737,64,0.34961,5.5254,0.84375,-1.3384,29
737,64,0.5293,5.541,0.88672,-1.3384,25
737,64,0.039063,1.1914,0.37305,-1.0038,10
737,64,0.080078,1.2461,0.31055,-1.0038,172
737,64,0.082031,1.2949,0.26758,-1.0038,615
737,64,0.042969,1.3496,0.17578,-1.0038,1000
737,64,0,1.3984,0.054688,-1.0038,948
737,64,-0.089844,1.4355,0.023438,-1.0038,547
737,64,0.18359,1.4453,-0.22656,-1.0038,213
737,64,0.23633,1.4551,-0.3418,-1.0038,181
737,64,0.24219,1.4707,-0.43164,-1.0038,107
737,64,0.27344,1.6367,-1.4375,-1.0038,26
737,64,0.34766,5.5039,0.7168,-1.0038,27
737,64,0.34961,5.5234,0.8457,-1.0038,44
738,64,0,0.77539,0.87891,0,8
738,64,0.037109,1.0547,0.59375,0,25
738,64,0.039063,1.1816,0.40234,0,65
738,64,0,1.2383,0.35156,0,87
738,64,-0.041016,1.2871,0.31055,0,68
738,64,-0.085938,1.334,0.26563,0,29
738,64,0.042969,1.3965,0.082031,0,13
738,64,0.13281,1.9063,0.91602,0,12
738,64,0.068359,2.043,0.6875,0,14
738,64,0,0.98242,0.70703,0.33461,13
738,64,0.039063,1.1523,0.47852,0.33461,32
738,64,0,1.2168,0.41602,0.33461,40
738,64,-0.082031,1.25,0.42578,0.33461,32
738,64,-0.12695,1.2871,0.42578,0.33461,14
738,64,0.21094,3.3613,-0.037109,-2.3422,24
738,64,0.21289,3.3926,-0.19922,-2.3422,56
738,64,0.21484,3.4238,-0.28125,-2.3422,67
738,64,0.2168,3.459,-0.33008,-2.3422,48
738,64,0.2207,3.502,-0.26563,-2.3422,35
738,64,0.11133,3.543,-0.28906,-2.3422,29
738,64,0.22461,3.5859,-0.066406,-2.3422,19
738,64,0.078125,1.2441,-0.056641,-2.0076,15
738,64,0.041016,1.2793,-0.125,-2.0076,20
738,64,0,1.3105,-0.18359,-2.0076,15
738,64,0.21094,3.3574,0.15625,-2.0076,43
738,64,0.21289,3.3984,0.021484,-2.0076,93
738,64,0.10742,3.4395,-0.091797,-2.0076,109
738,64,0.2168,3.4727,-0.080078,-2.0076,79
738,64,0.2207,3.5117,-0.025391,-2.0076,51
738,64,0.22266,3.5469,0.11914,-2.0076,42
738,64,0.11328,3.5898,0.12305,-2.0076,27
738,64,-0.10938,0.75586,0.88867,-1.673,12
738,64,0.18945,1.1895,-0.11523,-1.673,62
738,64,0.11719,1.2363,-0.12695,-1.673,185
738,64,0.12109,1.2695,-0.16602,-1.673,226
738,64,0,1.3223,-0.082031,-1.673,159
738,64,0,1.3555,-0.12305,-1.673,64
738,64,0.087891,1.3828,-0.20508,-1.673,25
738,64,0.10547,3.3965,0.21289,-1.673,46
738,64,0.21484,3.4316,0.15625,-1.673,56
738,64,0.10938,3.4785,0.078125,-1.673,39
738,64,0.10938,3.5137,0.1543,-1.673,22
738,64,-0.037109,0.91211,0.73633,-1.3384,53
738,64,0.11328,1.1973,0.13281,-1.3384,202
738,64,0.11719,1.2422,0.013672,-1.3384,588
738,64,0.080078,1.2832,-0.023438,-1.3384,748
738,64,0,1.3242,0.0039063,-1.3384,557
738,64,-0.042969,1.3613,0.0019531,-1.3384,230
738,64,0.13086,1.3867,-0.14453,-1.3384,91
738,64,0.13477,1.4043,-0.28125,-1.3384,45
738,64,0.27734,1.4297,-0.23633,-1.3384,15
738,64,0,0.94531,0.69336,-1.0038,62
738,64,0.076172,1.166,0.31641,-1.0038,209
738,64,0.078125,1.2363,0.15625,-1.0038,537
738,64,0.041016,1.2813,0.11133,-1.0038,670
738,64,-0.041016,1.3184,0.12695,-1.0038,513
738,64,-0.042969,1.3574,0.10352,-1.0038,218
738,64,0.087891,1.3945,-0.082031,-1.0038,86
738,64,0.13477,1.4141,-0.21875,-1.0038,48
738,64,0.12305,1.9629,-0.068359,-1.0038,18
738,64,0.125,1.9883,-0.23242,-1.0038,24
738,64,0,1.8594,-0.84766,-1.0038,14
738,64,0.25977,1.9395,0.70898,-1.0038,30
738,64,0.19922,2.0488,0.50195,-1.0038,68
739,64,0.066406,1.0254,0.25586,0,11
739,64,0.13672,1.0391,0.32422,0,18
739,64,-0.17773,1.0645,-0.35547,0,22
739,64,-0.074219,1.166,0.10352,0,47
739,64,-0.037109,1.1875,0.23633,0,44
739,64,0.039063,1.1953,0.35938,0,21
739,64,0.24023,1.2402,0.24023,0,12
739,64,0.0625,1.8906,0.66406,0,11
739,64,0.12695,1.9766,0.50195,0,16
739,64,0.033203,1.0352,0.22266,0.33461,5
739,64,0.13672,1.0215,0.375,0.33461,9
739,64,-0.17773,1.0723,-0.32422,0.33461,12
739,64,-0.10938,1.1582,0.14258,0.33461,24
739,64,-0.076172,1.1797,0.25781,0.33461,23
739,64,0,1.1934,0.36914,0.33461,10
739,64,0.19141,3.0469,-0.26563,-2.3422,21
739,64,0.19336,3.0898,-0.18945,-2.3422,22
739,64,0.097656,3.1191,-0.3418,-2.3422,18
739,64,0,1.125,-0.33008,-2.0076,13
739,64,0,1.1895,-0.22656,-2.0076,12
739,64,0.18945,3.0176,-0.14258,-2.0076,26
739,64,0.28711,3.0508,-0.064453,-2.0076,37
739,64,0.19336,3.0957,-0.0078125,-2.0076,42
739,64,0.19531,3.1328,-0.097656,-2.0076,34
739,64,0.13281,1.0488,-0.070313,-1.673,24
739,64,0.17188,1.084,-0.017578,-1.673,36
739,64,-0.035156,1.0723,-0.37109,-1.673,52
739,64,0.037109,1.1641,-0.14063,-1.673,104
739,64,0.076172,1.207,-0.042969,-1.673,91
739,64,0.19531,1.2285,-0.10547,-1.673,63
739,64,0.28125,1.209,-0.33789,-1.673,47
739,64,0.28906,1.1719,-0.54297,-1.673,25
739,64,0.095703,1.0156,-0.037109,-1.3384,12
739,64,0.099609,1.0547,0.0097656,-1.3384,90
739,64,0.17188,1.084,0.039063,-1.3384,141
739,64,-0.070313,1.0449,-0.43555,-1.3384,252
739,64,0,1.1621,-0.15625,-1.3384,533
739,64,0,1.209,-0.074219,-1.3384,471
739,64,0.15625,1.2383,-0.054688,-1.3384,210
739,64,0.28125,1.2402,-0.1875,-1.3384,141
739,64,0.33008,1.2246,-0.38086,-1.3384,72
739,64,0.29883,1.2246,-0.51758,-1.3384,23
739,64,0.19141,2.0332,0.023438,-1.3384,25
739,64,0.095703,1.0156,0.0625,-1.0038,11
739,64,0.099609,1.0508,0.085938,-1.0038,89
739,64,0.13672,1.0801,0.13281,-1.0038,147
739,64,-0.070313,1.0469,-0.43164,-1.0038,310
739,64,-0.037109,1.1641,-0.13281,-1.0038,679
739,64,-0.037109,1.207,-0.076172,-1.0038,618
739,64,-0.039063,1.2441,0.087891,-1.0038,228
739,64,0.28125,1.2539,-0.0625,-1.0038,120
739,64,0.33008,1.2676,-0.18945,-1.0038,63
739,64,0.29883,1.2598,-0.42578,-1.0038,22
739,64,0.11523,1.6836,0.76953,-1.0038,23
739,64,0.11914,1.748,0.71484,-1.0038,29
739,64,0.12109,1.8359,0.58203,-1.0038,18
739,64,0.18359,1.959,-0.0039063,-1.0038,24
739,64,0.1875,1.9902,0.16406,-1.0038,72
739,64,0.19141,2.0313,0.10938,-1.0038,99
739,64,0.13086,2.0762,0.074219,-1.0038,70
739,64,0.099609,1.0371,0.1875,-0.66921,24
739,64,0.035156,1.0234,0.39648,-0.66921,45
739,64,-0.10547,1.0625,-0.38477,-0.66921,116
739,64,-0.074219,1.166,-0.095703,-0.66921,262
740,64,-0.060547,0.92578,-0.32422,0,15
740,64,0,0.98047,0.28516,0,41
740,64,0,1.0195,0.29102,0,49
740,64,0.10352,1.0273,0.37305,0,34
740,64,-0.24805,0.99023,-0.49414,0,42
740,64,-0.2207,0.9707,-0.61914,0,34
740,64,-0.18945,1.0117,-0.63672,0,15
740,64,0,4.9727,0.45313,0,12
740,64,4.875,1.1328,-0.52539,0,17
740,64,0,0.98828,0.25586,0.33461,16
740,64,0,0.99219,0.37305,0.33461,21
740,64,-0.10352,0.83398,0.70508,0.33461,18
740,64,-0.17773,0.91211,-0.65039,0.33461,16
740,64,-0.2207,0.92383,-0.6875,0.33461,8
740,64,-0.099609,1.0313,0.22266,0.66921,6
740,64,-0.17773,0.83789,-0.74609,0.66921,9
740,64,-0.2207,0.97461,-0.61328,0.66921,8
740,64,0.26953,2.8438,0.33594,-2.0076,33
740,64,0.27344,2.8887,0.25586,-2.0076,34
740,64,0.27734,2.9316,0.20313,-2.0076,22
740,64,0.2832,3.002,-0.25195,-2.0076,33
740,64,0.19141,3.0469,-0.26367,-2.0076,40
740,64,0.095703,1.0078,0.14063,-1.673,9
740,64,0.19922,1.0371,0.080078,-1.673,13
740,64,0.30859,0.99609,-0.3418,-1.673,13
740,64,0.35547,0.8125,-0.70898,-1.673,15
740,64,0.33008,0.94922,-0.60352,-1.673,22
740,64,0.30273,1.1074,-0.38281,-1.673,15
740,64,0.26953,2.8184,0.49805,-1.673,40
740,64,0.27344,2.8672,0.43555,-1.673,42
740,64,0.18359,2.9238,0.35547,-1.673,26
740,64,0.18945,3.0195,-0.083984,-1.673,51
740,64,0.19141,3.0566,-0.078125,-1.673,60
740,64,0.087891,0.92773,-0.15625,-1.3384,18
740,64,0.060547,0.98047,-0.041016,-1.3384,74
740,64,0.03125,1.0215,0.023438,-1.3384,144
740,64,0,0.88867,-0.57422,-1.3384,129
740,64,0.20508,1.0684,-0.14453,-1.3384,157
740,64,0.24805,1.0703,-0.28516,-1.3384,137
740,64,0.33008,0.98047,-0.55078,-1.3384,75
740,64,0.26563,1.1309,-0.34375,-1.3384,46
740,64,0.087891,0.93945,-0.066406,-1.0038,40
740,64,0.03125,0.98242,0.041016,-1.0038,176
740,64,0.03125,1.0156,0.099609,-1.0038,369
740,64,0,1.0156,-0.30078,-1.0038,383
740,64,0.17188,1.082,-0.064453,-1.0038,360
740,64,0.21289,1.1133,-0.056641,-1.0038,303
740,64,0.29297,1.0313,-0.47461,-1.0038,96
740,64,0.18945,1.1895,-0.12109,-1.0038,47
740,64,0.23438,1.0488,-0.63477,-1.0038,14
740,64,0.11133,1.5859,0.79688,-1.0038,25
740,64,0.11328,1.6191,0.81641,-1.0038,29
740,64,0.23242,1.6777,0.75586,-1.0038,15
740,64,0.087891,0.94141,0.015625,-0.66921,26
740,64,0,0.98047,0.087891,-0.66921,121
740,64,0,1.0156,0.11719,-0.66921,273
740,64,-0.033203,1.0352,-0.2207,-0.66921,337
740,64,0.035156,1.084,-0.16406,-0.66921,305
740,64,0.17773,1.1211,0.033203,-0.66921,235
740,64,0.10938,1.1387,-0.26367,-0.66921,70
740,64,-0.076172,1.1621,-0.33398,-0.66921,48
740,64,-0.11719,1.1504,-0.46875,-0.66921,17
740,64,0.11133,1.5332,0.89258,-0.66921,38
740,64,0.11328,1.5801,0.88672,-0.66921,44
741,64,0.027344,0.86914,0.021484,0,19
741,64,0.029297,0.90625,-0.029297,0,55
741,64,0.029297,0.94141,-0.078125,0,85
741,64,0.03125,0.98242,-0.046875,0,86
741,64,0.064453,1.0039,0.17578,0,54
741,64,-0.23242,0.95898,-0.38477,0,24
741,64,-0.27344,1,-0.35742,0,32
741,64,-0.31836,1.0371,-0.33008,0,19
741,64,0,1.1309,-0.31055,0,8
741,64,0,1.8086,0.41016,0,11
741,64,-0.058594,1.7754,0.64844,0,25
741,64,0,1.8008,0.69141,0,23
741,64,0,1.7891,0.81641,0,11
741,64,4.6465,1.7246,0.0078125,0,19
741,64,4.5254,2.0859,-0.32227,0,14
741,64,0.027344,0.86523,0.083984,0.33461,8
741,64,0,0.9082,0.0058594,0.33461,22
741,64,0,0.94531,-0.044922,0.33461,33
741,64,0.03125,0.98242,-0.013672,0.33461,34
741,64,0.03125,0.98828,0.25586,0.33461,21
741,64,0.2793,2.9727,-0.12305,-2.0076,23
741,64,0.2832,3.0059,-0.22461,-2.0076,31
741,64,0.029297,0.83203,-0.36133,-1.673,8
741,64,0.058594,0.875,-0.35547,-1.673,13
741,64,0.060547,0.92969,-0.31641,-1.673,13
741,64,0.064453,0.96875,0.31836,-1.673,8
741,64,0.17969,2.8691,0.087891,-1.673,33
741,64,0.1875,2.9824,-0.021484,-1.673,52
741,64,0.18945,3.0195,-0.041016,-1.673,76
741,64,0.19141,3.0547,-0.16211,-1.673,43
741,64,0.082031,0.8418,-0.20703,-1.3384,29
741,64,0.056641,0.86914,-0.25781,-1.3384,91
741,64,0.058594,0.90039,-0.28125,-1.3384,148
741,64,0.060547,0.95898,-0.21094,-1.3384,153
741,64,0.03125,1.0156,-0.10742,-1.3384,107
741,64,0.26563,0.77148,-0.67578,-1.3384,58
741,64,0.20508,0.32813,-1.0273,-1.3384,41
741,64,0.14258,0.92773,-0.63867,-1.3384,19
741,64,0.18945,3.0156,0.17773,-1.3384,55
741,64,0.078125,0.82031,-0.11719,-1.0038,11
741,64,0.054688,0.85352,-0.15625,-1.0038,105
741,64,0.056641,0.88086,-0.21289,-1.0038,313
741,64,0.029297,0.90625,-0.26758,-1.0038,484
741,64,0.060547,0.95703,-0.2207,-1.0038,497
741,64,0.064453,1.0195,-0.015625,-1.0038,342
741,64,0.26563,0.82422,-0.61133,-1.0038,126
741,64,0.17188,0.7832,0.74805,-1.0038,115
741,64,0.070313,1.0742,-0.35742,-1.0038,50
741,64,0.037109,0.87305,-0.7832,-1.0038,32
741,64,0,1.8145,0.37891,-1.0038,18
741,64,0,1.8633,0.33008,-1.0038,40
741,64,0,1.9141,0.25,-1.0038,41
741,64,0.052734,0.82617,-0.085938,-0.66921,11
741,64,0.054688,0.86328,-0.091797,-0.66921,100
741,64,0.029297,0.89063,-0.17383,-0.66921,286
741,64,0.029297,0.91406,-0.24219,-0.66921,422
741,64,0.03125,0.95508,-0.23242,-0.66921,435
741,64,0.064453,1.0176,0.054688,-0.66921,307
741,64,0.26563,0.85352,-0.57031,-0.66921,94
741,64,0.13672,1.0371,0.33203,-0.66921,106
741,64,0,1.082,-0.34375,-0.66921,45
741,64,0.037109,0.86719,-0.78906,-0.66921,31
741,64,0.16016,1.4434,0.89063,-0.66921,19
741,64,0.10938,1.5,0.87695,-0.66921,22
