Frame #,# Obj,X,Y,Z,Doppler,Intensity
1086,4,0.74805,7.9434,-0.26953,0.33461,14
1086,4,0.50195,8.0039,-0.14258,0.33461,12
1086,4,0.74805,7.9023,-0.85156,-0.33461,15
1086,4,0.75195,7.9238,-0.98438,-0.33461,13
1094,3,0.74805,7.9453,0.17773,0.33461,16
1094,3,0.74805,7.873,-1.084,-0.33461,18
1094,3,0.75195,7.8965,-1.1855,-0.33461,17
1096,1,0.49805,7.9668,0.044922,0.33461,12
1114,2,0.74805,7.9414,0.31836,0.33461,16
1114,2,0.99805,7.873,-0.85742,-0.33461,15
1116,4,0.74805,7.9473,0.12695,0.33461,21
1116,4,0.75195,7.9844,0.125,0.33461,19
1116,4,0.74805,7.8965,-0.89648,-0.33461,22
1116,4,0.75195,7.9121,-1.084,-0.33461,19
1121,1,0.74805,7.9473,0.14258,0.33461,13
1127,3,0.49805,7.9629,0.24414,0.33461,15
1127,3,0.50195,8.0059,0,0.33461,14
1127,3,0.74805,7.918,-0.69727,-0.33461,17
1129,4,0.74805,7.9473,0.087891,0.33461,25
1129,4,0.75195,7.9844,0.087891,0.33461,23
1129,4,0.74805,7.8984,-0.88086,-0.33461,24
1129,4,0.75195,7.9277,-0.95508,-0.33461,21
1132,4,0.49805,7.9668,0.11133,0.33461,22
1132,4,0.50195,8.0039,-0.076172,0.33461,20
1132,4,0.74805,7.9102,-0.76953,-0.33461,22
1132,4,0.75195,7.9297,-0.93945,-0.33461,19
1135,4,0.49805,7.9668,0.058594,0.33461,21
1135,4,0.75195,7.9844,-0.064453,0.33461,19
1135,4,0.99805,7.873,-0.87109,-0.33461,21
1135,4,0.75195,7.9199,-1.0234,-0.33461,19
1137,2,0.49805,7.9668,0.023438,0.33461,14
1137,2,0.74805,7.9082,-0.79297,-0.33461,14
1138,4,0.74805,7.9414,0.33008,0.33461,24
1138,4,0.50195,8.002,0.25,0.33461,21
1138,4,0.74805,7.8984,-0.87695,-0.33461,22
1138,4,0.75195,7.9219,-1.0059,-0.33461,20
1139,4,0.74805,7.9434,0.27344,0.33461,16
1139,4,1.002,7.9492,0.37695,0.33461,14
1139,4,0.74805,7.9277,-0.57031,-0.33461,18
1139,4,0.75195,7.9531,-0.70703,-0.33461,16
1158,1,0.99805,7.9102,-0.41211,-0.33461,12
1159,4,0.74805,7.9473,0.10547,0.33461,26
1159,4,0.50195,8.0039,0.18164,0.33461,22
1159,4,0.74805,7.9063,-0.80273,-0.33461,25
1159,4,1.002,7.9043,-0.91602,-0.33461,23
1162,4,0.74805,7.9453,-0.1582,0.33461,18
1162,4,0.50195,8,0.29297,0.33461,15
1162,4,0.74805,7.8887,-0.96094,-0.33461,17
1162,4,1.002,7.9395,-0.53906,-0.33461,16
1163,3,0.74805,7.9473,0.087891,0.33461,18
1163,3,0.50195,8.002,0.2168,0.33461,15
1163,3,0.74805,7.8945,-0.91797,-0.33461,17
1165,4,0.74805,7.9473,0.14648,0.33461,20
1165,4,0.75195,7.9844,0.078125,0.33461,18
1165,4,0.99805,7.8945,-0.64063,-0.33461,21
1165,4,0.75195,7.9551,-0.68945,-0.33461,19
1169,1,0.49805,7.9492,-0.5332,-0.33461,11
1172,2,0.74805,7.9375,0.4082,0.33461,15
1172,2,0.74805,7.918,-0.69336,-0.33461,13
1185,3,0.49805,7.9668,0.039063,0.33461,15
1185,3,0.75195,7.9863,0.0019531,0.33461,14
1185,3,0.74805,7.8281,-1.375,-0.33461,15
1221,3,0.74805,7.9453,0.20313,0.33461,14
1221,3,0.74805,7.8789,-1.0469,-0.33461,15
1221,3,1.002,7.8867,-1.0684,-0.33461,14
1223,2,0.49805,7.9668,0.12695,0.33461,15
1223,2,0.74805,7.8965,-0.89453,-0.33461,16
1238,2,0.49805,7.9668,0.076172,0.33461,15
1238,2,1.002,7.9453,0.43359,0.33461,14
1267,2,0.74805,7.9336,0.46094,0.33461,14
1267,2,0.74805,7.9004,-0.86914,-0.33461,13
1303,12,0.74414,7.9063,0.22656,0.33461,24
1303,12,0.74805,7.9473,0.12305,0.33461,46
1303,12,0.75195,7.9844,0.056641,0.33461,40
1303,12,0.5293,8.4395,0.55664,0.33461,17
1303,12,0.53125,8.4297,1.0645,0.33461,16
1303,12,0.49805,7.9395,0.67578,0.66921,15
1303,12,0.99805,7.793,-1.4121,-0.66921,15
1303,12,0.74414,7.8438,-1.0254,-0.33461,25
1303,12,0.74805,7.8984,-0.89258,-0.33461,47
1303,12,1.002,7.8984,-0.9668,-0.33461,43
1303,12,0.26563,8.4707,-0.060547,-0.33461,17
1303,12,0.53125,8.4902,0.29297,-0.33461,17
1305,3,0.74805,7.9453,0.18359,0.33461,14
1305,3,0.50195,7.998,0.32227,0.33461,11
1305,3,0.74805,7.9277,-0.57422,-0.33461,14
1397,1,0.49805,7.9668,0.11133,0.33461,12
216,9,0.14258,4.5371,0.078125,0,14
216,9,0.14258,4.5762,-0.029297,0,20
216,9,0.28906,4.6074,0.0019531,0,14
216,9,0.14258,4.5078,-0.52734,-0.66921,17
216,9,0.28516,4.541,-0.51172,-0.66921,25
216,9,0.43359,4.5703,-0.47266,-0.66921,18
216,9,0.14258,4.5234,-0.34961,-0.33461,26
216,9,0.28516,4.5547,-0.36328,-0.33461,39
216,9,0.28906,4.5859,-0.44727,-0.33461,26
217,5,0.14063,4.5,-0.082031,-0.66921,22
217,5,0.2832,4.5313,-0.076172,-0.66921,27
217,5,0.28516,4.5605,-0.26367,-0.66921,18
217,5,0.14063,4.4863,0.34766,-0.33461,12
217,5,0.14258,4.5332,0.19141,-0.33461,14
218,6,0.27344,4.3789,-0.099609,-1.0038,16
218,6,0.27734,4.4082,-0.30078,-1.0038,30
218,6,0.2793,4.4473,-0.27344,-1.0038,25
218,6,0.13672,4.3828,-0.18359,-0.66921,17
218,6,0.27734,4.416,-0.11133,-0.66921,32
218,6,0.2793,4.4551,-0.076172,-0.66921,27
219,9,0,4.3281,0.44531,0,7
219,9,0.26953,4.2832,-0.43359,-1.0038,18
219,9,0.27148,4.3242,-0.39063,-1.0038,38
219,9,0.27344,4.3555,-0.45508,-1.0038,37
219,9,0.27734,4.3887,-0.51367,-1.0038,17
219,9,0.13477,4.3105,-0.066406,-0.66921,21
219,9,0.27148,4.3398,-0.14063,-0.66921,44
219,9,0.27344,4.377,-0.1543,-0.66921,42
219,9,0.27734,4.4102,-0.27539,-0.66921,19
220,18,0.13281,4.2734,-0.066406,0,10
220,18,0.13477,4.3086,0.16406,0,11
220,18,0.26758,4.2188,-0.63867,-1.0038,29
220,18,0.4043,4.2598,-0.53516,-1.0038,32
220,18,0.27148,4.3027,-0.58594,-1.0038,17
220,18,0.26563,4.2109,-0.38477,-0.66921,27
220,18,0.26758,4.2559,-0.29297,-0.66921,64
220,18,0.26953,4.293,-0.30469,-0.66921,71
220,18,0.27148,4.3281,-0.34766,-0.66921,37
220,18,4.1465,0,5.168,-0.66921,12
220,18,0.13281,4.2324,-0.17188,-0.33461,19
220,18,0.26758,4.2676,-0.041016,-0.33461,46
220,18,0.26953,4.3047,-0.03125,-0.33461,49
220,18,0.27148,4.3418,-0.0019531,-0.33461,26
220,18,-6.1211,1.5586,-0.16406,-0.33461,11
220,18,-1.2246,2.3711,3.4375,-1.0038,9
220,18,-6.3184,0,-0.62695,-0.66921,11
220,18,3.9492,0,5.8789,-0.33461,10
221,10,0.26172,4.1895,0.15234,0,22
221,10,0.26563,4.2266,0.1543,0,33
221,10,0.26758,4.2656,0.125,0,21
221,10,0.26172,4.1758,-0.35156,-0.66921,33
221,10,0.39648,4.2051,-0.33984,-0.66921,49
221,10,0.40039,4.2324,-0.45898,-0.66921,33
221,10,0.26172,4.1914,-0.052734,-0.33461,44
221,10,0.26563,4.2285,-0.09375,-0.33461,64
221,10,0.26758,4.2656,-0.13672,-0.33461,43
221,10,0.26953,4.2969,-0.26758,-0.33461,11
222,11,0.25977,4.1523,0.046875,0,23
222,11,0.26172,4.1914,0,0,39
222,11,0.26563,4.2285,-0.0019531,0,30
222,11,0.13281,4.2734,-0.054688,0,10
222,11,0.25977,4.1211,-0.51172,-0.66921,19
222,11,0.39453,4.1523,-0.48828,-0.66921,35
222,11,0.26563,4.1953,-0.53516,-0.66921,27
222,11,0.25977,4.1504,-0.18164,-0.33461,41
222,11,0.26172,4.1855,-0.22852,-0.33461,73
222,11,0.26563,4.2227,-0.23047,-0.33461,56
222,11,0.26758,4.252,-0.36523,-0.33461,18
253,4,0.14258,4.5762,-0.056641,0,12
253,4,0.14453,4.6133,-0.033203,0,12
253,4,0.42969,4.5254,-0.54102,-0.33461,27
253,4,0.43359,4.5703,-0.47266,-0.33461,27
254,5,0.14258,4.5723,0.16406,0,12
254,5,0.14258,4.5313,-0.63086,-0.66921,13
254,5,0.14258,4.5254,-0.34766,-0.33461,17
254,5,0.14258,4.5742,-0.12305,-0.33461,21
254,5,0.14453,4.6113,-0.12891,-0.33461,12
255,13,0.14063,4.4883,0.31445,0,15
255,13,0.14258,4.5352,0.16797,0,16
255,13,0.28516,4.5645,0.21484,0,9
255,13,0.43555,4.6211,0.33594,0.33461,16
255,13,0.43945,4.668,0.16602,0.33461,17
255,13,0.13867,4.4414,-0.42383,-0.66921,15
255,13,0.28125,4.4805,-0.33789,-0.66921,36
255,13,0.2832,4.5176,-0.34766,-0.66921,39
255,13,0.28516,4.541,-0.49805,-0.66921,19
255,13,0,4.4551,-0.30078,-0.33461,15
255,13,0.28125,4.4941,-0.046875,-0.33461,37
255,13,0.2832,4.5313,-0.019531,-0.33461,40
255,13,0.28516,4.5684,-0.10352,-0.33461,22
256,7,0.13867,4.4121,-0.33984,-1.0038,21
256,7,0.41797,4.4316,-0.33008,-1.0038,37
256,7,0.28125,4.4648,-0.51367,-1.0038,26
256,7,0.27734,4.418,0.074219,-0.66921,29
256,7,0.2793,4.4551,-0.076172,-0.66921,49
256,7,0.28125,4.4902,-0.17773,-0.66921,36
256,7,0.13867,4.4629,0.023438,-0.33461,16
257,6,0.27148,4.3379,-0.20703,-1.0038,24
257,6,0.41211,4.3594,-0.29883,-1.0038,34
257,6,0.27734,4.4023,-0.38086,-1.0038,22
257,6,0.27148,4.3418,0.011719,-0.66921,28
257,6,0.27344,4.3809,-0.025391,-0.66921,43
257,6,0.27734,4.418,0.021484,-0.66921,30
258,6,0.26758,4.2559,-0.29883,-0.66921,16
258,6,0.26953,4.2715,-0.53906,-0.66921,20
258,6,0.27148,4.334,-0.26953,-0.66921,15
258,6,0.40039,4.252,-0.19727,-0.33461,18
258,6,0.13477,4.3008,-0.2832,-0.33461,21
258,6,0.27148,4.3379,-0.20703,-0.33461,16
259,13,0.13086,4.1934,0.20117,0,12
259,13,0.26563,4.2227,0.21875,0,31
259,13,0.26758,4.2598,0.25781,0,36
259,13,0.4043,4.293,0.095703,0,19
259,13,0.26758,4.2148,-0.66211,-1.0038,13
259,13,0.26172,4.168,-0.44141,-0.66921,20
259,13,0.39648,4.2109,-0.25977,-0.66921,53
259,13,0.40039,4.248,-0.2793,-0.66921,60
259,13,0.26953,4.2871,-0.38867,-0.66921,31
259,13,0.13086,4.1895,-0.26758,-0.33461,24
259,13,0.26563,4.2285,-0.011719,-0.33461,65
259,13,0.26758,4.2676,-0.039063,-0.33461,75
259,13,0.26953,4.3047,-0.083984,-0.33461,39
260,13,0.26172,4.1816,0.27539,0,25
260,13,0.26563,4.2227,0.22266,0,28
260,13,0.13281,4.2734,0.074219,0,14
260,13,0.5918,4.6895,-0.18164,0.33461,21
260,13,0.5957,4.7129,-0.38867,0.33461,14
260,13,0.26172,4.1836,-0.26953,-0.66921,25
260,13,0.26563,4.2168,-0.32031,-0.66921,29
260,13,0.40039,4.2422,-0.35547,-0.66921,16
260,13,0.25977,4.1543,0.015625,-0.33461,17
260,13,0.26172,4.1914,0.015625,-0.33461,45
260,13,0.26563,4.2285,-0.074219,-0.33461,51
260,13,0.26758,4.2656,-0.13672,-0.33461,27
260,13,0.44336,4.6855,-0.46289,-0.33461,15
261,10,0.13086,4.1602,0.035156,0,17
261,10,0.26172,4.1895,0.099609,0,27
261,10,0.26563,4.2285,-0.039063,0,19
261,10,0.25977,4.1387,-0.34375,-0.66921,14
261,10,0.39453,4.1621,-0.40234,-0.66921,23
261,10,0.39648,4.1836,-0.54492,-0.66921,17
261,10,0.25977,4.1523,-0.12891,-0.33461,34
261,10,0.26172,4.1875,-0.17188,-0.33461,54
261,10,0.39648,4.2129,-0.23047,-0.33461,39
261,10,0.26758,4.2422,-0.45508,-0.33461,12
262,1,0.44336,4.707,0.13477,0.33461,12
292,1,0.28906,4.6055,-0.10352,-0.33461,13
294,7,0.14063,4.498,-0.099609,0,12
294,7,0.2832,4.5313,-0.0039063,0,17
294,7,0.14258,4.5684,-0.26758,0,11
294,7,0.2832,4.4727,-0.73047,-0.66921,13
294,7,0.14063,4.4844,-0.38281,-0.33461,20
294,7,0.2832,4.5176,-0.36133,-0.33461,30
294,7,0.28516,4.5625,-0.25391,-0.33461,18
295,8,0.28125,4.4902,0.16016,0,12
295,8,0.2832,4.5313,0.078125,0,11
295,8,0.13867,4.4355,-0.48828,-0.66921,12
295,8,0.28125,4.4609,-0.5332,-0.66921,19
295,8,0.14258,4.4922,-0.64648,-0.66921,16
295,8,0.2793,4.4492,-0.24023,-0.33461,14
295,8,0.28125,4.4922,-0.13281,-0.33461,23
295,8,0.2832,4.5293,-0.12891,-0.33461,21
296,6,0.43555,4.6074,0.47852,0.33461,18
296,6,0.43945,4.668,0.15234,0.33461,32
296,6,0.5918,4.6914,-0.013672,0.33461,30
296,6,0.43555,4.5957,-0.58398,-0.33461,13
296,6,0.43945,4.6328,-0.58789,-0.33461,21
296,6,0.5918,4.6211,-0.80859,-0.33461,18
297,8,0.29297,4.6699,-0.33984,0,9
297,8,0.29102,4.6445,-0.03125,0.33461,18
297,8,0.58594,4.6543,-0.054688,0.33461,18
297,8,0.13672,4.3516,-0.54688,-1.0038,16
297,8,0.27148,4.3301,-0.31445,-0.66921,19
297,8,0.41211,4.3672,-0.1582,-0.66921,28
297,8,0.27734,4.4043,-0.34961,-0.66921,17
297,8,0.27344,4.3809,0.0019531,-0.33461,13
298,13,0.43945,4.666,0.19922,0.33461,15
298,13,0.44336,4.709,-0.013672,0.33461,14
298,13,0.26758,4.248,-0.39258,-1.0038,19
298,13,0.4043,4.2754,-0.39258,-1.0038,38
298,13,0.4082,4.3164,-0.35742,-1.0038,34
298,13,0.54883,4.3359,-0.40039,-1.0038,13
298,13,0.26758,4.2617,-0.21875,-0.66921,31
298,13,0.26953,4.3008,-0.19141,-0.66921,61
298,13,0.27148,4.3398,-0.14063,-0.66921,52
298,13,0.41211,4.3535,-0.36719,-0.66921,19
298,13,0.26758,4.2656,-0.085938,-0.33461,15
298,13,0.26953,4.3047,0.039063,-0.33461,28
298,13,0.27148,4.3398,0.13281,-0.33461,23
299,8,0.13281,4.2344,0.052734,0,9
299,8,0.13281,4.2676,0.23633,0,13
299,8,0.26563,4.2227,-0.2168,-0.66921,25
299,8,0.40039,4.25,-0.22852,-0.66921,35
299,8,0.26953,4.2988,-0.23438,-0.66921,20
299,8,0.26563,4.2285,-0.095703,-0.33461,24
299,8,0.40039,4.2559,-0.078125,-0.33461,33
299,8,0.26953,4.3047,0.052734,-0.33461,20
300,13,0.25977,4.1406,0.31641,0,14
300,13,0.26172,4.1855,0.22266,0,32
300,13,0.26563,4.2246,0.19922,0,36
300,13,0.26758,4.2676,0.033203,0,19
300,13,0.44336,4.709,0.039063,0.33461,14
300,13,0.25977,4.1426,-0.30078,-0.66921,17
300,13,0.26172,4.1758,-0.35547,-0.66921,38
300,13,0.39648,4.2012,-0.37695,-0.66921,41
300,13,0.26758,4.2441,-0.44531,-0.66921,20
300,13,0.25977,4.1543,-0.011719,-0.33461,26
300,13,0.39453,4.1797,-0.060547,-0.33461,60
300,13,0.39648,4.2168,-0.10547,-0.33461,65
300,13,0.26758,4.2637,-0.18164,-0.33461,34
301,3,0.25977,4.1426,0.30078,0,9
301,3,0.39063,4.1426,0.0019531,-0.33461,16
301,3,0.26172,4.1816,-0.28125,-0.33461,12
302,1,0.25977,4.1484,-0.19531,-0.33461,11
329,6,0.14258,4.5371,0.03125,0,12
329,6,0.14258,4.5742,0.13672,0,13
329,6,0.14258,4.4902,-0.65039,-0.66921,16
329,6,0.28516,4.5586,-0.29492,-0.66921,19
329,6,0.2832,4.5254,-0.21094,-0.33461,23
329,6,0.28516,4.5684,-0.070313,-0.33461,24
330,6,0.43945,4.666,-0.22656,0.33461,14
330,6,0.44336,4.7051,-0.17383,0.33461,15
330,6,0.28125,4.4629,-0.5293,-0.66921,19
330,6,0.14258,4.5215,-0.375,-0.66921,16
330,6,0.14063,4.498,-0.11133,-0.33461,21
330,6,0.2832,4.5313,-0.017578,-0.33461,18
331,12,0.5918,4.6914,0.029297,0.33461,14
331,12,0.41406,4.3398,-0.76758,-1.0038,17
331,12,0.2793,4.418,-0.57422,-1.0038,27
331,12,0.28125,4.4629,-0.52148,-1.0038,21
331,12,0.27734,4.4082,-0.30273,-0.66921,32
331,12,0.2793,4.4492,-0.25586,-0.66921,54
331,12,0.28125,4.4844,-0.2793,-0.66921,41
331,12,0.2832,4.5137,-0.39258,-0.66921,14
331,12,0.13867,4.4238,-0.03125,-0.33461,19
331,12,0.2793,4.4531,0.14453,-0.33461,32
331,12,0.28125,4.4922,0.076172,-0.33461,25
331,12,-1.418,1.2695,4.1211,-0.66921,8
333,13,0.27148,4.3281,0.35742,0,13
333,13,0,4.3711,0.38281,0,9
333,13,0.43945,4.6699,0.11719,0.33461,17
333,13,0.44336,4.7031,-0.21289,0.33461,15
333,13,0.26953,4.2598,-0.625,-1.0038,15
333,13,0.27148,4.2969,-0.62109,-1.0038,21
333,13,0.41211,4.3262,-0.60742,-1.0038,15
333,13,0.26953,4.2988,-0.23828,-0.66921,37
333,13,0.27148,4.334,-0.25781,-0.66921,53
333,13,0.41211,4.3633,-0.24609,-0.66921,37
333,13,0.26953,4.3047,0.0097656,-0.33461,29
333,13,0.27148,4.3418,0.033203,-0.33461,43
333,13,0.27344,4.3789,0.052734,-0.33461,30
334,8,0.43945,4.6699,0.083984,0.33461,13
334,8,0.44336,4.7051,-0.17578,0.33461,12
334,8,0.13281,4.2227,-0.33203,-0.66921,14
334,8,0.26758,4.2617,-0.19727,-0.66921,21
334,8,0.13477,4.2988,-0.32422,-0.66921,15
334,8,0.13281,4.2734,-0.066406,-0.33461,13
334,8,0.29297,4.6621,-0.43945,-0.33461,16
334,8,0.5918,4.6465,-0.65234,-0.33461,15
335,11,0.13086,4.1582,0.12891,0,11
335,11,0.26172,4.1875,0.17578,0,34
335,11,0.26563,4.2266,0.14844,0,44
335,11,0.13281,4.2715,0.11133,0,27
335,11,0.26172,4.168,-0.44141,-0.66921,35
335,11,0.26563,4.2051,-0.44531,-0.66921,48
335,11,0.26758,4.2383,-0.5,-0.66921,30
335,11,0.25977,4.1523,-0.054688,-0.33461,19
335,11,0.26172,4.1875,-0.16406,-0.33461,61
335,11,0.26563,4.2266,-0.1543,-0.33461,82
335,11,0.26758,4.2617,-0.20898,-0.33461,51
336,8,0.25977,4.1504,0.17188,0,11
336,8,0.26172,4.1875,0.16406,0,16
336,8,0.39648,4.2168,0.13281,0,12
336,8,0.44336,4.6992,-0.29492,0.33461,13
336,8,0.13086,4.1543,-0.20313,-0.33461,19
336,8,0.26172,4.1875,-0.16602,-0.33461,30
336,8,0.26563,4.2246,-0.18945,-0.33461,22
336,8,0.43945,4.6289,-0.61914,-0.33461,14
366,10,0.14258,4.5371,0.019531,0,21
366,10,0.28516,4.5684,0.039063,0,25
366,10,0.14453,4.6133,0.027344,0,13
366,10,0.2832,4.502,-0.50781,-0.66921,22
366,10,0.28516,4.5254,-0.63086,-0.66921,25
366,10,0.28906,4.5703,-0.57617,-0.66921,14
366,10,0.28125,4.4902,-0.14453,-0.33461,15
366,10,0.2832,4.5195,-0.32422,-0.33461,40
366,10,0.28516,4.5605,-0.27344,-0.33461,47
366,10,0.14453,4.5996,-0.35156,-0.33461,24
367,12,0.13867,4.457,0.21484,0,10
367,12,0.28125,4.4922,0.054688,0,21
367,12,0.14258,4.5352,0.14453,0,19
367,12,0.14258,4.5508,0.4668,0,8
367,12,0.13867,4.4395,-0.45703,-0.66921,17
367,12,0.28125,4.4629,-0.51758,-0.66921,40
367,12,0.2832,4.5098,-0.43164,-0.66921,39
367,12,0.28516,4.5488,-0.43359,-0.66921,18
367,12,0.13867,4.4609,-0.13281,-0.33461,20
367,12,0.28125,4.4883,-0.19922,-0.33461,46
367,12,0.14258,4.5352,-0.18164,-0.33461,43
367,12,0.28516,4.5684,-0.025391,-0.33461,18
368,13,0.13867,4.4609,0.10156,0,16
368,13,0.28125,4.4922,0.054688,0,14
368,13,0.27734,4.3398,-0.82617,-1.0038,13
368,13,0.2793,4.3965,-0.72461,-1.0038,24
368,13,0.28125,4.4453,-0.65625,-1.0038,19
368,13,0.27734,4.3906,-0.49219,-0.66921,34
368,13,0.41797,4.4277,-0.38867,-0.66921,63
368,13,0.28125,4.4766,-0.37891,-0.66921,53
368,13,0.2832,4.5176,-0.36328,-0.66921,20
368,13,0.27734,4.4102,-0.24414,-0.33461,28
368,13,0.2793,4.4531,-0.1543,-0.33461,52
368,13,0.28125,4.4922,-0.099609,-0.33461,45
368,13,0.2832,4.5313,-0.076172,-0.33461,18
369,7,0.27344,4.3438,-0.56445,-1.0038,16
369,7,0.27734,4.3652,-0.68164,-1.0038,18
369,7,0.27344,4.3672,-0.33594,-0.66921,32
369,7,0.27734,4.4043,-0.34375,-0.66921,34
369,7,0.2793,4.4395,-0.37109,-0.66921,19
369,7,0.13672,4.3867,0.023438,-0.33461,18
369,7,0.27734,4.416,0.12109,-0.33461,19
370,6,0.5918,4.6816,-0.31836,0.33461,19
370,6,0.5957,4.7168,-0.35938,0.33461,18
370,6,0.26953,4.2656,-0.58398,-0.66921,18
370,6,0.27148,4.3164,-0.4668,-0.66921,18
370,6,0.26953,4.2949,-0.30273,-0.33461,15
370,6,0.13672,4.3379,-0.31641,-0.33461,14
371,15,0.13281,4.2344,0.11523,0,10
371,15,0.26758,4.2637,0.1875,0,24
371,15,0.13477,4.3066,0.16992,0,27
371,15,0.13672,4.3477,0.076172,0,13
371,15,0.26953,4.2754,-0.50781,-1.0038,10
371,15,0.13281,4.2324,-0.14844,-0.66921,13
371,15,0.26758,4.2598,-0.25977,-0.66921,38
371,15,0.26953,4.293,-0.31055,-0.66921,46
371,15,0.27148,4.3262,-0.36328,-0.66921,23
371,15,0.26563,4.2285,-0.011719,-0.33461,19
371,15,0.26758,4.2656,-0.095703,-0.33461,49
371,15,0.26953,4.3027,-0.091797,-0.33461,56
371,15,0.27148,4.3418,-0.097656,-0.33461,28
371,15,3.9492,0,6.1582,-0.33461,9
371,15,-6.3184,0,-0.61914,-0.33461,9
372,12,0.13086,4.1895,0.26172,0,16
372,12,0.13281,4.2285,0.24414,0,34
372,12,0.26758,4.2656,0.10742,0,31
372,12,0.13477,4.3105,0.060547,0,13
372,12,0.26172,4.1836,-0.23828,-0.66921,23
372,12,0.26563,4.2148,-0.33594,-0.66921,50
372,12,0.40039,4.2461,-0.29492,-0.66921,47
372,12,0.4043,4.2676,-0.47852,-0.66921,19
372,12,0.26172,4.1914,0.025391,-0.33461,33
372,12,0.26563,4.2285,-0.0625,-0.33461,70
372,12,0.40039,4.2559,-0.074219,-0.33461,63
372,12,0.26953,4.3027,-0.11719,-0.33461,25
373,5,0.26172,4.1738,0.37695,0,13
373,5,0.13281,4.2324,0.13086,0,11
373,5,0.26172,4.1777,-0.33594,-0.66921,13
373,5,0.26172,4.1914,-0.064453,-0.33461,24
373,5,0.26563,4.2266,-0.14063,-0.33461,22
374,4,0.39453,4.1758,0.19141,0,11
374,4,0.25977,4.1543,0.015625,-0.33461,15
374,4,0.26172,4.1914,-0.033203,-0.33461,19
374,4,0.26563,4.2129,-0.38086,-0.33461,11
375,4,0.26172,4.1914,0.072266,0,9
375,4,0.25977,4.1367,-0.375,-0.33461,20
375,4,0.39453,4.1719,-0.28125,-0.33461,25
375,4,0.26563,4.2227,-0.24414,-0.33461,13
376,1,0.25977,4.1484,-0.20703,-0.33461,14
403,1,0.28516,4.5469,-0.43945,-0.33461,11
404,2,0.14063,4.498,-0.099609,-0.33461,11
404,2,0.2832,4.5313,-0.013672,-0.33461,14
405,5,0.2793,4.4434,-0.32617,-1.0038,20
405,5,0.28125,4.4883,-0.21094,-1.0038,18
405,5,0.13867,4.416,-0.26758,-0.66921,14
405,5,0.2793,4.4531,-0.17383,-0.66921,30
405,5,0.28125,4.4922,-0.0625,-0.66921,26
406,7,0.27344,4.3613,-0.4043,-1.0038,17
406,7,0.27734,4.3848,-0.5332,-1.0038,14
406,7,0.13672,4.3477,-0.11328,-0.66921,15
406,7,0.27344,4.3789,-0.089844,-0.66921,29
406,7,0.27734,4.416,-0.14453,-0.66921,23
406,7,0.13672,4.3867,0.056641,-0.33461,15
406,7,0.27734,4.4141,0.20313,-0.33461,13
407,9,0.5918,4.6895,-0.13672,0.33461,16
407,9,0.26953,4.3008,-0.20313,-0.66921,24
407,9,0.27148,4.334,-0.28516,-0.66921,29
407,9,0.27344,4.3711,-0.27539,-0.66921,18
407,9,0.13477,4.3105,0.041016,-0.33461,18
407,9,0.27148,4.3418,-0.015625,-0.33461,23
407,9,0.27344,4.3789,-0.099609,-0.33461,14
407,9,0.43945,4.6621,-0.28125,-0.33461,14
407,9,0.5918,4.6816,-0.32227,-0.33461,17
408,14,0.73828,4.6602,-0.30859,0.33461,20
408,14,0.5957,4.7285,-0.089844,0.33461,18
408,14,0.26758,4.252,-0.34961,-1.0038,17
408,14,0.26953,4.2734,-0.51367,-1.0038,17
408,14,0.26563,4.2285,0.064453,-0.66921,15
408,14,0.40039,4.2559,-0.074219,-0.66921,33
408,14,0.26953,4.3008,-0.18164,-0.66921,35
408,14,0.4082,4.3145,-0.38086,-0.66921,18
408,14,0.26758,4.2656,0.10547,-0.33461,19
408,14,0.4043,4.293,0.076172,-0.33461,25
408,14,0.4082,4.332,0.025391,-0.33461,16
408,14,0.29297,4.6797,-0.16602,-0.33461,19
408,14,0.44336,4.6797,-0.51953,-0.33461,19
408,14,0.5957,4.7012,-0.52148,-0.33461,18
409,10,0.26172,4.168,0.44727,0,12
409,10,0.26563,4.2207,0.25977,0,22
409,10,0.26758,4.2598,0.23633,0,17
409,10,0.26172,4.1816,-0.27734,-0.66921,21
409,10,0.26563,4.2168,-0.33203,-0.66921,35
409,10,0.26758,4.2539,-0.32227,-0.66921,26
409,10,0.26172,4.1914,-0.023438,-0.33461,26
409,10,0.26563,4.2285,-0.023438,-0.33461,44
409,10,0.26758,4.2656,-0.085938,-0.33461,35
409,10,0.26953,4.2871,-0.38672,-0.33461,11
410,2,0.5918,4.6914,-0.064453,0.33461,16
410,2,0.44727,4.7402,-0.23047,0.33461,14
442,3,0.14258,4.5742,-0.10156,0,11
442,3,0.14258,4.5527,-0.45313,-0.33461,21
442,3,0.28906,4.582,-0.4668,-0.33461,19
443,9,0.2832,4.5293,0.11133,0,19
443,9,0.14258,4.5703,0.20898,0,19
443,9,0.14453,4.6113,0.1582,0,10
443,9,0.2832,4.5,-0.52734,-0.66921,25
443,9,0.28516,4.5313,-0.58594,-0.66921,25
443,9,0.14063,4.4902,-0.29883,-0.33461,15
443,9,0.2832,4.5215,-0.30273,-0.33461,36
443,9,0.14258,4.5723,-0.19531,-0.33461,35
443,9,0.14453,4.6094,-0.19922,-0.33461,15
444,6,0,4.4863,0.36719,0,9
444,6,0,4.5332,0.23242,0,9
444,6,0.14063,4.4785,-0.42969,-0.66921,23
444,6,0.14258,4.5234,-0.36523,-0.66921,21
444,6,0.28125,4.4922,-0.076172,-0.33461,23
444,6,0.14258,4.5371,-0.017578,-0.33461,21
445,13,0.58594,4.6523,-0.12109,0.33461,11
445,13,0.44336,4.7051,-0.19141,0.33461,15
445,13,0.27734,4.3867,-0.52344,-1.0038,21
445,13,0.2793,4.4336,-0.43555,-1.0038,25
445,13,0.28125,4.4707,-0.45313,-1.0038,13
445,13,0.27344,4.3789,-0.13086,-0.66921,14
445,13,0.27734,4.4141,-0.20313,-0.66921,40
445,13,0.2793,4.4531,-0.16602,-0.66921,49
445,13,0.28125,4.4863,-0.25977,-0.66921,26
445,13,0.13867,4.4219,0.16602,-0.33461,23
445,13,0.2793,4.4531,0.16211,-0.33461,29
445,13,0.14063,4.5,0.023438,-0.33461,16
445,13,-1.4063,2.082,3.7363,-1.0038,7
446,7,0.13672,4.3301,-0.40234,-1.0038,13
446,7,0.27344,4.3633,-0.38086,-1.0038,18
446,7,0.27148,4.3398,-0.14453,-0.66921,25
446,7,0.27344,4.375,-0.21094,-0.66921,33
446,7,0.13867,4.418,-0.24805,-0.66921,20
446,7,0.13672,4.3477,-0.054688,-0.33461,14
446,7,0.13672,4.3867,0.013672,-0.33461,18
447,5,0.73828,4.6699,-0.12891,0.33461,18
447,5,0.26953,4.3027,-0.1543,-0.66921,22
447,5,0.4082,4.3281,-0.19141,-0.66921,25
447,5,0.13477,4.3086,0.13477,-0.33461,15
447,5,0.27148,4.3418,0.068359,-0.33461,18
448,13,0.26563,4.2266,0.12305,0,22
448,13,0.26758,4.2637,0.18164,0,26
448,13,0.13477,4.3105,0.060547,0,14
448,13,0.58594,4.6133,-0.62109,0.33461,11
448,13,0.44336,4.6836,-0.48633,0.33461,15
448,13,0.26758,4.2207,-0.62305,-1.0038,15
448,13,0.26563,4.2188,-0.28711,-0.66921,43
448,13,0.40039,4.248,-0.28125,-0.66921,56
448,13,0.26953,4.2949,-0.28906,-0.66921,31
448,13,0.13086,4.1895,-0.26953,-0.33461,15
448,13,0.26563,4.2285,-0.10352,-0.33461,48
448,13,0.26758,4.2676,-0.042969,-0.33461,61
448,13,0.4043,4.2949,-0.019531,-0.33461,33
449,9,0.26172,4.1914,0.027344,0,20
449,9,0.39648,4.2188,-0.041016,0,26
449,9,0.26758,4.2656,0.054688,0,14
449,9,0.26172,4.1582,-0.52539,-0.66921,22
449,9,0.39648,4.1895,-0.5,-0.66921,28
449,9,0.26758,4.2285,-0.56641,-0.66921,15
449,9,0.26172,4.1875,-0.17969,-0.33461,36
449,9,0.39648,4.209,-0.27539,-0.33461,46
449,9,0.40039,4.2461,-0.29102,-0.33461,26
451,4,0.13086,4.1953,-0.12305,0,8
451,4,0.25977,4.1309,-0.4375,-0.33461,16
451,4,0.26172,4.1641,-0.48242,-0.33461,21
451,4,0.39648,4.1914,-0.47656,-0.33461,12
479,1,0.28516,4.5684,-0.10352,-0.33461,13
480,3,0.14258,4.5313,-0.23828,0,10
480,3,0.14063,4.4863,-0.34961,-0.33461,17
480,3,0.2832,4.5137,-0.38867,-0.33461,18
481,10,0.2793,4.4453,0.30273,0,12
481,10,0.14063,4.4941,0.23047,0,13
481,10,0.42188,4.4375,-0.63281,-1.0038,14
481,10,0.27734,4.3672,-0.66211,-0.66921,13
481,10,0.2793,4.4316,-0.45508,-0.66921,34
481,10,0.28125,4.4727,-0.42578,-0.66921,40
481,10,0.2832,4.5176,-0.35352,-0.66921,22
481,10,0.2793,4.4551,-0.11328,-0.33461,31
481,10,0.28125,4.4922,-0.091797,-0.33461,37
481,10,0.2832,4.5293,-0.089844,-0.33461,21
482,5,0.58594,4.6309,-0.46094,0.33461,22
482,5,0.5918,4.6699,-0.45898,0.33461,24
482,5,0.2793,4.4473,-0.27148,-0.66921,18
482,5,0.27734,4.4121,0.23047,-0.33461,13
482,5,0.2793,4.4551,-0.10156,-0.33461,16
483,5,0.5918,4.6777,-0.37695,0.33461,14
483,5,0.27148,4.2988,-0.61719,-1.0038,13
483,5,0.26953,4.293,-0.32422,-0.66921,13
483,5,0.27148,4.334,-0.28125,-0.66921,22
483,5,0.27344,4.3652,-0.36914,-0.66921,18
485,4,0.26758,4.2656,0.11328,0,8
485,4,0.40039,4.2402,-0.37109,-0.66921,13
485,4,0.26758,4.2598,-0.24219,-0.33461,16
485,4,0.13477,4.2949,-0.37695,-0.33461,11
486,4,0.26172,4.1875,0.16992,0,10
486,4,0.13281,4.2324,0.16211,0,10
486,4,0.39453,4.168,-0.33594,-0.33461,18
486,4,0.39648,4.2168,-0.14844,-0.33461,18
487,4,0.26172,4.1875,-0.19727,0,9
487,4,0.25977,4.1465,-0.25781,-0.33461,16
487,4,0.39453,4.1738,-0.25391,-0.33461,21
487,4,0.26563,4.2148,-0.34766,-0.33461,11
516,7,0.14258,4.5215,-0.38672,0,12
516,7,0.14258,4.5703,-0.21875,0,18
516,7,0.14453,4.6074,-0.23047,0,13
516,7,0.28516,4.4707,-0.94141,-0.66921,16
516,7,0.2832,4.502,-0.51953,-0.33461,23
516,7,0.28516,4.5449,-0.45898,-0.33461,35
516,7,0.28906,4.5859,-0.44336,-0.33461,26
517,1,0.43359,4.5938,-0.15234,-0.33461,14
518,6,0.14063,4.4336,-0.76758,-1.0038,13
518,6,0.2793,4.4434,-0.32227,-0.66921,23
518,6,0.28125,4.4824,-0.32422,-0.66921,29
518,6,0.2832,4.5156,-0.37305,-0.66921,16
518,6,0.2793,4.4531,-0.13672,-0.33461,15
518,6,0.14063,4.5,0.068359,-0.33461,20
519,6,0.27344,4.3086,-0.78516,-1.0038,17
519,6,0.27734,4.3691,-0.6582,-1.0038,25
519,6,0.13867,4.4277,-0.55664,-1.0038,18
519,6,0.27344,4.375,-0.19141,-0.66921,19
519,6,0.27734,4.4141,-0.16211,-0.66921,27
519,6,0.13867,4.4609,-0.11914,-0.66921,19
520,8,0.73828,4.6699,-0.099609,0.33461,22
520,8,0.5957,4.7266,-0.17188,0.33461,21
520,8,0.26953,4.2539,-0.66211,-1.0038,22
520,8,0.4082,4.2891,-0.60156,-1.0038,25
520,8,0.26953,4.2891,-0.35352,-0.66921,31
520,8,0.27148,4.332,-0.29883,-0.66921,36
520,8,0.27344,4.3711,-0.29297,-0.66921,16
520,8,0.13672,4.3477,-0.12695,-0.33461,14
521,16,0.26758,4.2656,0.12305,0,18
521,16,0.13477,4.3105,0.068359,0,15
521,16,0.5918,4.6875,-0.19141,0.33461,26
521,16,0.74414,4.7051,-0.1875,0.33461,22
521,16,0.40039,4.2031,-0.67578,-1.0038,22
521,16,0.4043,4.252,-0.60547,-1.0038,21
521,16,0.26563,4.207,-0.42578,-0.66921,29
521,16,0.26758,4.248,-0.39063,-0.66921,61
521,16,0.26953,4.291,-0.34375,-0.66921,57
521,16,0.4082,4.3242,-0.26172,-0.66921,24
521,16,0.26563,4.2285,-0.095703,-0.33461,26
521,16,0.26758,4.2637,-0.14258,-0.33461,53
521,16,0.26953,4.3027,-0.089844,-0.33461,50
521,16,0.27148,4.3418,-0.044922,-0.33461,20
521,16,0.5918,4.6367,-0.72461,-0.33461,17
521,16,0.74414,4.6445,-0.77344,-0.33461,16
522,12,0.13086,4.1973,-0.064453,0,9
522,12,0.26563,4.2285,-0.082031,0,20
522,12,0.26758,4.2656,-0.10742,0,19
522,12,0.13477,4.3105,0.050781,0,8
522,12,0.5918,4.6621,-0.53125,0.33461,14
522,12,0.74414,4.6738,-0.56641,0.33461,15
522,12,0.26563,4.207,-0.42383,-0.66921,20
522,12,0.26758,4.2363,-0.51367,-0.66921,19
522,12,0.26172,4.1895,-0.095703,-0.33461,16
522,12,0.26563,4.2246,-0.20898,-0.33461,35
522,12,0.40039,4.25,-0.24805,-0.33461,34
522,12,0.26953,4.2949,-0.30273,-0.33461,15
523,9,0.25977,4.1445,-0.2793,0,9
523,9,0.26172,4.1914,-0.029297,0,18
523,9,0.39648,4.2168,-0.11719,0,18
523,9,0.39453,4.125,-0.68164,-0.66921,16
523,9,0.26563,4.1777,-0.65234,-0.66921,14
523,9,0.25977,4.1348,-0.39844,-0.33461,16
523,9,0.26172,4.1758,-0.37109,-0.33461,34
523,9,0.26563,4.2168,-0.33008,-0.33461,32
523,9,0.13281,4.2539,-0.4082,-0.33461,12
524,5,0.25977,4.1484,0.19531,0,10
524,5,0.39453,4.1797,0.064453,0,12
524,5,0.25977,4.1484,-0.20313,-0.33461,18
524,5,0.26172,4.1836,-0.24219,-0.33461,23
524,5,0.26563,4.2031,-0.47656,-0.33461,14
551,8,0.14258,4.5371,0.044922,0,14
551,8,0.14258,4.5762,0.044922,0,18
551,8,0.28906,4.6035,-0.14258,0,12
551,8,0.2832,4.5059,-0.48633,-0.66921,12
551,8,0.28516,4.5332,-0.57227,-0.66921,15
551,8,0.2832,4.5234,-0.27734,-0.33461,26
551,8,0.28516,4.5566,-0.33398,-0.33461,34
551,8,0.28906,4.5898,-0.40039,-0.33461,20
552,13,0.14063,4.5,-0.09375,0,15
552,13,0.14258,4.5371,0.0058594,0,30
552,13,0.28516,4.5684,-0.017578,0,27
552,13,0.14453,4.6133,-0.015625,0,11
552,13,0.58594,4.6387,-0.38281,0.33461,14
552,13,0.5918,4.6563,-0.57227,0.33461,18
552,13,0.28125,4.4688,-0.47461,-0.66921,15
552,13,0.2832,4.4961,-0.56836,-0.66921,30
552,13,0.28516,4.5371,-0.5332,-0.66921,28
552,13,0.28125,4.4727,-0.43555,-0.33461,27
552,13,0.2832,4.5215,-0.28906,-0.33461,54
552,13,0.28516,4.5586,-0.31055,-0.33461,48
552,13,0.28906,4.582,-0.4707,-0.33461,19
553,4,0.28125,4.4883,-0.2207,-0.66921,26
553,4,0.2832,4.5234,-0.27344,-0.66921,25
553,4,0.14063,4.5,0.035156,-0.33461,18
553,4,0.14258,4.5371,-0.033203,-0.33461,17
554,4,0.41406,4.375,-0.5293,-1.0038,16
554,4,0.27344,4.3711,-0.28125,-0.66921,17
554,4,0.27734,4.4121,-0.24414,-0.66921,24
554,4,0.13867,4.457,-0.2207,-0.66921,15
556,10,0.13281,4.2676,0.23047,0,10
556,10,0.26758,4.2363,-0.50195,-1.0038,22
556,10,0.26953,4.2793,-0.47461,-1.0038,21
556,10,0.26563,4.2227,-0.22656,-0.66921,23
556,10,0.26758,4.2598,-0.25977,-0.66921,51
556,10,0.26953,4.2969,-0.24414,-0.66921,49
556,10,0.4082,4.3301,-0.13477,-0.66921,20
556,10,0.26563,4.2285,0.072266,-0.33461,18
556,10,0.26758,4.2656,0.076172,-0.33461,39
556,10,0.26953,4.3047,0.0625,-0.33461,36
557,14,0.13086,4.1953,0.14844,0,10
557,14,0.26563,4.2285,0.052734,0,20
557,14,0.26758,4.2656,0.089844,0,17
557,14,0.26172,4.1797,-0.30859,-0.66921,15
557,14,0.26563,4.2129,-0.36328,-0.66921,27
557,14,0.40039,4.2461,-0.28516,-0.66921,22
557,14,0.26172,4.1914,0.046875,-0.33461,20
557,14,0.26563,4.2285,-0.10938,-0.33461,38
557,14,0.26758,4.2656,-0.11133,-0.33461,31
557,14,0.13477,4.3047,-0.24219,-0.33461,12
557,14,-6.2422,0,-0.43359,-0.33461,10
557,14,6.084,1.5176,-0.34961,-0.33461,9
557,14,3.9023,0,5.7129,-0.33461,8
557,14,3.7285,0,5.9824,-0.33461,8
558,2,0.26563,4.2188,-0.28711,-0.33461,11
558,2,0.26758,4.252,-0.34961,-0.33461,11
591,3,0.14258,4.5723,0.1543,0,8
591,3,0.28516,4.5684,-0.10352,-0.33461,14
591,3,0.14453,4.6055,-0.25781,-0.33461,13
592,13,0.14063,4.498,0.13867,0,21
592,13,0.14258,4.5371,0.064453,0,24
592,13,0,4.5762,-0.11133,0,12
592,13,0.28125,4.4414,-0.67969,-1.0038,16
592,13,0.2832,4.4883,-0.62109,-1.0038,17
592,13,0.2793,4.4277,-0.50195,-0.66921,23
592,13,0.28125,4.4766,-0.39258,-0.66921,55
592,13,0.2832,4.5117,-0.41211,-0.66921,58
592,13,0.28516,4.5488,-0.42773,-0.66921,30
592,13,0.2793,4.4492,-0.23633,-0.33461,22
592,13,0.28125,4.4922,-0.080078,-0.33461,54
592,13,0.2832,4.5293,-0.11523,-0.33461,60
592,13,0.28516,4.5625,-0.23828,-0.33461,31
593,9,0.27734,4.3848,-0.54297,-1.0038,20
593,9,0.2793,4.416,-0.5918,-1.0038,25
593,9,0.28125,4.4668,-0.48438,-1.0038,15
593,9,0.27734,4.4082,-0.29102,-0.66921,36
593,9,0.2793,4.4492,-0.24414,-0.66921,46
593,9,0.28125,4.4863,-0.25,-0.66921,26
593,9,0.27734,4.416,0.10742,-0.33461,19
593,9,0.13867,4.4629,-0.037109,-0.33461,23
593,9,0.14063,4.4961,0.19531,-0.33461,14
594,7,0.27344,4.334,-0.63672,-1.0038,16
594,7,0.27148,4.3203,-0.4375,-0.66921,27
594,7,0.27344,4.3594,-0.42773,-0.66921,38
594,7,0.27734,4.3965,-0.44141,-0.66921,25
594,7,0.13672,4.3418,-0.24609,-0.33461,19
594,7,0.27344,4.375,-0.19531,-0.33461,29
594,7,0.13867,4.4199,-0.20117,-0.33461,18
595,12,0.13477,4.3086,0.15625,0,17
595,12,0.27148,4.334,0.26563,0,15
595,12,0.26953,4.2578,-0.62695,-1.0038,21
595,12,0.27148,4.3027,-0.58008,-1.0038,20
595,12,0.26758,4.2617,-0.20898,-0.66921,27
595,12,0.26953,4.2891,-0.35547,-0.66921,59
595,12,0.27148,4.3301,-0.31445,-0.66921,55
595,12,0.27344,4.3633,-0.39258,-0.66921,22
595,12,0.26758,4.2656,-0.095703,-0.33461,23
595,12,0.26953,4.3027,-0.099609,-0.33461,51
595,12,0.27148,4.3418,-0.083984,-0.33461,47
595,12,0.13672,4.3828,-0.17578,-0.33461,18
597,9,0.26172,4.1875,0.17969,0,23
597,9,0.26563,4.2266,0.1543,0,31
597,9,0.26758,4.2637,0.13867,0,19
597,9,0.26172,4.1777,-0.3457,-0.66921,22
597,9,0.26563,4.209,-0.41016,-0.66921,31
597,9,0.26758,4.248,-0.4043,-0.66921,19
597,9,0.26172,4.1895,-0.099609,-0.33461,41
597,9,0.39648,4.2168,-0.11133,-0.33461,57
597,9,0.40039,4.2559,-0.076172,-0.33461,35
633,8,0.28125,4.4922,-0.13867,0,11
633,8,0.14258,4.5371,-0.078125,0,14
633,8,0.14258,4.5703,0.2168,0,9
633,8,0.14063,4.459,-0.60156,-0.66921,13
633,8,0.2832,4.502,-0.51758,-0.66921,18
633,8,0.28125,4.4746,-0.4043,-0.33461,20
633,8,0.2832,4.5254,-0.21289,-0.33461,27
633,8,0.28516,4.5645,-0.20117,-0.33461,16
634,7,0,4.502,-0.046875,0,8
634,7,0.43555,4.6309,-0.10742,0.33461,11
634,7,0.2793,4.4316,-0.46875,-0.66921,23
634,7,0.28125,4.4727,-0.43359,-0.66921,22
634,7,0.2793,4.4551,-0.070313,-0.33461,21
634,7,0.14063,4.498,-0.14844,-0.33461,21
634,7,-1.2559,0.8125,4.207,-0.66921,12
635,9,0.27344,4.3203,-0.72266,-1.0038,16
635,9,0.27734,4.3809,-0.56836,-1.0038,25
635,9,0.2793,4.4375,-0.4043,-1.0038,19
635,9,0.27344,4.3633,-0.375,-0.66921,30
635,9,0.27734,4.4063,-0.31055,-0.66921,48
635,9,0.41797,4.4395,-0.21875,-0.66921,37
635,9,0.27344,4.3809,0.041016,-0.33461,19
635,9,0.27734,4.418,-0.068359,-0.33461,28
635,9,0.2793,4.4551,0.052734,-0.33461,21
636,11,0.13672,4.3477,-0.066406,0,12
636,11,0.13672,4.3613,0.47266,0,10
636,11,0.26953,4.2656,-0.57031,-0.66921,15
636,11,0.27148,4.3223,-0.41211,-0.66921,30
636,11,0.41211,4.3574,-0.31641,-0.66921,33
636,11,0.27734,4.4141,-0.20313,-0.66921,17
636,11,0.13477,4.3066,-0.20313,-0.33461,16
636,11,0.27148,4.3398,-0.15625,-0.33461,29
636,11,0.27344,4.3809,-0.023438,-0.33461,28
636,11,0.27734,4.4141,0.16211,-0.33461,14
636,11,-1.2441,0,-4.3281,-0.66921,9
637,11,0.26758,4.2617,0.20313,0,20
637,11,0.26953,4.3027,0.1543,0,32
637,11,0.4082,4.3301,0.10156,0,27
637,11,0.27344,4.3809,-0.0078125,0,13
637,11,0.26758,4.2344,-0.52344,-0.66921,21
637,11,0.4043,4.2676,-0.48047,-0.66921,34
637,11,0.27148,4.3105,-0.52734,-0.66921,27
637,11,0.40039,4.2539,-0.12109,-0.33461,37
637,11,0.26953,4.3008,-0.17188,-0.33461,59
637,11,0.27148,4.3379,-0.20117,-0.33461,48
637,11,0.27344,4.375,-0.20117,-0.33461,21
638,10,0.13281,4.2188,0.37695,0,9
638,10,0.26758,4.2617,0.19727,0,17
638,10,0.26953,4.291,0.34375,0,15
638,10,0.26563,4.2129,-0.38086,-0.66921,12
638,10,0.26758,4.2539,-0.32813,-0.66921,22
638,10,0.4043,4.291,-0.16992,-0.66921,20
638,10,0.26563,4.2266,-0.1543,-0.33461,18
638,10,0.26758,4.2676,-0.037109,-0.33461,32
638,10,0.26953,4.3047,-0.015625,-0.33461,29
638,10,0.4082,4.3223,-0.27148,-0.33461,16
639,9,0.13086,4.1973,-0.033203,0,10
639,9,0.13281,4.2344,0.021484,0,21
639,9,0.26758,4.2676,0.021484,0,18
639,9,0.39648,4.1973,-0.42578,-0.66921,18
639,9,0.40039,4.2109,-0.625,-0.66921,16
639,9,0.39453,4.1797,-0.072266,-0.33461,20
639,9,0.26563,4.2227,-0.23047,-0.33461,40
639,9,0.40039,4.248,-0.26953,-0.33461,36
639,9,0.4043,4.2813,-0.32813,-0.33461,14
640,6,0.13086,4.1934,-0.17383,0,12
640,6,0.26563,4.2227,-0.24414,0,13
640,6,0.26172,4.1836,-0.25391,-0.33461,25
640,6,0.39648,4.2109,-0.26953,-0.33461,29
640,6,0.26758,4.2559,-0.30078,-0.33461,15
640,6,-1.3359,1.1152,3.9043,-0.33461,8
641,8,0.26172,4.1914,-0.041016,0,14
641,8,0.26563,4.2285,0.076172,0,17
641,8,0.13281,4.2734,-0.0019531,0,8
641,8,0.39648,4.1797,-0.57617,-0.66921,15
641,8,0.39453,4.1719,-0.2793,-0.33461,33
641,8,0.39648,4.209,-0.28125,-0.33461,38
641,8,0.26758,4.25,-0.38477,-0.33461,18
641,8,-1.1914,1.6289,3.7246,-0.66921,8
672,3,0.14258,4.5742,-0.070313,0,9
672,3,0.14258,4.5156,-0.45117,-0.33461,19
672,3,0.28516,4.5469,-0.44531,-0.33461,18
673,11,0.14063,4.498,0.11914,0,20
673,11,0.14258,4.5371,0.015625,0,21
673,11,0.14258,4.5762,0.052734,0,10
673,11,0.2793,4.4512,-0.20898,-0.66921,14
673,11,0.28125,4.4707,-0.46094,-0.66921,35
673,11,0.2832,4.5156,-0.37695,-0.66921,38
673,11,0.28516,4.5488,-0.43164,-0.66921,19
673,11,0.13867,4.4609,-0.13867,-0.33461,17
673,11,0.28125,4.4902,-0.1582,-0.33461,43
673,11,0.2832,4.5293,-0.11523,-0.33461,47
673,11,0.14258,4.5703,-0.20313,-0.33461,22
674,5,0.43945,4.6699,0.042969,0.33461,22
674,5,0.5918,4.6914,0.044922,0.33461,20
674,5,0.28125,4.4551,-0.58203,-1.0038,15
674,5,0.13867,4.4551,-0.24414,-0.66921,20
674,5,0.14063,4.4902,-0.28516,-0.66921,23
675,5,0.44336,4.6973,-0.32813,0.33461,15
675,5,0.27344,4.3418,-0.58398,-1.0038,14
675,5,0.27148,4.3359,-0.22656,-0.66921,12
675,5,0.27344,4.3789,-0.12695,-0.66921,20
675,5,0.27734,4.4023,-0.36133,-0.66921,18
676,7,0.4043,4.2832,-0.31836,-1.0038,17
676,7,0.4082,4.3242,-0.25977,-1.0038,20
676,7,0.26953,4.3047,-0.078125,-0.66921,28
676,7,0.27148,4.3418,-0.097656,-0.66921,34
676,7,0.27344,4.373,-0.25586,-0.66921,17
676,7,0.13477,4.3027,0.25195,-0.33461,14
676,7,0.27148,4.3398,0.125,-0.33461,18
677,16,0.13281,4.2207,0.35742,0,15
677,16,0.26758,4.2559,0.29883,0,21
677,16,0.13477,4.3027,0.26953,0,14
677,16,0.26563,4.2109,-0.39258,-1.0038,16
677,16,0.26758,4.2285,-0.57227,-1.0038,22
677,16,0.26953,4.2852,-0.40039,-1.0038,14
677,16,0.26172,4.1895,-0.11914,-0.66921,16
677,16,0.26563,4.2246,-0.19336,-0.66921,47
677,16,0.26758,4.2598,-0.23047,-0.66921,63
677,16,0.26953,4.2949,-0.28125,-0.66921,41
677,16,0.4082,4.3125,-0.40039,-0.66921,14
677,16,0.26172,4.1895,0.11133,-0.33461,15
677,16,0.26563,4.2285,0.052734,-0.33461,43
677,16,0.26758,4.2676,0.0058594,-0.33461,58
677,16,0.26953,4.3047,-0.052734,-0.33461,39
677,16,0.27148,4.3418,-0.097656,-0.33461,14
678,12,0.13086,4.1523,0.25977,0,10
678,12,0.13086,4.1973,0.095703,0,23
678,12,0.26563,4.2246,0.19336,0,25
678,12,0.26758,4.2598,0.24609,0,15
678,12,0.13086,4.1406,-0.38867,-0.66921,15
678,12,0.26172,4.1797,-0.32031,-0.66921,33
678,12,0.26563,4.2188,-0.29688,-0.66921,33
678,12,0.26758,4.2461,-0.41016,-0.66921,18
678,12,0.25977,4.1523,0.052734,-0.33461,20
678,12,0.39453,4.1797,-0.087891,-0.33461,47
678,12,0.39648,4.2168,-0.14844,-0.33461,49
678,12,0.26758,4.2617,-0.19336,-0.33461,28
679,2,0.25977,4.1426,-0.30078,-0.33461,14
679,2,0.13086,4.1855,-0.3125,-0.33461,17
706,1,0.14258,4.5586,-0.4043,-0.33461,14
707,5,0.14258,4.5371,-0.070313,0,13
707,5,0.14258,4.5742,-0.14648,0,10
707,5,0.28125,4.4883,-0.23242,-0.33461,15
707,5,0.2832,4.5156,-0.36719,-0.33461,25
707,5,0.28516,4.5508,-0.40234,-0.33461,19
708,6,0.14063,4.498,0.1543,0,15
708,6,0.14258,4.5332,0.18359,0,11
708,6,0.28125,4.4609,-0.53516,-0.66921,18
708,6,0.2793,4.4551,-0.11523,-0.33461,15
708,6,0.28125,4.4902,-0.18945,-0.33461,29
708,6,0.14258,4.5313,-0.22656,-0.33461,20
709,7,0.13867,4.4609,0.052734,0,12
709,7,0.14063,4.4902,0.28125,0,13
709,7,0.13867,4.4551,-0.24414,-0.66921,20
709,7,0.28125,4.4805,-0.34375,-0.66921,23
709,7,0.2793,4.4551,0.068359,-0.33461,26
709,7,0.28125,4.4941,0.0097656,-0.33461,28
709,7,0.2832,4.5313,0,-0.33461,14
711,13,0.13477,4.293,-0.39844,-1.0038,14
711,13,0.27148,4.3164,-0.47461,-1.0038,32
711,13,0.27344,4.3457,-0.54492,-1.0038,32
711,13,0.41406,4.3516,-0.69336,-1.0038,15
711,13,0.26953,4.2969,-0.24219,-0.66921,27
711,13,0.27148,4.3379,-0.18164,-0.66921,58
711,13,0.27344,4.373,-0.25391,-0.66921,58
711,13,0.27734,4.4082,-0.28125,-0.66921,25
711,13,0.13477,4.3086,-0.15625,-0.33461,15
711,13,0.27148,4.3398,0.13477,-0.33461,31
711,13,0.27344,4.3789,0.070313,-0.33461,30
711,13,0.13867,4.4238,0.027344,-0.33461,13
711,13,-1.3828,0.90625,4.1055,-0.33461,7
712,5,0.26758,4.2656,0.095703,0,13
712,5,0.26953,4.3047,-0.0058594,0,13
712,5,0.26758,4.1875,-0.82227,-0.66921,13
712,5,0.40039,4.2402,-0.37305,-0.33461,24
712,5,0.4043,4.2734,-0.41602,-0.33461,18
713,12,0.13086,4.1953,0.11523,0,19
713,12,0.26563,4.2266,0.11523,0,47
713,12,0.26758,4.2656,0.078125,0,51
713,12,0.26953,4.3047,0.017578,0,25
713,12,0.26172,4.1855,-0.20508,-0.66921,20
713,12,0.26563,4.2109,-0.38281,-0.66921,51
713,12,0.40039,4.2363,-0.42188,-0.66921,56
713,12,0.26953,4.2695,-0.55078,-0.66921,27
713,12,0.26172,4.1914,-0.044922,-0.33461,35
713,12,0.26563,4.2266,-0.11914,-0.33461,88
713,12,0.26758,4.2637,-0.15039,-0.33461,95
713,12,0.26953,4.2969,-0.27148,-0.33461,46
714,10,0.13086,4.1582,0.11914,0,8
714,10,0.26172,4.1836,0.24219,0,21
714,10,0.13281,4.2305,0.20703,0,23
714,10,0.26758,4.2676,0.041016,0,11
714,10,0.26172,4.1797,-0.31641,-0.66921,27
714,10,0.39648,4.207,-0.31055,-0.66921,29
714,10,0.13086,4.1602,0.050781,-0.33461,15
714,10,0.26172,4.1914,0.03125,-0.33461,39
714,10,0.26563,4.2285,-0.054688,-0.33461,43
714,10,0.26758,4.2656,-0.078125,-0.33461,19
715,6,0.13086,4.1973,-0.029297,0,16
715,6,0.26563,4.2285,0.054688,0,15
715,6,0.25977,4.1465,-0.24805,-0.33461,19
715,6,0.26172,4.1855,-0.21875,-0.33461,38
715,6,0.26563,4.2227,-0.22852,-0.33461,34
715,6,0.26758,4.2598,-0.25,-0.33461,14
748,1,0.28516,4.5586,-0.31836,-0.33461,13
749,6,0.2793,4.4316,-0.46094,-0.66921,19
749,6,0.28125,4.4805,-0.33984,-0.66921,29
749,6,0.2832,4.5156,-0.38086,-0.66921,19
749,6,0.13867,4.459,-0.16016,-0.33461,14
749,6,0.14063,4.5,0.023438,-0.33461,21
749,6,0.2832,4.5313,0.023438,-0.33461,15
750,2,0.2793,4.4355,-0.41602,-1.0038,15
750,2,0.2793,4.4551,-0.10156,-0.66921,20
751,13,0.58594,4.6543,0.03125,0.33461,17
751,13,0.5918,4.6914,0.10938,0.33461,16
751,13,0.13477,4.2773,-0.53516,-1.0038,15
751,13,0.27148,4.3184,-0.45117,-1.0038,36
751,13,0.27344,4.3496,-0.52148,-1.0038,37
751,13,0.27734,4.3691,-0.65625,-1.0038,19
751,13,0.13477,4.3086,-0.14648,-0.66921,23
751,13,0.27148,4.3398,-0.16211,-0.66921,54
751,13,0.27344,4.375,-0.19727,-0.66921,55
751,13,0.27734,4.4082,-0.28906,-0.66921,28
751,13,0.13672,4.3477,0.10938,-0.33461,22
751,13,0.13672,4.3848,0.13867,-0.33461,22
751,13,0.27734,4.418,0.052734,-0.33461,12
752,6,0.43945,4.6699,0.070313,0.33461,15
752,6,0.5918,4.6914,-0.11523,0.33461,25
752,6,0.44727,4.7461,-0.074219,0.33461,22
752,6,0.26758,4.2656,-0.095703,-0.66921,19
752,6,0.26953,4.3047,0.085938,-0.66921,19
752,6,0.5918,4.6465,-0.6543,-0.33461,13
753,11,0.26563,4.2285,0.015625,0,12
753,11,0.13281,4.2656,0.26758,0,13
753,11,0.44336,4.7012,-0.25977,0.33461,13
753,11,0.26172,4.1895,-0.095703,-0.66921,14
753,11,0.26563,4.2246,-0.20703,-0.66921,27
753,11,0.26758,4.2559,-0.31055,-0.66921,27
753,11,0.4043,4.2891,-0.21875,-0.66921,14
753,11,0.26172,4.1895,0.125,-0.33461,14
753,11,0.26563,4.2285,-0.0058594,-0.33461,28
753,11,0.26758,4.2656,-0.056641,-0.33461,30
753,11,0.26953,4.3027,-0.097656,-0.33461,17
789,1,0.2832,4.5039,-0.49805,-0.33461,12
791,11,0.43555,4.6328,0.064453,0.33461,11
791,11,0.27734,4.377,-0.60352,-1.0038,19
791,11,0.2793,4.4277,-0.49805,-1.0038,28
791,11,0.28125,4.4531,-0.60156,-1.0038,21
791,11,0.27734,4.4141,-0.1875,-0.66921,36
791,11,0.41797,4.4395,-0.22852,-0.66921,55
791,11,0.28125,4.4883,-0.21875,-0.66921,42
791,11,0.2832,4.5273,-0.19922,-0.66921,15
791,11,0.27734,4.418,0.080078,-0.33461,21
791,11,0.13867,4.4609,0.060547,-0.33461,32
791,11,0.28125,4.4941,0.027344,-0.33461,25
792,10,0.27148,4.3047,-0.57422,-1.0038,16
792,10,0.27344,4.3633,-0.39063,-1.0038,34
792,10,0.27734,4.4043,-0.33789,-1.0038,33
792,10,0.2793,4.4336,-0.44336,-1.0038,15
792,10,0.27148,4.3418,-0.078125,-0.66921,22
792,10,0.27344,4.3789,-0.070313,-0.66921,48
792,10,0.27734,4.418,-0.054688,-0.66921,48
792,10,0.2793,4.4531,-0.13086,-0.66921,21
792,10,0.13672,4.3828,0.20313,-0.33461,18
792,10,0.27734,4.4082,0.30273,-0.33461,18
793,4,0.26953,4.252,-0.66602,-1.0038,16
793,4,0.13281,4.2656,-0.24023,-0.66921,16
793,4,0.13477,4.3047,-0.24219,-0.66921,23
793,4,0.27148,4.3164,-0.4707,-0.66921,14
794,10,0.26563,4.2188,0.29102,0,13
794,10,0.13281,4.2676,0.23047,0,9
794,10,0.26563,4.207,-0.43555,-1.0038,17
794,10,0.26758,4.2383,-0.49219,-1.0038,14
794,10,0.26172,4.1895,-0.13281,-0.66921,22
794,10,0.26563,4.2207,-0.25195,-0.66921,45
794,10,0.26758,4.2617,-0.22656,-0.66921,35
794,10,0.26172,4.1914,-0.052734,-0.33461,19
794,10,0.26563,4.2285,0.044922,-0.33461,38
794,10,0.26758,4.2656,0.068359,-0.33461,29
795,13,0.25977,4.1504,0.15234,0,15
795,13,0.26172,4.1875,0.16211,0,31
795,13,0.26563,4.2285,0.10547,0,29
795,13,0.26758,4.2676,0.039063,0,14
795,13,0.44336,4.6934,-0.37695,0.33461,13
795,13,0.25977,4.1504,-0.14648,-0.66921,21
795,13,0.39453,4.1719,-0.28906,-0.66921,41
795,13,0.26563,4.2168,-0.33398,-0.66921,38
795,13,0.26758,4.2422,-0.45898,-0.66921,17
795,13,0.25977,4.1523,-0.052734,-0.33461,29
795,13,0.26172,4.1914,-0.072266,-0.33461,60
795,13,0.39648,4.2168,-0.095703,-0.33461,56
795,13,0.26758,4.2617,-0.21094,-0.33461,25
796,2,0.13086,4.166,-0.50586,-0.33461,13
796,2,-1.1816,1.8477,3.582,-0.33461,7
822,1,0.29492,4.6699,-0.6875,-0.33461,14
823,8,0.28906,4.5957,-0.30859,0,8
823,8,0.42969,4.5547,0.1543,0.33461,12
823,8,0.43359,4.5938,0.13867,0.33461,16
823,8,0.29102,4.6426,0.14648,0.33461,11
823,8,0.42969,4.5293,-0.50781,-0.33461,23
823,8,0.57617,4.5586,-0.43164,-0.33461,30
823,8,0.43555,4.6016,-0.53906,-0.33461,22
823,8,0.58594,4.6133,-0.62305,-0.33461,14
824,9,0.57227,4.541,-0.13281,0,11
824,9,0.28906,4.6016,-0.22656,0,12
824,9,0.43555,4.6035,-0.52344,0,13
824,9,0.43945,4.666,0.1875,0,11
824,9,0.57227,4.5117,-0.52344,-0.33461,27
824,9,0.43359,4.5176,-0.8418,-0.33461,32
824,9,0.58203,4.5684,-0.66602,-0.33461,35
824,9,0.58594,4.6543,-0.082031,-0.33461,32
824,9,0.44336,4.7031,-0.20703,-0.33461,26
825,18,0.42578,4.4727,0.64648,0,21
825,18,0.42969,4.4492,0.98438,0,24
825,18,0.14453,4.625,0.49023,0,12
825,18,4.0664,0,5.4766,0,8
825,18,0.43359,4.5879,-0.25195,0.33461,14
825,18,0.43555,4.6309,-0.17188,0.33461,15
825,18,0.43555,4.541,-0.91602,-1.0038,14
825,18,0.42578,4.5156,0.19141,-0.66921,19
825,18,0.42969,4.5488,0.2832,-0.66921,26
825,18,0.7207,4.5117,-0.65234,-0.66921,20
825,18,0.43555,4.5195,-1.0215,-0.66921,14
825,18,0.42578,4.4883,0.54102,-0.33461,36
825,18,0.42969,4.459,0.94336,-0.33461,38
825,18,0.29102,4.6426,-0.12109,-0.33461,26
825,18,0.29297,4.6172,0.78125,-0.33461,18
825,18,4.2695,0,5.0254,-0.33461,15
825,18,-6.3047,1.5527,-0.44336,0,7
825,18,-6.3047,1.0566,-1.2207,-0.33461,11
826,21,0.42578,3.959,2.1797,0,13
826,21,0.42969,3.584,2.8164,0,14
826,21,0.43359,4.5391,0.71484,0,19
826,21,0.58203,4.6172,-0.085938,0,34
826,21,0.43945,4.6504,-0.44336,0,26
826,21,0.42969,4.5566,-0.044922,0.33461,17
826,21,0.43359,4.5859,-0.30273,0.33461,20
826,21,0.43555,4.5898,-0.63281,0.33461,20
826,21,0.29297,4.6367,-0.6582,0.33461,21
826,21,0.2832,4.377,-1.1738,-1.0038,20
826,21,0.42969,4.416,-1.1289,-1.0038,14
826,21,0.42578,4.4297,-0.89648,-0.66921,30
826,21,0.57227,4.4395,-0.95898,-0.66921,27
826,21,0.7207,4.5508,0.25977,-0.66921,23
826,21,0.72656,4.5723,-0.4668,-0.66921,33
826,21,0.42188,4.4336,0.6543,-0.33461,16
826,21,0.56836,4.4863,0.41016,-0.33461,32
826,21,0.57227,4.4121,-1.0781,-0.33461,39
826,21,0.57617,4.4707,0.98828,-0.33461,32
826,21,0.72656,4.5957,0.0019531,-0.33461,49
826,21,0.58594,4.6523,-0.12891,-0.33461,30
827,26,0.41797,4.4063,0.58984,0,19
827,26,0.42188,4.4727,0.28125,0,30
827,26,0.42578,4.5195,-0.070313,0,36
827,26,0.28516,4.5508,0.40625,0,25
827,26,0.43359,4.5586,0.57422,0,39
827,26,0.43555,4.6055,0.50977,0,26
827,26,0.28516,4.5664,0.125,0.33461,13
827,26,0.43359,4.5898,0.21484,0.33461,12
827,26,0.29297,4.6309,-0.68555,0.33461,34
827,26,0.14844,4.6816,-0.65039,0.33461,34
827,26,0.14648,4.6523,-0.58984,0.66921,13
827,26,0.29492,4.7012,-0.41797,0.66921,14
827,26,0.57227,4.4922,-0.67578,-1.0038,13
827,26,0.57617,4.541,-0.58984,-1.0038,14
827,26,0.41797,4.4434,-0.12305,-0.66921,35
827,26,0.42188,4.4785,-0.18945,-0.66921,52
827,26,0.42578,4.5059,-0.36719,-0.66921,52
827,26,0.42969,4.5547,-0.18359,-0.66921,50
827,26,0.57617,4.5742,-0.20898,-0.66921,67
827,26,0.58203,4.5977,-0.41602,-0.66921,48
827,26,0.41797,4.4375,0.24609,-0.33461,41
827,26,0.42188,4.4824,0.037109,-0.33461,63
827,26,0.42578,4.5117,-0.28125,-0.33461,70
827,26,0.42969,4.5547,0.13867,-0.33461,50
827,26,0.43359,4.5898,0.2207,-0.33461,79
827,26,0.58203,4.6172,-0.085938,-0.33461,64
828,36,0.41797,4.4355,-0.2793,0,17
828,36,0.42188,4.4727,-0.29883,0,28
828,36,0.42578,4.5098,-0.31836,0,36
828,36,0.42969,4.5488,-0.28516,0,40
828,36,0.43359,4.5781,-0.38867,0,21
828,36,4.1719,0,5.9473,0,13
828,36,4.1953,0,5.8496,0,16
828,36,0.55273,4.3887,-0.17578,-1.0038,31
828,36,0.55859,4.4258,-0.16406,-1.0038,34
828,36,0.42188,4.4668,-0.36914,-1.0038,22
828,36,0.56836,4.4824,-0.44531,-1.0038,25
828,36,0.57227,4.502,-0.60156,-1.0038,26
828,36,0.41211,4.3574,0.31445,-0.66921,25
828,36,0.55273,4.3809,0.30273,-0.66921,59
828,36,0.55859,4.4297,0.046875,-0.66921,60
828,36,0.5625,4.4473,-0.41406,-0.66921,57
828,36,0.56836,4.4727,-0.53906,-0.66921,74
828,36,0.57227,4.5039,-0.58789,-0.66921,84
828,36,0.43359,4.5449,-0.67383,-0.66921,43
828,36,4.1719,0,5.5254,-0.66921,15
828,36,4.3965,0,5.4141,-0.66921,18
828,36,0.27344,4.3477,0.52539,-0.33461,17
828,36,0.41406,4.2988,0.97461,-0.33461,28
828,36,0.55859,4.4297,-0.033203,-0.33461,38
828,36,0.42188,4.4609,-0.43555,-0.33461,60
828,36,0.42578,4.5,-0.42383,-0.33461,81
828,36,0.42969,4.5332,-0.47852,-0.33461,92
828,36,0.43359,4.5586,-0.57813,-0.33461,49
828,36,4.1719,0,5.6445,-0.33461,24
828,36,4.3965,0,5.5176,-0.33461,30
828,36,-5.959,2.1973,-0.25586,0,12
828,36,-6.1934,1.543,-0.36719,0,13
828,36,-5.959,1.8828,-1.1621,-0.66921,13
828,36,-5.9941,1.873,-1.2012,-0.66921,15
828,36,-5.959,2.1406,-0.55664,-0.33461,21
828,36,-5.9941,2.1465,-0.58789,-0.33461,24
829,16,0.53906,4.2109,-0.75781,-1.0038,16
829,16,0.54297,4.2852,-0.51953,-1.0038,18
829,16,0.41211,4.3379,-0.51563,-1.0038,12
829,16,0.69141,4.3125,-0.71875,-1.0038,33
829,16,0.69727,4.3633,-0.64063,-1.0038,58
829,16,0.5625,4.4238,-0.62109,-1.0038,45
829,16,0.4043,4.2441,-0.6582,-0.66921,14
829,16,0.27148,4.3203,-0.43164,-0.66921,18
829,16,0.54883,4.2754,-0.82227,-0.66921,24
829,16,0.55273,4.3496,-0.61133,-0.66921,50
829,16,0.55859,4.4082,-0.43555,-0.66921,78
829,16,0.5625,4.4414,-0.47656,-0.66921,60
829,16,0.41211,4.3262,-0.61719,-0.33461,13
829,16,0.55273,4.3438,-0.64258,-0.33461,19
829,16,0.41797,4.4238,-0.42188,-0.33461,27
829,16,0.5625,4.4492,-0.40625,-0.33461,23
830,44,0.26758,4.2168,0.64844,0,9
830,44,0.26953,4.2969,0.25391,0,11
830,44,0.13672,4.3809,0.23047,0,12
830,44,0.27734,4.4141,0.19336,0,11
830,44,0.39648,4.2129,-0.20898,-1.3384,23
830,44,0.40039,4.2422,-0.35156,-1.3384,56
830,44,0.53906,4.2539,-0.47266,-1.3384,82
830,44,0.54297,4.2754,-0.59766,-1.3384,101
830,44,0.41211,4.3105,-0.71289,-1.3384,102
830,44,0.55273,4.3027,-0.88086,-1.3384,56
830,44,0.39453,4.1777,-0.14258,-1.0038,13
830,44,0.39648,4.2188,0.015625,-1.0038,57
830,44,0.40039,4.2559,0.0058594,-1.0038,125
830,44,0.53906,4.2773,-0.10156,-1.0038,158
830,44,0.54297,4.3047,-0.32813,-1.0038,173
830,44,0.54883,4.3301,-0.46289,-1.0038,183
830,44,0.55273,4.3379,-0.68945,-1.0038,111
830,44,4.4863,0,5.418,-1.0038,21
830,44,4.3184,0,5.2539,-1.0038,18
830,44,0.39453,4.1699,-0.31641,-0.66921,18
830,44,0.39648,4.2188,0.0625,-0.66921,49
830,44,0.53516,4.2266,0.35547,-0.66921,82
830,44,0.53906,4.2598,0.41602,-0.66921,88
830,44,0.4082,4.332,0.052734,-0.66921,92
830,44,0.41211,4.3652,-0.20313,-0.66921,102
830,44,0.41406,4.3867,-0.42578,-0.66921,68
830,44,4.2656,0,5.8887,-0.66921,22
830,44,4.291,0,5.791,-0.66921,32
830,44,4.3184,0,5.7832,-0.66921,30
830,44,4.3438,0,5.6719,-0.66921,20
830,44,0.26563,4.209,-0.4082,-0.33461,13
830,44,0.26953,4.0547,-1.4434,-0.33461,14
830,44,0.27148,4.1172,-1.3809,-0.33461,12
830,44,4.291,0,6.1797,-0.33461,15
830,44,4.3184,0,-6.1699,-0.33461,14
830,44,-1.2441,2.0469,3.7227,-1.3384,29
830,44,-5.8516,2.0273,-0.78125,-1.0038,12
830,44,-5.8887,2.0156,-0.8457,-1.0038,11
830,44,-6.0117,1.4629,-0.47656,-0.66921,14
830,44,-5.8516,2.1133,-0.50586,-0.66921,22
830,44,-5.8887,2.0918,-0.63086,-0.66921,19
830,44,-6.1211,1.4297,-0.64258,-0.66921,11
830,44,-6.0469,1.5469,-0.064453,-0.33461,11
830,44,-6.084,1.5547,-0.097656,-0.33461,10
831,33,0.13281,4.2676,0.22266,0,10
831,33,0.26953,4.3008,0.20313,0,12
831,33,0.13867,4.3027,-1.0293,-2.0076,14
831,33,0.13867,4.3281,-1.0859,-2.0076,24
831,33,0.28125,4.3535,-1.1113,-2.0076,19
831,33,0.39453,4.168,-0.31836,-1.673,11
831,33,0.26758,4.127,-1.082,-1.673,16
831,33,0.53906,4.1406,-1.0781,-1.673,19
831,33,0.2793,4.3926,-0.75,-1.673,28
831,33,0.38672,4.0996,-0.2168,-1.3384,17
831,33,0.51953,4.125,-0.18555,-1.3384,46
831,33,0.39453,4.1797,-0.066406,-1.3384,46
831,33,0.26563,4.084,-1.0977,-1.3384,16
831,33,0.40039,4.1855,-0.77148,-1.3384,77
831,33,0.53906,4.2168,-0.73438,-1.3384,80
831,33,0.54297,4.2773,-0.57617,-1.3384,52
831,33,0.38672,4.1055,0.066406,-1.0038,20
831,33,0.39063,4.1426,0.09375,-1.0038,54
831,33,0.52539,4.1641,0.1543,-1.0038,48
831,33,0.26563,4.1836,-0.625,-1.0038,29
831,33,0.40039,4.2324,-0.44531,-1.0038,91
831,33,0.4043,4.2715,-0.4375,-1.0038,87
831,33,0.4082,4.3203,-0.31836,-1.0038,58
831,33,-6.4121,2.7832,-1.0957,-1.0038,27
831,33,-6.4453,2.7363,-1.2461,-1.0038,36
831,33,-6.4805,2.791,-1.1602,-1.0038,30
831,33,0.39063,4.1367,0.24414,-0.66921,18
831,33,0.26563,4.2285,-0.044922,-0.66921,17
831,33,0.40039,4.2559,-0.11133,-0.66921,37
831,33,0.4043,4.291,-0.16602,-0.66921,32
831,33,-6.4121,2.8008,-1.0488,-0.66921,24
831,33,-6.4453,2.8633,-0.91602,-0.66921,29
831,33,-6.4805,2.9336,-0.73047,-0.66921,23
832,54,0.25781,4.1152,-0.0019531,0,9
832,54,0.39063,4.1406,-0.14063,0,25
832,54,0.39453,4.1777,-0.16992,0,30
832,54,0.5293,4.1953,-0.25977,0,23
832,54,0.40039,4.2539,-0.16211,0,12
832,54,0.13281,4.1504,-0.84375,-2.6769,14
832,54,0.26758,4.2031,-0.73438,-2.6769,13
832,54,0.26172,4.0977,-0.88086,-2.3422,16
832,54,0.13281,4.1641,-0.77734,-2.3422,31
832,54,0.13281,4.207,-0.74414,-2.3422,26
832,54,0.26172,4.0996,-0.87305,-2.0076,35
832,54,0.26563,4.1563,-0.7793,-2.0076,51
832,54,0.13281,4.207,-0.74805,-2.0076,33
832,54,0.38672,3.9961,-0.93945,-1.673,14
832,54,0.39063,4.0625,-0.81641,-1.673,25
832,54,0.26172,4.1387,-0.66211,-1.673,42
832,54,0.26563,4.1738,-0.68359,-1.673,57
832,54,0.40039,4.1875,-0.76172,-1.673,46
832,54,0.4043,4.1738,-1.0059,-1.673,20
832,54,0.37891,4.0215,-0.25977,-1.3384,14
832,54,0.38281,4.0234,-0.59766,-1.3384,53
832,54,0.38672,4.0547,-0.64844,-1.3384,106
832,54,0.39063,4.0977,-0.61523,-1.3384,107
832,54,0.39453,4.1367,-0.61133,-1.3384,58
832,54,0.39648,4.1445,-0.78516,-1.3384,40
832,54,0.40039,4.1641,-0.88477,-1.3384,49
832,54,-6.3438,2.7949,-0.96875,-1.3384,15
832,54,-6.5977,2.1699,-1.1328,-1.3384,15
832,54,0.37891,4.0313,-0.013672,-1.0038,33
832,54,0.38281,4.0586,-0.26172,-1.0038,105
832,54,0.38672,4.0898,-0.35938,-1.0038,177
832,54,0.39063,4.125,-0.38477,-1.0038,163
832,54,0.52539,4.1309,-0.54688,-1.0038,83
832,54,0.5293,4.0957,-0.94922,-1.0038,47
832,54,0.53516,4.168,-0.78906,-1.0038,45
832,54,-6.3086,2.8555,-0.71094,-1.0038,30
832,54,-6.3438,2.7559,-1.0762,-1.0038,37
832,54,-6.377,2.7031,-1.2402,-1.0038,28
832,54,0.25391,4.0313,0.27148,-0.66921,26
832,54,0.38281,4.0684,0.046875,-0.66921,73
832,54,0.38672,4.1016,-0.16602,-0.66921,112
832,54,0.39063,4.1289,-0.35352,-0.66921,110
832,54,0.52539,4.123,-0.59961,-0.66921,79
832,54,0.5293,4.1484,-0.68359,-0.66921,50
832,54,0.53516,4.1855,-0.68164,-0.66921,32
832,54,-6.5254,2.3418,-0.62305,-0.66921,35
832,54,-6.3438,2.8379,-0.83789,-0.66921,46
832,54,-6.377,2.791,-1.0293,-0.66921,34
832,54,0.38672,4.0898,-0.35938,-0.33461,30
832,54,0.39063,4.1113,-0.51758,-0.33461,55
832,54,0.52539,4.127,-0.57617,-0.33461,65
832,54,0.5293,4.1445,-0.70117,-0.33461,42
832,54,-6.5625,2.3027,-0.79297,-0.33461,18
832,54,-1.6035,2.1074,3.3574,-2.6769,7
833,38,0,4.0215,0.46875,0,11
833,38,0.25586,4.0703,0.25391,0,12
833,38,-0.50195,2.3691,3.1973,2.3422,13
833,38,0.125,3.916,-0.85742,-2.3422,12
833,38,0.25391,3.9551,-0.82227,-2.3422,14
833,38,0.37891,3.9648,-0.7207,-2.0076,19
833,38,0.38281,3.9102,-1.123,-2.0076,27
833,38,0.51563,3.8984,-1.2402,-2.0076,22
833,38,0.37891,3.9668,-0.71875,-1.673,31
833,38,0.38281,3.9707,-0.88867,-1.673,31
833,38,0.25781,4.0352,-0.80859,-1.673,15
833,38,0.25977,4.0469,-0.93555,-1.673,15
833,38,0.37305,3.9336,-0.41406,-1.3384,36
833,38,0.375,3.9746,-0.38867,-1.3384,76
833,38,0.25391,4.0273,-0.32031,-1.3384,69
833,38,0.51563,4.0117,-0.80859,-1.3384,52
833,38,0.39063,4.0469,-0.88867,-1.3384,44
833,38,0.36914,3.916,-0.060547,-1.0038,20
833,38,0.37305,3.9551,-0.080078,-1.0038,71
833,38,0.375,3.9922,-0.052734,-1.0038,125
833,38,0.37891,4.0293,0.068359,-1.0038,86
833,38,0.51172,4.0449,-0.25977,-1.0038,29
833,38,0.25781,4.0781,-0.55078,-1.0038,63
833,38,0.13086,4.043,-0.98242,-1.0038,41
833,38,-6.2402,2.7988,-0.79688,-1.0038,22
833,38,-6.2754,2.7813,-0.91406,-1.0038,21
833,38,0.37305,3.9492,0.21094,-0.66921,44
833,38,0.375,3.9844,0.25977,-0.66921,69
833,38,0.37891,4.0078,0.42969,-0.66921,46
833,38,0.25586,4.0723,-0.22461,-0.66921,40
833,38,0.25781,4.1113,-0.18945,-0.66921,31
833,38,0.91016,4.0059,-0.66602,-0.66921,31
833,38,-6.2402,2.8711,-0.47656,-0.66921,22
833,38,-6.4902,2.3418,-0.56445,-0.66921,21
833,38,0.38281,4.0586,-0.28516,-0.33461,27
833,38,0.51563,4.0664,-0.45117,-0.33461,32
833,38,0.65039,4.0938,-0.36133,-0.33461,26
833,38,-0.65039,1.4844,3.832,-0.66921,20
834,51,0.24414,3.8594,0.48633,0,9
834,51,0.12305,3.8984,0.51563,0,11
834,51,0.50586,4,0.35938,0,10
834,51,0.51172,4.0488,0.18359,0,14
834,51,0.36523,3.5801,-1.4941,-2.0076,15
834,51,0.36914,3.6934,-1.3086,-2.0076,17
834,51,0.36133,3.7813,-0.68555,-1.673,17
834,51,0.36523,3.7891,-0.83203,-1.673,42
834,51,0.36914,3.7852,-1.0078,-1.673,45
834,51,0.37305,3.7813,-1.1602,-1.673,28
834,51,0.25,3.8633,-1.0469,-1.673,16
834,51,0.36133,3.834,-0.24023,-1.3384,40
834,51,0.36523,3.8672,-0.30078,-1.3384,72
834,51,0.36914,3.916,-0.13477,-1.3384,53
834,51,0,3.3184,-2.1836,-1.3384,19
834,51,0.375,3.877,-0.95703,-1.3384,55
834,51,0.37891,3.9121,-0.96875,-1.3384,44
834,51,0.51172,3.9316,-0.98633,-1.3384,48
834,51,0.23828,3.8145,0.015625,-1.0038,11
834,51,0.36133,3.8418,-0.056641,-1.0038,45
834,51,0.36523,3.8789,0.070313,-1.0038,64
834,51,0.24609,3.9277,-0.0019531,-1.0038,42
834,51,0.62109,3.9121,-0.31445,-1.0038,23
834,51,0.375,3.9355,-0.67773,-1.0038,83
834,51,0.50586,3.9707,-0.59766,-1.0038,93
834,51,0.51172,4.0098,-0.59375,-1.0038,95
834,51,0.51563,4.0293,-0.70898,-1.0038,73
834,51,0.43359,4.5938,-0.13867,-1.0038,67
834,51,0.58203,4.6016,-0.375,-1.0038,63
834,51,4.1094,0,4.834,-1.0038,21
834,51,0.24023,3.8477,0.18164,-0.66921,17
834,51,0.24414,3.8672,0.41406,-0.66921,17
834,51,0.49219,3.8809,-0.42969,-0.66921,21
834,51,0.62109,3.9102,0.32031,-0.66921,20
834,51,0.375,3.9648,-0.4707,-0.66921,57
834,51,0.50586,3.998,-0.39063,-0.66921,73
834,51,0.63867,4.0254,-0.30078,-0.66921,64
834,51,0.51563,4.0703,-0.4082,-0.66921,49
834,51,0.43359,4.5938,0.14258,-0.66921,50
834,51,0.43555,4.6328,-0.085938,-0.66921,48
834,51,3.9238,0,5.2324,-0.66921,29
834,51,3.9473,0,5.2578,-0.66921,26
834,51,0.25,3.9883,-0.33203,-0.33461,15
834,51,0.37891,3.9941,-0.5332,-0.33461,20
834,51,0.38281,4.0449,-0.43945,-0.33461,10
834,51,-1.1074,2.834,2.4941,-2.0076,9
834,51,-0.74414,1.2578,3.6934,-1.0038,18
834,51,-5.6035,1.8496,-0.95117,-1.0038,17
834,51,-0.86914,1.584,-3.5391,-0.66921,12
834,51,-5.6035,1.9746,-0.65234,-0.66921,25
834,51,-5.8281,1.3594,-0.61328,-0.66921,22
835,23,0.23633,3.7285,0.59375,0,11
835,23,0.35547,3.7344,-0.48633,-1.673,21
835,23,0.35742,3.752,-0.63086,-1.673,21
835,23,0.24023,3.793,-0.66602,-1.673,17
835,23,0.23438,3.7285,-0.27734,-1.3384,28
835,23,0.35547,3.7617,-0.17969,-1.3384,92
835,23,0.35742,3.7852,-0.38281,-1.3384,106
835,23,0.36133,3.8027,-0.54297,-1.3384,103
835,23,0.36523,3.8672,-0.30664,-1.3384,83
835,23,0.49219,3.8906,-0.3125,-1.3384,48
835,23,0.62109,3.877,-0.60156,-1.3384,51
835,23,0.23438,3.7363,0.12891,-1.0038,28
835,23,0.35547,3.7656,0.082031,-1.0038,98
835,23,0.35742,3.8027,-0.11523,-1.0038,128
835,23,0.36133,3.832,-0.27734,-1.0038,131
835,23,0.24414,3.8887,-0.058594,-1.0038,99
835,23,0.61523,3.8848,-0.125,-1.0038,50
835,23,0.74414,3.8809,-0.40234,-1.0038,54
835,23,0.23633,3.75,0.4375,-0.66921,30
835,23,0.23828,3.8086,0.20117,-0.66921,46
835,23,0.24023,3.8516,0.037109,-0.66921,50
835,23,0.36523,3.873,0.21875,-0.66921,37
835,23,0.61523,3.877,0.26758,-0.66921,15
836,26,0.11523,3.6719,0.49414,0,10
836,26,0.11719,3.7031,0.55078,0,11
836,26,0.46875,3.5938,-0.94922,-2.0076,14
836,26,0.45898,3.5781,-0.66992,-1.673,26
836,26,0.46289,3.5938,-0.78711,-1.673,42
836,26,0.46875,3.6348,-0.77344,-1.673,50
836,26,0.5918,3.6621,-0.74219,-1.673,24
836,26,0.48242,3.6641,-1.1094,-1.673,36
836,26,0.60938,3.7148,-1.0078,-1.673,32
836,26,0.33984,3.6094,-0.20898,-1.3384,34
836,26,0.57422,3.5703,-0.62109,-1.3384,41
836,26,0.69531,3.5859,-0.64063,-1.3384,33
836,26,0.58594,3.6309,-0.71289,-1.3384,36
836,26,3.9805,0,4.4727,-1.3384,15
836,26,4.0059,0,4.4023,-1.3384,17
836,26,3.9805,0,4.9746,-1.0038,23
836,26,4.0059,0,4.6855,-1.0038,27
836,26,-0.81055,1.9063,3.0742,-1.673,22
836,26,-0.82813,2.5508,2.668,-1.673,14
836,26,-0.80273,1.8516,3.0664,-1.3384,21
836,26,-0.69531,1.5918,3.2754,-1.3384,21
836,26,-0.93555,1.9316,3.0703,-1.3384,21
836,26,-5.4277,1.3301,-1.5117,-1.3384,13
836,26,-5.4629,1.5195,-1.3418,-1.3384,13
836,26,-5.2461,2.2695,-0.91602,-1.0038,22
836,26,-5.4629,1.707,-1.0938,-1.0038,23
837,40,0,3.2734,-0.33789,0,9
837,40,0.10352,3.3086,-0.36523,0,13
837,40,0,3.3516,-0.31445,0,11
837,40,0,3.375,-0.45117,0,9
837,40,0.33398,3.4414,-0.83008,-2.0076,18
837,40,0.33789,3.4551,-0.93359,-2.0076,26
837,40,0.33984,3.4824,-0.9707,-2.0076,15
837,40,0.46289,3.5547,-0.94336,-2.0076,18
837,40,0.58594,3.5781,-0.94141,-2.0076,27
837,40,0.47266,3.6289,-0.96094,-2.0076,17
837,40,0.32617,3.4297,-0.50195,-1.673,22
837,40,0.33008,3.4805,-0.39258,-1.673,24
837,40,0.22266,3.4727,-0.73828,-1.673,41
837,40,0.33789,3.5059,-0.71289,-1.673,86
837,40,0.33984,3.5488,-0.69336,-1.673,57
837,40,0.11523,3.582,-0.79102,-1.673,41
837,40,0.46289,3.6191,-0.6582,-1.673,60
837,40,0.58594,3.6328,-0.69727,-1.673,74
837,40,0.32617,3.4629,-0.11719,-1.3384,39
837,40,0.33008,3.5,-0.14648,-1.3384,56
837,40,0.22266,3.4863,-0.66602,-1.3384,14
837,40,0.33789,3.5605,-0.35742,-1.3384,82
837,40,0.22656,3.6113,-0.3125,-1.3384,94
837,40,0.22852,3.6426,-0.37695,-1.3384,75
837,40,0.34766,3.666,-0.42383,-1.3384,60
837,40,0.58594,3.668,-0.48438,-1.3384,61
837,40,0.2168,3.459,0.32422,-1.0038,21
837,40,0.2207,3.5098,0.12305,-1.0038,35
837,40,0.33398,3.5332,-0.22266,-1.0038,19
837,40,0.33789,3.5781,-0.029297,-1.0038,43
837,40,0.33984,3.6152,-0.068359,-1.0038,66
837,40,0.22852,3.6602,-0.13281,-1.0038,47
837,40,-6.207,2.1211,-0.90234,-1.0038,18
837,40,0.10352,3.2227,-0.83398,-0.66921,15
837,40,0.10547,3.2539,-0.85742,-0.66921,15
837,40,0,3.3379,-0.67578,-0.66921,13
837,40,0.10352,3.252,-0.49805,-0.33461,19
837,40,0.10352,3.2617,-0.66406,-0.33461,24
837,40,0,3.2949,-0.69336,-0.33461,21
837,40,0,3.3594,-0.55469,-0.33461,17
838,59,0,3.2148,-0.86719,0,9
838,59,0.21094,3.3477,-0.28711,0,12
838,59,0.21289,3.375,0.39844,0,18
838,59,0.10742,3.3984,0.54492,0,22
838,59,0.2168,3.4219,0.5957,0,15
838,59,0.10352,3.1758,-0.85938,0.33461,12
838,59,0.10352,3.248,-0.72852,0.33461,19
838,59,0.10547,3.2988,-0.66406,0.33461,17
838,59,0.10547,3.4023,0.042969,0.33461,12
838,59,0.10352,3.248,-0.52148,0.66921,11
838,59,0.10352,3.293,-0.47461,0.66921,16
838,59,0,3.3086,-0.63086,0.66921,12
838,59,0.32227,3.3555,-0.70313,-2.3422,16
838,59,0.32617,3.3359,-0.93555,-2.3422,33
838,59,0.33008,3.3418,-1.0527,-2.3422,37
838,59,0.44531,3.3203,-1.1934,-2.3422,27
838,59,0.44922,3.375,-1.1484,-2.3422,13
838,59,0.32227,3.4063,-0.37891,-2.0076,24
838,59,0.32617,3.3887,-0.72266,-2.0076,59
838,59,0.43945,3.418,-0.70703,-2.0076,93
838,59,0.44531,3.4277,-0.83984,-2.0076,98
838,59,0.44922,3.4375,-0.95117,-2.0076,59
838,59,0.45313,3.4746,-0.95703,-2.0076,24
838,59,0.42188,3.3359,-0.18555,-1.673,16
838,59,0.42578,3.377,-0.11133,-1.673,37
838,59,0.32227,3.4219,-0.18945,-1.673,56
838,59,0.43555,3.4531,0.0078125,-1.673,44
838,59,0.43945,3.4648,-0.43359,-1.673,80
838,59,0.44531,3.4805,-0.57813,-1.673,114
838,59,0.44922,3.5156,-0.5957,-1.673,73
838,59,0.45313,3.5527,-0.59961,-1.673,34
838,59,0.31641,3.3516,-0.023438,-1.3384,49
838,59,0.42578,3.3789,-0.017578,-1.3384,123
838,59,0.32227,3.4258,-0.11523,-1.3384,186
838,59,0.32617,3.4551,-0.26172,-1.3384,138
838,59,0.10938,3.1934,-1.4746,-1.3384,39
838,59,0.33398,3.5273,-0.30469,-1.3384,71
838,59,0.33789,3.5703,-0.22852,-1.3384,49
838,59,-5.8965,2.3398,-1.4453,-1.3384,23
838,59,-5.9316,2.3809,-1.4082,-1.3384,23
838,59,0.21094,3.3555,0.17773,-1.0038,39
838,59,0.21289,3.3965,0.11133,-1.0038,115
838,59,0.21484,3.4355,-0.029297,-1.0038,205
838,59,0.2168,3.4668,-0.23047,-1.0038,198
838,59,0.2207,3.4551,-0.63086,-1.0038,104
838,59,0.22266,3.4746,-0.72852,-1.0038,52
838,59,-5.8965,2.5215,-1.0977,-1.0038,37
838,59,-5.9316,2.5,-1.1855,-1.0038,35
838,59,0,3.4043,0.10742,-0.66921,28
838,59,0.10742,3.4414,-0.046875,-0.66921,84
838,59,0.10938,3.4727,-0.20703,-0.66921,110
838,59,0.2207,3.4902,-0.39453,-0.66921,74
838,59,0.11133,3.5215,-0.48438,-0.66921,27
838,59,-5.8965,2.6602,-0.70117,-0.66921,25
838,59,-5.9316,2.7305,-0.44336,-0.66921,22
838,59,0,3.4434,0.023438,-0.33461,17
838,59,0.10938,3.4766,-0.10156,-0.33461,23
838,59,0,3.4941,-0.41602,-0.33461,12
838,59,-1.209,1.7207,2.8203,-1.3384,21
839,60,0.20898,3.1289,-1.1172,0,11
839,60,0.10547,3.1992,-1.043,0,22
839,60,0.10547,3.291,-0.86719,0,22
839,60,0,3.416,-0.42773,0,11
839,60,0,3.168,-1.0234,0.33461,11
839,60,0,3.2461,-0.89453,0.33461,32
839,60,0,3.3184,-0.76367,0.33461,38
839,60,0.10742,3.3867,-0.60742,0.33461,20
839,60,0,3.3184,-0.56836,0.66921,19
839,60,0,3.3574,-0.56836,0.66921,22
839,60,0,3.4102,-0.47266,0.66921,11
839,60,0.41211,3.1738,-0.77344,-2.6769,13
839,60,0.51953,3.1348,-0.99609,-2.6769,20
839,60,0.42188,3.1816,-1.0195,-2.6769,15
839,60,0.30859,3.1895,-0.75391,-2.3422,28
839,60,0.41602,3.207,-0.79102,-2.3422,35
839,60,0.52539,3.2031,-0.89258,-2.3422,24
839,60,0.20313,3.1582,-0.75781,-2.0076,15
839,60,0.30859,3.2188,-0.61719,-2.0076,24
839,60,0.41602,3.2637,-0.50391,-2.0076,26
839,60,0.52539,3.2754,-0.57617,-2.0076,22
839,60,0.31836,3.3203,-0.67969,-2.0076,12
839,60,0.30469,3.2109,-0.43359,-1.673,10
839,60,0.61719,3.1738,-0.61914,-1.673,18
839,60,0.625,3.1934,-0.70508,-1.673,37
839,60,0.52539,3.2363,-0.76953,-1.673,52
839,60,0.42578,3.2871,-0.7832,-1.673,42
839,60,0.32227,3.3477,-0.73633,-1.673,26
839,60,0.50781,3.1992,-0.30859,-1.3384,14
839,60,0.7207,3.1621,-0.55859,-1.3384,27
839,60,0.72852,3.1855,-0.63672,-1.3384,46
839,60,0.52539,3.2871,-0.50781,-1.3384,66
839,60,0.53125,3.3594,-0.16406,-1.3384,40
839,60,0.32227,3.3652,-0.64844,-1.3384,38
839,60,0.32617,3.373,-0.79492,-1.3384,33
839,60,-0.30859,1.9688,2.6211,-1.0038,15
839,60,0,2.8105,-1.7832,-1.0038,34
839,60,0.10547,3.3203,-0.54883,-1.0038,66
839,60,0.21289,3.3438,-0.60938,-1.0038,61
839,60,0.10742,3.3125,-0.93164,-1.0038,51
839,60,0.2168,3.3926,-0.74414,-1.0038,44
839,60,0.36914,3.8789,0.54492,-1.0038,53
839,60,0.24805,3.8887,0.77734,-1.0038,63
839,60,0.20898,3.2813,-0.51953,-0.66921,32
839,60,0.21094,3.3301,-0.45703,-0.66921,69
839,60,0.21289,3.3594,-0.51172,-0.66921,94
839,60,0.21484,3.3887,-0.57031,-0.66921,83
839,60,0.2168,3.4199,-0.60547,-0.66921,46
839,60,0.20898,3.2305,-0.7793,-0.33461,16
839,60,0.21094,3.3066,-0.60156,-0.33461,36
839,60,0.10547,3.3691,-0.48438,-0.33461,52
839,60,0.10742,3.4141,-0.42969,-0.33461,47
839,60,0.10938,3.4395,-0.52539,-0.33461,20
839,60,0.42969,4.4824,0.82422,-0.33461,14
839,60,-0.8418,2.2813,2.3301,-2.6769,8
839,60,-0.51367,2.4199,2.1699,-1.673,10
839,60,-0.41211,2.0313,2.5566,-1.3384,20
839,60,-0.41602,0.91992,3.1719,-1.3384,30
839,60,0.82227,3.1641,-0.38477,-1.0038,14
839,60,-1.0645,1.4063,2.9121,-1.0038,31
840,47,0.19922,3.1543,0.32813,0,13
840,47,0.20117,3.1836,0.40234,0,18
840,47,0.30469,3.1934,0.54883,0,11
840,47,0.38867,2.9785,-0.77539,-2.3422,14
840,47,0.39258,2.9766,-0.92188,-2.3422,11
840,47,0.29102,3.0215,-0.63867,-2.0076,13
840,47,0.39258,3.0488,-0.64258,-2.0076,11
840,47,0.29102,3.0859,-0.13477,-1.673,19
840,47,0.29492,3.123,-0.15039,-1.673,67
840,47,0.39648,3.1387,-0.29688,-1.673,131
840,47,0.40234,3.1543,-0.47656,-1.673,161
840,47,0.50781,3.1621,-0.57031,-1.673,130
840,47,0.41211,3.1934,-0.68555,-1.673,65
840,47,0.29102,3.0859,0.11328,-1.3384,35
840,47,0.29492,3.127,0.0058594,-1.3384,138
840,47,0.39648,3.1523,-0.095703,-1.3384,280
840,47,0.40234,3.1816,-0.24414,-1.3384,355
840,47,0.40625,3.209,-0.34375,-1.3384,285
840,47,0.41211,3.2344,-0.45508,-1.3384,146
840,47,0.3125,3.2617,-0.59375,-1.3384,56
840,47,0.24023,3.8477,0.17188,-1.3384,36
840,47,0.36523,3.8633,-0.35742,-1.3384,37
840,47,0.29102,3.0781,0.26172,-1.0038,22
840,47,0.29492,3.1211,0.17578,-1.0038,87
840,47,0.29883,3.1641,0.068359,-1.0038,178
840,47,0.40234,3.1914,-0.03125,-1.0038,225
840,47,0.40625,3.2266,-0.095703,-1.0038,187
840,47,0.41211,3.2578,-0.24023,-1.0038,106
840,47,0.3125,3.2793,-0.48438,-1.0038,48
840,47,0.24023,3.8496,0.087891,-1.0038,63
840,47,0.24414,3.8672,-0.4082,-1.0038,64
840,47,-5.9238,2.0117,-0.88672,-1.0038,35
840,47,-5.959,2.043,-0.8457,-1.0038,56
840,47,-5.7949,2.6113,-0.69727,-1.0038,47
840,47,-5.8281,2.6895,-0.40234,-1.0038,18
840,47,0.20117,3.209,0.037109,-0.66921,20
840,47,0.40625,3.2246,0.14648,-0.66921,22
840,47,0.30859,3.2715,-0.17969,-0.66921,23
840,47,0.20898,3.3008,-0.38281,-0.66921,18
840,47,-5.9238,2.1211,-0.58008,-0.66921,39
840,47,-5.959,2.1367,-0.57031,-0.66921,61
840,47,-5.9941,2.166,-0.50977,-0.66921,48
840,47,-5.959,2.1133,-0.6543,-0.33461,19
840,47,-0.82227,1.873,2.5781,-1.673,34
840,47,-0.93555,1.7539,2.6699,-1.3384,29
840,47,0.78906,6.2559,-0.39648,-1.0038,20
840,47,0.99219,6.2676,-0.34961,-1.0038,29
841,25,0.095703,3.0566,0.19141,0,12
841,25,0.097656,3.0781,0.36914,0,13
841,25,0.28711,2.9297,-0.84961,-2.0076,15
841,25,0.29102,2.9824,-0.80273,-2.0076,23
841,25,0.19531,3.041,-0.76172,-2.0076,15
841,25,0.27344,2.7969,-0.76758,-1.673,14
841,25,0.2793,2.9766,-0.0078125,-1.673,26
841,25,0.2832,3.0098,-0.1582,-1.673,56
841,25,0.38281,2.9805,-0.60352,-1.673,89
841,25,0.38867,3.0215,-0.58984,-1.673,145
841,25,0.29492,3.0879,-0.48633,-1.673,98
841,25,0.2793,2.9746,0.058594,-1.3384,56
841,25,0.2832,3.0137,0.0039063,-1.3384,115
841,25,0.28711,3.0371,-0.28516,-1.3384,116
841,25,0.38867,3.0547,-0.38477,-1.3384,188
841,25,0.39258,3.0996,-0.31836,-1.3384,135
841,25,0.65234,6.8398,1.1211,-1.3384,21
841,25,0.45703,7.2871,-0.0019531,-1.3384,24
841,25,0.1875,2.9805,0.11328,-1.0038,34
841,25,0.18945,3.0195,0.082031,-1.0038,72
841,25,0.095703,3.0547,0.2207,-1.0038,55
841,25,0.48438,3.0566,-0.2207,-1.0038,66
841,25,0.49023,3.0957,-0.17578,-1.0038,57
841,25,-6.0469,1.4004,-0.66211,-1.0038,28
841,25,-5.8887,2.0938,-0.625,-1.0038,26
842,37,0.17969,2.7832,0.69727,0,10
842,37,0.091797,2.8887,0.36523,0,20
842,37,0.18359,2.9277,0.31836,0,22
842,37,0.2793,2.9766,0.013672,0,14
842,37,0.18359,2.9121,0.44727,0.33461,12
842,37,0.35938,2.7852,-0.61719,-2.0076,22
842,37,0.27344,2.8086,-0.72266,-2.0076,48
842,37,0.27734,2.8145,-0.8418,-2.0076,55
842,37,0.37305,2.8359,-0.86523,-2.0076,33
842,37,0.26563,2.8066,-0.32813,-1.673,29
842,37,0.26953,2.8418,-0.34375,-1.673,126
842,37,0.27344,2.8691,-0.41797,-1.673,261
842,37,0.27734,2.8945,-0.50781,-1.673,281
842,37,0.37305,2.916,-0.54297,-1.673,162
842,37,0.47266,2.9863,-0.12695,-1.673,54
842,37,0.42578,6.7852,0.38086,-1.673,20
842,37,0.42773,6.8203,0.43164,-1.673,19
842,37,0.17773,2.832,-0.064453,-1.3384,36
842,37,0.26953,2.8613,-0.10156,-1.3384,161
842,37,0.27344,2.8945,-0.17578,-1.3384,328
842,37,0.27734,2.9297,-0.23242,-1.3384,356
842,37,0.37305,2.9609,-0.17188,-1.3384,213
842,37,0.37891,2.9941,0.22266,-1.3384,85
842,37,0.17773,2.8125,0.32617,-1.0038,12
842,37,0.17969,2.8652,0.15039,-1.0038,60
842,37,0.27344,2.8984,0.076172,-1.0038,124
842,37,0.27734,2.9375,0.041016,-1.0038,142
842,37,0.2793,2.9746,0.083984,-1.0038,97
842,37,0.37891,2.9922,0.26563,-1.0038,46
842,37,0.2207,3.4258,0.77539,-1.0038,37
842,37,0.22266,3.4863,0.66602,-1.0038,28
842,37,-4.7324,2.1465,-0.51367,-1.0038,17
842,37,-4.9297,1.6816,-0.7207,-1.0038,20
842,37,-0.83984,1.8203,2.2168,-2.0076,17
842,37,-0.66211,1.8496,-2.3027,-1.673,28
842,37,3.5898,0,4.8965,-1.0038,15
842,37,3.7793,0,4.4707,-1.0038,19
843,50,0.25586,2.6855,-0.37891,0,12
843,50,0.3457,2.6777,-0.58203,0,13
843,50,0.17773,2.7871,0.49805,0,16
843,50,0.26953,2.8516,0.26172,0,19
843,50,0,2.9707,-0.58398,-2.6769,13
843,50,0.26563,2.6973,-0.83984,-2.0076,14
843,50,0.26953,2.7832,-0.67188,-2.0076,18
843,50,0,2.8477,-0.77148,-2.0076,13
843,50,0.09375,2.8809,-0.79297,-2.0076,17
843,50,0.16992,2.6992,0.32813,-1.673,14
843,50,-0.17188,2.7441,0.25586,-1.673,7
843,50,0.26172,2.6191,-0.95117,-1.673,74
843,50,0.26563,2.6914,-0.85938,-1.673,105
843,50,0.35938,2.8379,-0.28125,-1.673,73
843,50,0.36328,2.8906,-0.03125,-1.673,43
843,50,0.25586,2.6816,0.4082,-1.3384,42
843,50,0.51758,0.90625,-2.5566,-1.3384,29
843,50,0.34961,2.6484,-0.83594,-1.3384,167
843,50,0.26563,2.7617,-0.59375,-1.3384,293
843,50,0.35938,2.8359,-0.3125,-1.3384,226
843,50,0.36328,2.8848,-0.16406,-1.3384,117
843,50,0.4375,6.9805,0.25977,-1.3384,22
843,50,0.43945,7.0195,0.23047,-1.3384,31
843,50,0.25586,2.7051,-0.18164,-1.0038,42
843,50,0.25977,1.8965,-1.9902,-1.0038,56
843,50,0.26172,2.6895,-0.73047,-1.0038,123
843,50,0.26563,2.8008,-0.36523,-1.0038,223
843,50,0.35938,2.8457,-0.1875,-1.0038,200
843,50,0.36328,2.8848,-0.19336,-1.0038,116
843,50,0.36914,2.9121,-0.30273,-1.0038,35
843,50,-5.6758,2.0664,-0.41211,-1.0038,32
843,50,-5.7109,2.0039,-0.69141,-1.0038,39
843,50,0.43945,6.998,0.59766,-1.0038,26
843,50,0.25586,2.6563,-0.54297,-0.66921,20
843,50,0.25977,2.6777,-0.62891,-0.66921,36
843,50,0.17578,2.7363,-0.57031,-0.66921,43
843,50,0.26563,2.8105,-0.28906,-0.66921,54
843,50,0.35938,2.8477,-0.18359,-0.66921,56
843,50,0.36328,2.8848,-0.19141,-0.66921,40
843,50,-5.8633,1.4844,0.2207,-0.66921,26
843,50,-5.7109,2.1016,-0.27148,-0.66921,37
843,50,-5.7461,1.9629,-0.83398,-0.66921,25
843,50,0.25586,2.6074,-0.74414,-0.33461,22
843,50,0.3457,2.6387,-0.74219,-0.33461,27
843,50,0.34961,2.6855,-0.71094,-0.33461,17
843,50,0.69141,1.5254,-2.1953,-1.673,5
843,50,-0.43164,2.6738,0.53906,-1.3384,17
843,50,0.75586,6.0059,-0.042969,-1.0038,18
843,50,0.94531,5.9746,0.24023,-0.66921,15
843,50,-0.78711,1.7637,2.0273,-0.33461,9
844,64,0,2.4023,1.0195,0,9
844,64,0,2.3945,1.1289,0,14
844,64,0.41992,2.6504,-0.10742,0,7
844,64,0.25586,2.668,-0.48438,0,18
844,64,0.25977,2.4902,-1.1641,0,15
844,64,-5.791,1.4824,-0.021484,0,11
844,64,-5.8281,1.4902,0.070313,0,12
844,64,-0.50391,1.793,1.9355,2.0076,13
844,64,-0.42578,1.834,1.9688,2.0076,25
844,64,-0.43164,1.8359,2.0176,2.0076,22
844,64,-0.50391,1.6289,2.0762,2.3422,18
844,64,-0.42578,1.6797,2.1016,2.3422,40
844,64,-0.43164,1.6934,2.1387,2.3422,40
844,64,-0.34961,1.8184,2.0996,2.3422,19
844,64,0,2.627,-0.56445,-2.6769,11
844,64,0,2.6836,-0.47266,-2.6769,24
844,64,0,2.7207,-0.47852,-2.6769,26
844,64,0,2.7305,-0.62109,-2.6769,15
844,64,0.24805,2.2559,-1.3633,-2.0076,13
844,64,0.25195,2.4355,-1.1055,-2.0076,15
844,64,0.085938,2.5488,-0.95703,-2.0076,23
844,64,0.085938,2.6621,-0.73047,-2.0076,38
844,64,0,2.7227,-0.65234,-2.0076,33
844,64,0,2.7734,-0.60156,-2.0076,18
844,64,0.16406,2.6035,0.11133,-1.673,38
844,64,0.16602,2.6152,0.37695,-1.673,57
844,64,0.16797,2.2656,-1.4316,-1.673,40
844,64,0.16992,2.6875,-0.41211,-1.673,97
844,64,0.17188,2.7383,-0.32031,-1.673,106
844,64,0.087891,2.7754,-0.36328,-1.673,65
844,64,0.16016,2.5371,0.39063,-1.3384,20
844,64,0.082031,2.5723,0.4375,-1.3384,98
844,64,0.082031,2.5684,0.64063,-1.3384,147
844,64,0.16797,0,2.6836,-1.3384,79
844,64,0.25586,2.707,-0.16992,-1.3384,186
844,64,0.17188,2.7559,-0.017578,-1.3384,163
844,64,0.34961,2.7676,-0.24023,-1.3384,64
844,64,-5.6035,1.5566,-1.3809,-1.3384,16
844,64,-5.8281,0.77539,-1.2754,-1.3384,17
844,64,0.42969,6.8711,0.11914,-1.3384,31
844,64,0.64844,6.8906,-0.20508,-1.3384,29
844,64,0.080078,2.5273,0.46875,-1.0038,16
844,64,0.16406,2.5391,0.58789,-1.0038,82
844,64,0.082031,2.5566,0.68945,-1.0038,130
844,64,0.083984,2.5664,0.79102,-1.0038,70
844,64,0.25586,2.707,0.15625,-1.0038,101
844,64,0.3457,2.7402,-0.048828,-1.0038,96
844,64,0.4375,2.7422,-0.35742,-1.0038,98
844,64,0.44336,2.7813,-0.34766,-1.0038,63
844,64,-5.5684,1.9629,-0.65039,-1.0038,25
844,64,-5.6035,1.957,-0.70313,-1.0038,47
844,64,-5.6387,2.0059,-0.59961,-1.0038,52
844,64,-5.6758,2.0566,-0.45898,-1.0038,36
844,64,0,2.5234,0.66992,-0.66921,15
844,64,0.082031,2.5938,0.5293,-0.66921,31
844,64,0.16797,2.6777,-0.13672,-0.66921,38
844,64,0.25586,2.6504,-0.57227,-0.66921,54
844,64,0.3457,2.6992,-0.47656,-0.66921,97
844,64,0.4375,2.7383,-0.38672,-0.66921,109
844,64,0.35547,2.7891,-0.38672,-0.66921,63
844,64,-5.7539,1.4629,-0.16797,-0.66921,19
844,64,-5.6035,2.0801,-0.056641,-0.66921,37
844,64,-5.6387,2.0918,0.052734,-0.66921,42
844,64,-5.6758,2.0918,0.25586,-0.66921,30
845,64,0.1582,2.5293,-0.044922,0,11
845,64,0,2.541,0.39844,0,20
845,64,0,2.5703,0.46094,0,17
845,64,0,2.6465,-0.11328,0,11
845,64,0.083984,2.6738,-0.24414,0,11
845,64,-0.44727,1.6855,1.625,2.0076,9
845,64,-0.45313,1.5684,1.7871,2.0076,11
845,64,-0.37305,1.3633,1.918,2.3422,13
845,64,-0.37891,1.4785,1.8809,2.3422,17
845,64,-0.38477,1.4922,1.916,2.3422,15
845,64,0,2.4902,-0.47461,-2.0076,18
845,64,0.080078,2.5488,-0.34766,-2.0076,35
845,64,0.082031,2.5879,-0.32813,-2.0076,27
845,64,0.30664,2.4336,-0.16602,-1.673,15
845,64,0.3125,2.4766,0.037109,-1.673,35
845,64,0.23828,2.4961,-0.36914,-1.673,125
845,64,0.080078,2.5293,-0.4668,-1.673,225
845,64,0.082031,2.5781,-0.39648,-1.673,152
845,64,0,2.627,0.33594,-1.673,29
845,64,0.23047,2.4375,-0.22656,-1.3384,28
845,64,0.3125,2.4707,0.18555,-1.3384,56
845,64,0.23828,2.5078,-0.28516,-1.3384,224
845,64,0.16016,2.541,-0.37305,-1.3384,353
845,64,0.082031,2.5801,-0.38867,-1.3384,165
845,64,0.41406,2.6016,-0.26953,-1.3384,61
845,64,0.33594,2.6426,-0.3457,-1.3384,74
845,64,0.60352,6.3477,0.84766,-1.3384,47
845,64,0.60742,6.416,0.57227,-1.3384,39
845,64,0.42383,6.752,0.31641,-1.3384,34
845,64,0.42578,6.7949,0.14063,-1.3384,33
845,64,0.23047,2.4375,-0.23242,-1.0038,17
845,64,0.3125,2.4668,0.23242,-1.0038,28
845,64,0.23828,2.5137,-0.21484,-1.0038,151
845,64,0.24023,2.5488,-0.26172,-1.0038,217
845,64,0.24414,2.5488,-0.51367,-1.0038,50
845,64,0.24805,2.6211,-0.28516,-1.0038,134
845,64,0.33594,2.6426,-0.3418,-1.0038,137
845,64,0.42578,2.6621,-0.38867,-1.0038,68
845,64,-4.5254,1.832,-1.0488,-1.0038,27
845,64,-4.5605,1.8477,-1.0547,-1.0038,28
845,64,0.42383,6.7031,0.87109,-1.0038,30
845,64,0.42578,6.7656,0.65625,-1.0038,30
845,64,0.23828,2.5137,-0.21875,-0.66921,27
845,64,0.16016,2.5625,-0.16797,-0.66921,34
845,64,0.16406,2.6035,-0.085938,-0.66921,29
845,64,0.24805,2.6289,-0.21289,-0.66921,84
845,64,0.41992,2.625,-0.39063,-0.66921,105
845,64,0.42578,2.6504,-0.45703,-0.66921,74
845,64,-4.5254,1.9785,-0.73828,-0.66921,32
845,64,-4.5605,1.9492,-0.85352,-0.66921,34
845,64,-5.6035,1.8281,-0.99023,-0.66921,27
845,64,0.24805,2.6133,-0.35156,-0.33461,18
845,64,0.41992,2.6035,-0.51367,-0.33461,39
845,64,0.42578,2.6289,-0.57617,-0.33461,43
845,64,0.43164,2.6465,-0.66211,-0.33461,25
845,64,0.44727,2.1641,-0.89453,2.0076,6
845,64,0.45313,2.1797,-0.95313,2.0076,7
845,64,0.52148,2.168,-0.8418,2.3422,8
845,64,0.45313,2.2617,-0.73242,2.3422,10
845,64,0.46094,2.3203,-0.66992,2.3422,8
845,64,-0.54688,0.85938,-2.2793,-1.673,18
845,64,-0.99219,1.0781,2.2051,-1.673,16
845,64,-0.54688,1.0273,-2.209,-1.3384,29
845,64,-0.89648,0.22266,2.4414,-1.3384,87
846,51,0.074219,2.2461,0.67383,0,9
846,51,0.14844,2.3125,0.56055,0,28
846,51,0.15039,2.3613,0.51367,0,34
846,51,0.1543,2.4199,0.4043,0,21
846,51,0,2.4785,0.30273,0,9
846,51,0.074219,2.2871,0.66797,0.33461,15
846,51,0.076172,2.3359,0.63281,0.33461,19
846,51,0.076172,2.4023,0.51758,0.33461,11
846,51,0,2.0645,-0.625,-2.3422,11
846,51,0.22656,2.3945,-0.27148,-2.3422,12
846,51,0,2.0391,-0.57422,-2.0076,18
846,51,0,2.0918,-0.52539,-2.0076,29
846,51,0,2.1152,-0.58398,-2.0076,25
846,51,0,2.1406,-0.63281,-2.0076,14
846,51,0.22266,2.3379,-0.40625,-2.0076,52
846,51,0.22656,2.3691,-0.44531,-2.0076,67
846,51,0.23047,2.373,-0.60352,-2.0076,40
846,51,0.23438,2.4023,-0.63867,-2.0076,15
846,51,0.23828,2.4121,-0.74414,-2.0076,12
846,51,0,2.082,-0.39648,-1.673,13
846,51,-0.068359,2.1133,-0.42578,-1.673,22
846,51,0,2.1504,-0.43945,-1.673,20
846,51,0,2.166,-0.54297,-1.673,12
846,51,0.2207,2.3301,-0.14258,-1.673,107
846,51,0.22266,2.3613,-0.22852,-1.673,355
846,51,0.22656,2.3867,-0.3457,-1.673,518
846,51,0.23047,2.3984,-0.49414,-1.673,373
846,51,0.23438,2.4258,-0.54688,-1.673,160
846,51,0.23828,2.4414,-0.63672,-1.673,80
846,51,0,2.4648,-0.73438,-1.673,26
846,51,0.2168,2.2969,-0.039063,-1.3384,14
846,51,0.2207,2.3359,0,-1.3384,141
846,51,0.22266,2.3711,-0.10547,-1.3384,487
846,51,0.22656,2.4004,-0.23242,-1.3384,769
846,51,0.23047,2.4199,-0.36719,-1.3384,585
846,51,0.15625,2.459,-0.4082,-1.3384,249
846,51,0.080078,2.4902,-0.46875,-1.3384,120
846,51,0.2207,2.3301,0.14258,-1.0038,57
846,51,0.22266,2.373,0.011719,-1.0038,206
846,51,0.15039,2.4141,-0.12109,-1.0038,345
846,51,0.1543,2.4414,-0.24219,-1.0038,283
846,51,0.15625,2.4727,-0.31055,-1.0038,115
846,51,0.080078,2.5117,-0.32617,-1.0038,65
846,51,0.080078,2.5586,-0.25195,-1.0038,37
846,51,0.22656,2.2988,-0.72461,-0.66921,12
846,51,0.1543,2.375,-0.61719,-0.66921,12
846,51,0.074219,2.3633,0.29883,-0.33461,11
846,51,0.15039,2.4082,0.20508,-0.33461,18
846,51,0.076172,2.457,0.082031,-0.33461,14
846,51,-0.71289,2.1016,1.2227,-2.0076,7
846,51,-0.96484,1.584,1.7832,-1.673,17
