Frame #,# Obj,X,Y,Z,Doppler,Intensity
107,6,0,2.7246,-0.041016,0.33461,19
107,6,0.085938,2.7598,-0.056641,0.33461,28
107,6,0.087891,2.7969,-0.10742,0.33461,19
107,6,0.16992,2.6797,-0.45898,-0.33461,19
107,6,0.17188,2.7285,-0.39258,-0.33461,28
107,6,0.17578,2.7422,-0.53711,-0.33461,18
108,5,0.18359,2.9121,-0.44727,0,8
108,5,0.087891,2.7988,-0.042969,0.33461,21
108,5,0.087891,2.834,-0.12891,0.33461,20
108,5,0.17578,2.7578,-0.44531,-0.33461,17
108,5,0.17773,2.7637,-0.62109,-0.33461,14
109,15,0.35547,2.7734,-0.48828,0,9
109,15,0.35938,2.832,-0.3418,0,22
109,15,0.36328,2.8691,-0.35352,0,24
109,15,0.27734,2.918,-0.3418,0,13
109,15,0,2.7969,0.14258,0.33461,19
109,15,0,2.8379,-0.033203,0.33461,30
109,15,0.089844,2.873,-0.050781,0.33461,26
109,15,0,2.834,0.15625,0.66921,10
109,15,0.35938,2.791,-0.58984,-0.66921,16
109,15,0.36328,2.8027,-0.70508,-0.66921,19
109,15,0,2.7793,-0.3418,-0.33461,16
109,15,0.087891,2.7969,-0.46875,-0.33461,25
109,15,0.35938,2.8262,-0.38477,-0.33461,38
109,15,0.45508,2.834,-0.50391,-0.33461,43
109,15,0.36914,2.8574,-0.63672,-0.33461,25
110,15,0.087891,2.8223,-0.28125,0,8
110,15,0.17969,2.8535,-0.29883,0,15
110,15,0.27344,2.8906,-0.23047,0,19
110,15,0.27734,2.9238,-0.28125,0,11
110,15,-0.26563,2.8105,-0.28906,0.33461,20
110,15,-0.26953,2.8418,-0.3457,0.33461,18
110,15,0.27344,2.8457,-0.56445,-0.66921,22
110,15,0.27734,2.8184,-0.82813,-0.66921,18
110,15,0.17188,2.6602,-0.7207,-0.33461,9
110,15,0.53906,2.7715,-0.54297,-0.33461,21
110,15,0.36328,2.8477,-0.49609,-0.33461,31
110,15,0.27734,2.8965,-0.49609,-0.33461,19
110,15,0.62891,2.5078,1.2578,0.33461,11
110,15,-0.94922,1.6152,2.0293,-0.33461,5
110,15,-0.44922,1.8086,2.1895,-0.33461,16
111,7,0,2.7246,-0.029297,0,8
111,7,0,2.6855,0.45508,0.33461,19
111,7,0.085938,2.748,0.26563,0.33461,23
111,7,0.26172,2.7871,-0.072266,0.33461,17
111,7,0.085938,2.7539,-0.17773,-0.33461,13
111,7,0.17578,2.7168,-0.65234,-0.33461,15
111,7,-0.94922,0,-2.75,-0.33461,7
112,21,0,2.7129,0.24609,0,10
112,21,0,2.7559,0.18555,0,13
112,21,0,2.7988,0.0039063,0,18
112,21,0,2.8359,-0.10547,0,27
112,21,0,2.8613,-0.29102,0,28
112,21,0,2.8711,-0.49805,0,22
112,21,0.085938,2.6699,0.53516,0.33461,27
112,21,0.085938,2.7207,0.46484,0.33461,31
112,21,0.087891,2.7793,0.32031,0.33461,26
112,21,0.17773,2.8301,0.089844,0.33461,33
112,21,0.26953,2.8633,0.0097656,0.33461,37
112,21,0.27344,2.8984,-0.11914,0.33461,22
112,21,0.087891,2.8242,0.26758,0.66921,11
112,21,0.17969,2.8672,0.13477,0.66921,12
112,21,-0.17773,2.791,-0.47461,-0.66921,20
112,21,-0.089844,2.7988,-0.65039,-0.66921,28
112,21,-0.091797,2.7949,-0.81445,-0.66921,23
112,21,-0.26172,2.7813,-0.18555,-0.33461,17
112,21,-0.17773,2.8145,-0.30664,-0.33461,36
112,21,-0.17969,2.834,-0.44727,-0.33461,43
112,21,-0.18164,2.8555,-0.54688,-0.33461,36
113,40,0,2.7188,0.1582,0,16
113,40,0,2.7598,-0.10938,0,28
113,40,-0.087891,2.7871,-0.24805,0,51
113,40,0,2.832,-0.17969,0,84
113,40,0,2.8691,-0.17969,0,76
113,40,0,2.9082,-0.17969,0,36
113,40,0,2.6777,0.5,0.33461,37
113,40,0,2.7305,0.41602,0.33461,59
113,40,0,2.7871,0.26367,0.33461,61
113,40,-0.087891,2.8184,0.3125,0.33461,45
113,40,-0.17969,2.7598,0.7832,0.33461,29
113,40,0.091797,2.9063,0.16211,0.33461,32
113,40,0,2.6484,0.63477,0.66921,14
113,40,0,2.7051,0.55273,0.66921,22
113,40,0,2.7676,0.42578,0.66921,22
113,40,-0.17773,2.8027,0.4043,0.66921,15
113,40,-0.17188,2.6523,-0.75,-2.0076,19
113,40,-0.17578,2.6855,-0.77148,-2.0076,23
113,40,-0.3457,2.6855,-0.54297,-1.673,16
113,40,-0.34961,2.7461,-0.41406,-1.673,15
113,40,0,2.6152,-0.75977,-1.3384,16
113,40,0,2.6641,-0.72461,-1.3384,51
113,40,0,2.7129,-0.69336,-1.3384,65
113,40,0,2.7598,-0.66406,-1.3384,38
113,40,-0.085938,2.6738,-0.51367,-1.0038,33
113,40,-0.17188,2.707,-0.51758,-1.0038,91
113,40,-0.087891,2.7559,-0.48633,-1.0038,103
113,40,-0.087891,2.7969,-0.47656,-1.0038,43
113,40,-0.085938,2.6992,-0.36133,-0.66921,30
113,40,-0.085938,2.7441,-0.30664,-0.66921,73
113,40,-0.087891,2.7832,-0.28906,-0.66921,93
113,40,-0.087891,2.8086,-0.39063,-0.66921,74
113,40,0,2.7969,-0.66992,-0.66921,43
113,40,-0.091797,2.7891,-0.83594,-0.66921,20
113,40,0,2.7207,-0.13281,-0.33461,27
113,40,0,2.7559,-0.19336,-0.33461,56
113,40,0,2.7891,-0.25391,-0.33461,110
113,40,0,2.8125,-0.37891,-0.33461,149
113,40,-0.089844,2.8281,-0.51563,-0.33461,114
113,40,-0.091797,2.8301,-0.68164,-0.33461,39
114,19,-0.087891,2.7949,-0.14258,0,13
114,19,-0.26563,2.8242,0,0,9
114,19,0.44336,2.7578,-0.49609,0.33461,18
114,19,0.26953,2.7734,-0.70898,0.33461,25
114,19,0.18164,2.8574,-0.53906,0.33461,21
114,19,-0.082031,2.6152,-0.41016,-1.3384,12
114,19,-0.083984,2.6563,-0.39648,-1.3384,16
114,19,0,2.6777,-0.21875,-1.0038,12
114,19,0,2.7402,-0.34961,-1.0038,14
114,19,-0.085938,2.7148,-0.19727,-0.66921,21
114,19,0,2.7578,-0.16406,-0.66921,25
114,19,0,2.7891,-0.24414,-0.66921,22
114,19,0,2.7871,-0.53125,-0.66921,15
114,19,0,2.7578,0.14453,-0.33461,15
114,19,0,2.7969,-0.10938,-0.33461,24
114,19,0.17773,2.8301,-0.10742,-0.33461,25
114,19,0.17969,2.8672,-0.13477,-0.33461,17
114,19,-0.53125,2.5762,-1.0645,0.33461,12
114,19,-0.80859,1.2383,-2.4668,-0.33461,9
115,30,-0.24414,2.5996,0.029297,0,9
115,30,-0.16602,2.6406,0.11133,0,16
115,30,-0.25195,2.6738,-0.060547,0,15
115,30,-0.16992,2.7129,-0.16992,0,15
115,30,0,2.6719,-0.69922,0,19
115,30,0,2.7266,-0.63477,0,23
115,30,0,2.8027,-0.44531,0,20
115,30,0,2.4766,-1.1348,0.33461,16
115,30,0,2.5449,-1.0742,0.33461,34
115,30,0,2.5625,-1.127,0.33461,28
115,30,0,2.75,-0.70117,0.33461,12
115,30,-0.1543,2.4375,-0.29102,-1.3384,15
115,30,-0.15625,2.4766,-0.28125,-1.3384,19
115,30,-0.1543,2.4512,-0.11523,-1.0038,22
115,30,-0.23438,2.4727,-0.25195,-1.0038,26
115,30,-0.23828,2.5078,-0.28516,-1.0038,14
115,30,0,4.793,0.35156,-1.0038,15
115,30,-0.16602,2.6328,-0.22656,-0.66921,18
115,30,-0.24414,2.5957,-0.13086,-0.33461,15
115,30,-0.16602,2.6406,-0.11719,-0.33461,29
115,30,-0.16797,2.6758,-0.16406,-0.33461,28
115,30,-0.33984,2.7012,-0.078125,-0.33461,15
115,30,0,2.7695,0.41016,-0.33461,26
115,30,0,2.834,0.14844,-0.33461,26
115,30,0,2.8691,-0.18945,-0.33461,16
115,30,-1.1523,0,2.7109,0,11
115,30,-1.1523,1.3027,2.2422,0.33461,9
115,30,-1.0508,0.67969,-2.5039,-0.33461,15
115,30,-1.1523,0,-2.8281,-0.33461,15
115,30,-1.0781,0,-2.832,-0.33461,11
116,29,-0.20898,2.2188,-0.13867,0,8
116,29,-0.14258,2.2637,-0.089844,0,14
116,29,-0.2168,2.2949,-0.091797,0,14
116,29,-0.14648,2.3359,-0.14258,0,11
116,29,0,2.7598,-0.10352,0,29
116,29,0,2.793,-0.18164,0,35
116,29,0,2.834,-0.12305,0,16
116,29,-0.20898,2.2227,0.037109,0.33461,22
116,29,-0.14258,2.2656,0.048828,0.33461,33
116,29,-0.14453,2.3027,0.085938,0.33461,31
116,29,-0.2207,2.334,0.078125,0.33461,19
116,29,0,2.7227,-0.060547,0.33461,30
116,29,0,2.7598,0.09375,0.33461,54
116,29,0,2.7949,0.16602,0.33461,44
116,29,-0.73438,7.7695,-0.66602,0.33461,11
116,29,-0.20898,2.2148,0.1875,0.66921,24
116,29,-0.21289,2.252,0.18359,0.66921,31
116,29,-0.2168,2.2871,0.2168,0.66921,23
116,29,-0.2207,2.3281,0.17969,0.66921,11
116,29,0,2.748,0.2793,0.66921,19
116,29,-0.21289,2.2383,0.31641,1.0038,10
116,29,0,2.7402,-0.33789,-0.66921,24
116,29,0.087891,2.7852,-0.26367,-0.66921,30
116,29,0,2.834,-0.15234,-0.66921,17
116,29,0,2.7188,-0.15625,-0.33461,20
116,29,0.085938,2.7578,-0.10938,-0.33461,57
116,29,0.087891,2.7949,-0.13477,-0.33461,71
116,29,0,2.834,-0.12695,-0.33461,36
116,29,-1.1523,0,2.7031,0,9
117,30,0,2.7129,-0.24219,0,26
117,30,0,2.75,-0.25781,0,46
117,30,0,2.7891,-0.23828,0,40
117,30,0,2.8359,-0.11328,0,16
117,30,0,2.6484,-0.025391,0.33461,15
117,30,0,2.7246,-0.033203,0.33461,20
117,30,0,2.7598,-0.11523,0.33461,55
117,30,0,2.7988,-0.095703,0.33461,76
117,30,0,2.8379,0.017578,0.33461,51
117,30,0,2.7598,0.10938,0.66921,23
117,30,0,2.7969,0.12695,0.66921,30
117,30,-0.074219,2.3574,0.3418,1.0038,32
117,30,-0.15039,2.4043,0.23438,1.0038,39
117,30,-0.1543,2.4434,0.24219,1.0038,23
117,30,-0.14648,2.2832,0.51953,1.3384,23
117,30,-0.14844,2.332,0.4668,1.3384,57
117,30,-0.15039,2.377,0.4375,1.3384,65
117,30,-0.1543,2.4238,0.38672,1.3384,35
117,30,-0.2207,2.2773,0.51758,1.673,13
117,30,-0.14844,2.3066,0.58203,1.673,31
117,30,-0.15039,2.334,0.62695,1.673,32
117,30,0,2.3809,0.61523,1.673,15
117,30,0.085938,2.6797,-0.66211,-0.66921,20
117,30,0.17578,2.6914,-0.75,-0.66921,18
117,30,0.085938,2.6836,-0.46484,-0.33461,28
117,30,0.085938,2.709,-0.52539,-0.33461,46
117,30,0.087891,2.7324,-0.60156,-0.33461,46
117,30,0,2.7578,-0.66992,-0.33461,32
117,30,0,2.873,-0.13477,-0.33461,17
117,30,-1.168,0.38086,2.5996,-0.33461,9
118,48,0,2.6465,-0.095703,0,12
118,48,0,2.6719,-0.27539,0,25
118,48,0,2.7129,-0.23828,0,44
118,48,0,2.7539,-0.2168,0,49
118,48,0,2.7949,-0.17188,0,33
118,48,0,2.8359,-0.11914,0,25
118,48,-0.089844,2.8711,-0.10352,0,17
118,48,0,2.9102,-0.14844,0,12
118,48,-0.082031,2.6035,0.16406,0.33461,13
118,48,0,2.6836,-0.13867,0.33461,17
118,48,0,2.7168,-0.19141,0.33461,19
118,48,0,2.7598,-0.085938,0.33461,28
118,48,0,2.793,0.20313,0.33461,28
118,48,0,2.8125,0.37695,0.33461,21
118,48,0,2.8613,0.27539,0.33461,17
118,48,-0.16016,2.5469,0.32227,0.66921,11
118,48,0,2.5957,0.28125,0.66921,11
118,48,0,2.6836,0.10352,0.66921,24
118,48,0,2.7207,0.11719,0.66921,19
118,48,0,2.4707,0.36328,1.0038,16
118,48,-0.080078,2.502,0.40039,1.0038,50
118,48,-0.080078,2.543,0.37891,1.0038,57
118,48,-0.16406,2.582,0.35156,1.0038,29
118,48,-0.078125,2.4219,0.60352,1.3384,30
118,48,-0.080078,2.4746,0.54492,1.3384,87
118,48,-0.16016,2.5137,0.52344,1.3384,96
118,48,-0.16406,2.5703,0.43164,1.3384,44
118,48,-0.20117,2.7539,-1.6484,1.3384,20
118,48,-0.20313,2.6445,-1.8848,1.3384,29
118,48,-0.078125,2.4238,0.59375,1.673,34
118,48,-0.080078,2.457,0.61719,1.673,75
118,48,-0.080078,2.4961,0.61719,1.673,74
118,48,-0.16406,2.5488,0.54102,1.673,31
118,48,-0.15625,2.3789,0.74219,2.0076,20
118,48,-0.1582,2.4063,0.7832,2.0076,37
118,48,-0.16016,2.4629,0.72656,2.0076,31
118,48,0,2.6133,-0.62109,-0.66921,17
118,48,0,2.6426,-0.66211,-0.66921,33
118,48,0.085938,2.6895,-0.62305,-0.66921,35
118,48,0.087891,2.7363,-0.58594,-0.66921,23
118,48,0.087891,2.7852,-0.53125,-0.66921,16
118,48,0,2.623,-0.35938,-0.33461,12
118,48,0,2.6484,-0.45313,-0.33461,44
118,48,0.085938,2.6855,-0.45313,-0.33461,85
118,48,0,2.7285,-0.43164,-0.33461,94
118,48,0,2.7754,-0.37109,-0.33461,63
118,48,0.087891,2.8105,-0.37891,-0.33461,46
118,48,0,2.8477,-0.40039,-0.33461,24
119,33,0,2.6445,0.14844,0,21
119,33,0,2.6797,0.18945,0,26
119,33,0.085938,2.5723,0.89258,0,8
119,33,0,2.7402,-0.3418,0,20
119,33,0,2.7969,-0.14453,0,22
119,33,0,2.8359,0.11328,0,13
119,33,0,2.7813,-1.8301,0,12
119,33,0,2.7031,0.33594,0.33461,14
119,33,0,2.7578,0.15039,0.33461,16
119,33,0,2.7988,0.068359,0.33461,33
119,33,-0.087891,2.834,0.097656,0.33461,26
119,33,-0.10352,2.9922,-1.457,0.33461,26
119,33,-0.10547,3.1523,-1.1777,0.33461,24
119,33,0,2.582,0.39063,0.66921,24
119,33,0,2.6191,0.38672,0.66921,78
119,33,-0.083984,2.6602,0.36133,0.66921,90
119,33,0,2.7012,0.34961,0.66921,37
119,33,-0.10352,3.0898,-1.2344,0.66921,20
119,33,0,2.5469,0.57031,1.0038,57
119,33,-0.082031,2.5859,0.56836,1.0038,174
119,33,-0.083984,2.6289,0.54297,1.0038,212
119,33,-0.085938,2.6699,0.5293,1.0038,114
119,33,0,2.7148,0.50977,1.0038,25
119,33,-0.16406,2.4902,0.76367,1.3384,45
119,33,-0.082031,2.543,0.73633,1.3384,141
119,33,-0.083984,2.584,0.72852,1.3384,176
119,33,-0.085938,2.6367,0.68164,1.3384,97
119,33,-0.085938,2.6738,0.68945,1.3384,22
119,33,-0.082031,2.4746,0.9375,1.673,31
119,33,-0.16797,2.5117,0.93555,1.673,42
119,33,-0.16992,2.5469,0.95117,1.673,25
119,33,-0.25977,2.6855,-0.58789,-0.33461,16
119,33,-1.0215,1.6953,-1.8711,0,5
120,29,0,2.7168,-0.20313,0,11
120,29,-0.085938,2.752,-0.2168,0,20
120,29,-0.087891,2.7988,-0.050781,0,33
120,29,-0.087891,2.834,-0.11719,0,34
120,29,0,2.873,-0.13672,0,21
120,29,5.498,1.3047,0.53125,0,8
120,29,5.5352,1.1074,0.88281,0,10
120,29,0,2.6777,0.21289,0.33461,28
120,29,0,2.7188,0.18359,0.33461,58
120,29,-0.085938,2.7559,0.14258,0.33461,82
120,29,-0.087891,2.793,0.16211,0.33461,88
120,29,-0.087891,2.832,0.13281,0.33461,75
120,29,0,2.875,0.060547,0.33461,44
120,29,5.498,0.83789,1.1309,0.33461,16
120,29,-5.7129,0,0.93945,0.33461,19
120,29,-0.16797,2.6113,0.60742,0.66921,30
120,29,-0.085938,2.6602,0.58203,0.66921,75
120,29,-0.17188,2.7051,0.53125,0.66921,89
120,29,-0.17578,2.7598,0.43945,0.66921,64
120,29,-0.17773,2.8125,0.33789,0.66921,32
120,29,-0.21484,2.7832,-2.0156,0.66921,23
120,29,-0.16992,2.5742,0.87305,1.0038,36
120,29,-0.17188,2.6387,0.79492,1.0038,36
120,29,-0.26172,2.7305,0.55859,1.0038,19
120,29,0,2.6543,-0.61133,-0.33461,11
120,29,0,2.7051,-0.55273,-0.33461,12
120,29,0,2.7852,-0.28711,-0.33461,14
120,29,0,2.834,-0.13867,-0.33461,19
120,29,0,2.8633,-0.26367,-0.33461,15
121,24,0,2.6563,-0.39648,0,8
121,24,-0.085938,2.707,0.29297,0,14
121,24,-0.085938,2.7051,0.55469,0,74
121,24,-0.087891,2.752,0.50586,0,143
121,24,-0.087891,2.8027,0.43945,0,124
121,24,-0.17969,2.8516,0.32227,0,41
121,24,0,2.6699,-0.29688,0.33461,17
121,24,0,2.6875,0.44727,0.33461,29
121,24,-0.17188,2.6543,0.74219,0.33461,153
121,24,-0.17578,2.709,0.68164,0.33461,297
121,24,-0.17773,2.7656,0.60938,0.33461,254
121,24,0,2.8281,0.51563,0.33461,83
121,24,0,2.6094,0.7793,0.66921,18
121,24,-0.17188,2.6074,0.89258,0.66921,108
121,24,-0.17578,2.666,0.83398,0.66921,221
121,24,-0.17773,2.7285,0.75586,0.66921,199
121,24,-0.089844,2.7969,0.66406,0.66921,73
121,24,-0.25977,2.5703,0.97852,1.0038,18
121,24,-0.17578,2.6387,0.91602,1.0038,42
121,24,-0.17773,2.6855,0.89648,1.0038,42
121,24,-0.17969,2.7383,0.85742,1.0038,19
121,24,0,2.7988,0.091797,-0.33461,30
121,24,-0.17773,2.8262,0.18359,-0.33461,34
121,24,-0.17969,2.8672,0.12891,-0.33461,18
122,13,0,2.6934,-0.40234,0,9
122,13,0,2.6934,-0.60938,0,15
122,13,-0.17773,2.6992,0.85742,0,11
122,13,0,2.709,-0.29492,0.33461,21
122,13,0,2.6875,-0.63867,0.33461,29
122,13,-0.4375,1.8086,2.0918,0.33461,14
122,13,0,2.8047,0.42578,0.33461,40
122,13,0,2.873,0.10352,0.33461,28
122,13,0,2.7559,0.67383,0.66921,14
122,13,0,2.5996,-0.93555,-0.33461,11
122,13,0.17578,2.752,-0.48242,-0.33461,15
122,13,0.087891,2.8203,-0.29102,-0.33461,26
122,13,0.17969,2.8477,-0.35938,-0.33461,20
123,4,-0.26172,2.6465,0.875,0.33461,13
123,4,-0.17773,2.7891,0.48828,0.33461,19
123,4,0,2.8613,0.28711,0.33461,15
123,4,-0.17773,2.8145,0.31641,-0.33461,14
142,4,0,2.8613,-0.28125,0.33461,14
142,4,-0.091797,2.8984,-0.27539,0.33461,11
142,4,0,2.8008,-0.65234,-0.33461,18
142,4,0,2.8438,-0.63672,-0.33461,14
145,2,0,2.7441,-0.72266,-0.33461,15
145,2,0,2.8027,-0.63867,-0.33461,16
146,27,0.085938,2.6738,-0.51172,0,13
146,27,0,2.7383,-0.36133,0,17
146,27,-0.087891,2.7852,-0.27148,0,36
146,27,-0.087891,2.8301,-0.19141,0,61
146,27,-0.089844,2.8652,-0.23633,0,51
146,27,-0.091797,2.8965,-0.29297,0,21
146,27,0.083984,2.6777,-0.20508,0.33461,12
146,27,0,2.7207,-0.12305,0.33461,20
146,27,0,2.7617,0.011719,0.33461,18
146,27,-0.17773,2.6953,-0.86719,-1.0038,12
146,27,-0.17969,2.6875,-1.0078,-1.0038,22
146,27,-0.18164,2.7617,-0.9082,-1.0038,15
146,27,0,2.6348,-0.69336,-0.66921,14
146,27,0,2.6758,-0.6875,-0.66921,20
146,27,-0.087891,2.752,-0.50391,-0.66921,36
146,27,0,2.8262,-0.25977,-0.66921,41
146,27,0,2.8672,-0.21094,-0.66921,27
146,27,-0.091797,2.8828,-0.4082,-0.66921,20
146,27,0,2.6211,-0.58398,-0.33461,23
146,27,0.085938,2.6797,-0.48828,-0.33461,37
146,27,0,2.7188,-0.48633,-0.33461,45
146,27,0,2.7793,-0.34375,-0.33461,72
146,27,-0.087891,2.8223,-0.28711,-0.33461,102
146,27,-0.089844,2.8613,-0.27148,-0.33461,75
146,27,-0.18164,2.9004,-0.20508,-0.33461,24
146,27,-1.0645,0.6582,2.5469,-0.66921,22
146,27,-1.168,0,2.7617,-0.66921,14
147,43,0,2.7207,-0.11719,0,10
147,43,-0.17188,2.7363,-0.33008,0,14
147,43,-0.087891,2.7852,0.26953,0,25
147,43,0,2.8281,0.22852,0,38
147,43,0,2.8633,-0.25781,0,31
147,43,0,2.8633,-0.53516,0,20
147,43,0,2.7227,0.085938,0.33461,18
147,43,0,2.7598,0.082031,0.33461,36
147,43,0,2.7969,0.11914,0.33461,38
147,43,0,2.8379,0.056641,0.33461,22
147,43,0,2.748,0.2832,0.66921,12
147,43,0,2.7813,0.31836,0.66921,13
147,43,-0.16992,2.5566,-0.92383,-2.3422,18
147,43,-0.085938,2.6133,-0.89258,-2.3422,18
147,43,-0.25195,2.5645,-0.75977,-2.0076,14
147,43,-0.16992,2.6309,-0.68359,-2.0076,30
147,43,-0.17188,2.6758,-0.66211,-2.0076,28
147,43,-0.16992,2.6523,-0.5957,-1.673,13
147,43,0,2.6621,-0.73633,-1.673,14
147,43,0,2.6797,-0.81055,-1.673,11
147,43,-0.085938,2.6328,-0.69727,-1.3384,29
147,43,-0.17188,2.6875,-0.61523,-1.3384,49
147,43,-0.17578,2.7305,-0.59375,-1.3384,40
147,43,0,2.7695,-0.61719,-1.3384,16
147,43,-0.25586,2.6953,-0.29492,-1.0038,12
147,43,-0.3457,2.7246,-0.29883,-1.0038,13
147,43,0.087891,2.4785,-1.2988,-1.0038,12
147,43,0,2.7363,-0.75195,-1.0038,22
147,43,0,2.7813,-0.73047,-1.0038,14
147,43,-0.085938,2.6465,-0.63867,-0.66921,24
147,43,-0.085938,2.7051,-0.54883,-0.66921,62
147,43,-0.087891,2.7676,-0.41602,-0.66921,85
147,43,0,2.8223,-0.30273,-0.66921,60
147,43,-0.17969,2.8691,-0.089844,-0.66921,17
147,43,0,2.6641,-0.57227,-0.33461,26
147,43,0,2.7422,-0.32813,-0.33461,61
147,43,-0.087891,2.7949,-0.14844,-0.33461,89
147,43,0,2.8379,0.011719,-0.33461,77
147,43,0,2.8457,-0.41797,-0.33461,38
147,43,0,2.8203,-0.72852,-0.33461,16
147,43,-1.3125,1.2598,2.127,-1.673,6
147,43,2.6953,0.72852,-0.68555,-0.66921,9
147,43,-1.0918,1.5879,2.1855,-0.33461,9
148,33,0,2.6836,-0.46875,0,8
148,33,0,2.7539,-0.20313,0,17
148,33,0,2.7969,-0.12109,0,34
148,33,0,2.832,-0.18555,0,44
148,33,0,2.8691,-0.19336,0,35
148,33,0,2.9004,-0.27344,0,17
148,33,0.085938,2.7188,0.12891,0.33461,15
148,33,0.085938,2.7539,0.18359,0.33461,23
148,33,0,2.7969,0.13281,0.33461,34
148,33,0,2.8359,0.089844,0.33461,57
148,33,0,2.873,0.09375,0.33461,57
148,33,0,2.9121,0.060547,0.33461,30
148,33,0,2.7754,0.36719,0.66921,13
148,33,0,2.8262,0.24414,0.66921,22
148,33,0,2.8594,0.29688,0.66921,22
148,33,-0.31641,2.4082,-0.72266,-2.3422,13
148,33,-0.32227,2.4316,-0.77344,-2.3422,11
148,33,-0.23828,2.4707,-0.50977,-2.0076,11
148,33,-0.24023,2.5137,-0.49609,-2.0076,11
148,33,-0.24023,2.5234,-0.43555,-1.673,14
148,33,-0.24414,2.5684,-0.39453,-1.673,12
148,33,-0.16992,2.6895,-0.4043,-1.0038,16
148,33,0,2.7422,-0.32422,-1.0038,17
148,33,0,2.6816,-0.1543,-0.66921,11
148,33,0,2.7148,-0.21484,-0.66921,30
148,33,-0.085938,2.7461,-0.28711,-0.66921,36
148,33,-0.087891,2.7676,-0.41211,-0.66921,27
148,33,0,2.7695,-0.62109,-0.66921,16
148,33,-0.16992,2.7168,-0.10938,-0.33461,21
148,33,-0.17188,2.752,-0.16016,-0.33461,31
148,33,-0.087891,2.7578,-0.47266,-0.33461,34
148,33,0,2.791,-0.50977,-0.33461,29
148,33,0.17969,2.8457,-0.36523,-0.33461,20
149,9,0,2.6426,-0.66406,0.33461,18
149,9,-0.085938,2.6621,-0.73242,0.33461,19
149,9,0,2.7578,-0.48633,0.33461,14
149,9,-0.083984,2.6816,-0.11133,-0.33461,21
149,9,-0.085938,2.6934,-0.39844,-0.33461,27
149,9,0,2.6328,-0.83398,-0.33461,26
149,9,0,2.7109,-0.69922,-0.33461,26
149,9,-1.1211,0.93359,2.3438,0.33461,11
149,9,-1.1367,0,2.6934,0.33461,9
150,17,0,2.6309,-0.70313,0,18
150,17,0,2.6836,-0.65039,0,36
150,17,0,2.7227,-0.65234,0,27
150,17,-0.089844,2.8457,-0.40234,0,22
150,17,0,2.8926,-0.34961,0,17
150,17,0.085938,2.7305,-0.41016,0.33461,46
150,17,0.087891,2.7676,-0.41992,0.33461,35
150,17,-0.35547,2.7988,0.30273,0.33461,20
150,17,-0.089844,2.8691,-0.15625,0.33461,30
150,17,0,2.748,-0.27148,0.66921,21
150,17,0,2.7832,-0.30078,0.66921,14
150,17,-0.089844,2.8691,-0.17969,0.66921,14
150,17,0,2.6387,-0.81445,-0.33461,19
150,17,-0.17578,2.7598,-0.43555,-0.33461,22
150,17,0,2.8301,-0.19531,-0.33461,31
150,17,0,2.8691,-0.19141,-0.33461,38
150,17,0,2.9023,-0.25586,-0.33461,25
151,26,0,2.7949,-0.15625,0,14
151,26,0.087891,2.8223,-0.27148,0,17
151,26,0.089844,2.8516,-0.35938,0,18
151,26,-0.24023,2.543,0.30273,0.33461,15
151,26,-0.16406,2.5918,0.26563,0.33461,20
151,26,-0.16602,2.6387,0.14453,0.33461,22
151,26,-0.16797,2.6777,-0.14063,0.33461,26
151,26,0,2.7188,-0.15625,0.33461,46
151,26,0,2.7598,-0.11914,0.33461,57
151,26,0,2.791,-0.22461,0.33461,26
151,26,0.35938,2.8418,-0.24609,0.33461,27
151,26,-0.22266,2.3496,0.33008,0.66921,33
151,26,-0.15039,2.4063,0.23047,0.66921,41
151,26,-0.1543,2.4473,0.19531,0.66921,23
151,26,-0.22266,2.3242,0.47852,1.0038,36
151,26,-0.22656,2.375,0.41406,1.0038,46
151,26,-0.1543,2.4277,0.35938,1.0038,24
151,26,0.085938,2.6387,-0.67383,-0.66921,20
151,26,0,2.6758,-0.68359,-0.66921,27
151,26,0,2.7402,-0.57617,-0.66921,17
151,26,0,2.6328,-0.53125,-0.33461,19
151,26,0,2.6836,-0.47266,-0.33461,57
151,26,0,2.7246,-0.45703,-0.33461,77
151,26,0,2.7676,-0.42578,-0.33461,49
151,26,-0.71875,0,-2.7949,0.33461,14
151,26,-1.0508,0.92969,2.4238,-0.66921,9
152,51,-0.080078,2.5332,-0.029297,0,8
152,51,-0.16406,2.6035,-0.087891,0,11
152,51,-0.16602,2.6426,0.025391,0,17
152,51,-0.16797,2.6797,-0.080078,0,19
152,51,0,2.7148,-0.21094,0,24
152,51,0,2.7559,-0.19531,0,28
152,51,0,2.7695,-0.4043,0,14
152,51,0,2.8672,0.22461,0,18
152,51,-0.16406,2.5977,0.19141,0.33461,25
152,51,-0.16602,2.6367,0.18945,0.33461,38
152,51,-0.16797,2.6699,0.24609,0.33461,29
152,51,0,2.6875,0.44727,0.33461,18
152,51,0,2.7461,0.29492,0.33461,29
152,51,0,2.7832,0.30859,0.33461,25
152,51,0,2.8379,0.046875,0.33461,19
152,51,0,2.8652,0.25195,0.33461,19
152,51,-0.23438,2.4727,0.25586,0.66921,12
152,51,-0.1582,2.5137,0.28906,0.66921,20
152,51,-0.16016,2.5527,0.2793,0.66921,25
152,51,-0.16406,2.5859,0.31445,0.66921,37
152,51,-0.16602,2.625,0.31055,0.66921,40
152,51,-0.16797,2.6602,0.33008,0.66921,25
152,51,-0.1543,2.4063,0.48633,1.0038,20
152,51,-0.15625,2.4512,0.45313,1.0038,67
152,51,-0.23828,2.4922,0.39453,1.0038,91
152,51,-0.16016,2.5371,0.38867,1.0038,67
152,51,-0.16406,2.5781,0.37891,1.0038,37
152,51,-0.24805,2.6094,0.37891,1.0038,20
152,51,-0.23047,2.3691,0.61719,1.3384,28
152,51,-0.15625,2.4238,0.57813,1.3384,89
152,51,-0.23828,2.4629,0.54883,1.3384,114
152,51,-0.16016,2.5137,0.52344,1.3384,68
152,51,-0.24414,2.5488,0.50391,1.3384,20
152,51,-0.20117,3.041,-1.0293,1.3384,20
152,51,-0.20313,2.752,-1.7246,1.3384,18
152,51,-0.23047,2.3359,0.73242,1.673,14
152,51,-0.23438,2.3867,0.69141,1.673,40
152,51,-0.23828,2.4375,0.65234,1.673,47
152,51,-0.24023,2.4844,0.62109,1.673,23
152,51,-0.20117,3.0703,-0.9375,1.673,31
152,51,-0.20313,3.0039,-1.2344,1.673,28
152,51,0,2.6758,-0.51367,-0.66921,17
152,51,0.085938,2.7227,-0.45117,-0.66921,24
152,51,0.087891,2.7559,-0.48633,-0.66921,12
152,51,0.089844,2.8574,-0.30273,-0.66921,14
152,51,0,2.6738,-0.26172,-0.33461,19
152,51,0,2.7109,-0.27344,-0.33461,50
152,51,0,2.75,-0.26172,-0.33461,72
152,51,0,2.7832,-0.29688,-0.33461,41
152,51,0.087891,2.8359,0.027344,-0.33461,22
152,51,0,2.873,-0.11133,-0.33461,34
153,41,0,2.6465,-0.10547,0,9
153,41,-0.16797,2.6797,-0.10156,0,19
153,41,-0.085938,2.7148,-0.2168,0,32
153,41,0,2.7559,-0.18555,0,40
153,41,0,2.7988,-0.082031,0,36
153,41,0,2.8379,0.046875,0,28
153,41,0,2.873,0.10156,0,19
153,41,-0.24805,2.627,0.2207,0.33461,13
153,41,0,2.6445,0.46875,0.33461,22
153,41,0,2.6777,0.50195,0.33461,20
153,41,-0.17188,2.75,0.19141,0.33461,41
153,41,-0.17578,2.793,0.10156,0.33461,57
153,41,-0.087891,2.8359,0.013672,0.33461,56
153,41,0,2.875,0.019531,0.33461,39
153,41,0,2.9141,-0.017578,0.33461,18
153,41,-0.16797,2.6445,0.44531,0.66921,24
153,41,-0.16992,2.6758,0.48438,0.66921,33
153,41,-0.17188,2.7246,0.41797,0.66921,30
153,41,-0.17578,2.7793,0.29297,0.66921,29
153,41,-0.087891,2.8281,0.20703,0.66921,25
153,41,-0.082031,2.5703,0.45313,1.0038,24
153,41,-0.082031,2.6113,0.43555,1.0038,37
153,41,-0.083984,2.6328,0.52344,1.0038,24
153,41,-0.16406,2.5352,0.60156,1.3384,46
153,41,-0.082031,2.582,0.58203,1.3384,76
153,41,-0.083984,2.6191,0.58984,1.3384,56
153,41,-0.16992,2.6406,0.64844,1.3384,20
153,41,-0.16406,2.4961,0.74414,1.673,32
153,41,-0.16602,2.5313,0.75977,1.673,56
153,41,-0.16797,2.5742,0.74805,1.673,44
153,41,-0.16992,2.5996,0.79492,1.673,14
153,41,0,2.6484,-0.64063,-0.66921,21
153,41,0,2.6543,-0.75977,-0.66921,20
153,41,0.17773,2.8145,-0.31445,-0.66921,13
153,41,0,2.6387,-0.50781,-0.33461,29
153,41,-0.085938,2.6738,-0.51758,-0.33461,59
153,41,0,2.6934,-0.60938,-0.33461,53
153,41,0.26172,2.7383,0.52539,-0.33461,15
153,41,0.17773,2.832,-0.054688,-0.33461,37
153,41,0.26953,2.8594,-0.1543,-0.33461,35
153,41,-0.52539,2.5898,-0.92383,-0.33461,10
154,37,0,2.6641,0.34375,0,14
154,37,-0.085938,2.7129,0.23438,0,49
154,37,-0.085938,2.7539,0.17773,0,62
154,37,-0.087891,2.793,0.18359,0,32
154,37,-0.083984,2.666,0.32227,0.33461,58
154,37,-0.085938,2.7051,0.30664,0.33461,172
154,37,-0.085938,2.7461,0.28906,0.33461,201
154,37,-0.087891,2.7871,0.25391,0.33461,96
154,37,-0.087891,2.8262,0.24219,0.33461,32
154,37,-5.6758,0,0.80664,0.33461,17
154,37,-0.083984,2.6191,0.58789,0.66921,55
154,37,-0.085938,2.6738,0.51563,0.66921,169
154,37,-0.085938,2.7168,0.49414,0.66921,210
154,37,-0.17578,2.7559,0.46484,0.66921,109
154,37,-0.17773,2.8027,0.4043,0.66921,19
154,37,5.498,0.84375,1.127,0.66921,19
154,37,5.5352,0.99414,1.0098,0.66921,16
154,37,-0.16797,2.5742,0.75195,1.0038,20
154,37,-0.16992,2.6152,0.74219,1.0038,64
154,37,-0.17188,2.668,0.69531,1.0038,95
154,37,-0.087891,2.7363,0.58789,1.0038,78
154,37,-0.087891,2.7832,0.55078,1.0038,42
154,37,0,2.6855,0.64453,1.3384,51
154,37,-0.087891,2.709,0.69727,1.3384,80
154,37,-0.087891,2.7441,0.71289,1.3384,53
154,37,0,2.8086,0.61719,1.3384,13
154,37,-0.17188,2.6133,0.87891,1.673,25
154,37,-0.17578,2.6289,0.94922,1.673,34
154,37,-0.17773,2.6738,0.93359,1.673,20
154,37,0,2.666,-0.55859,-0.66921,14
154,37,0.085938,2.7305,-0.41211,-0.66921,18
154,37,0,2.7832,-0.30273,-0.66921,15
154,37,0,2.6621,-0.35938,-0.33461,17
154,37,0.085938,2.7031,-0.32813,-0.33461,41
154,37,0.085938,2.7461,-0.28711,-0.33461,54
154,37,0,2.7969,-0.13477,-0.33461,47
154,37,0,2.8379,0.042969,-0.33461,27
155,29,-0.085938,2.7227,-0.021484,0,11
155,29,0,2.7441,0.31445,0,17
155,29,-0.087891,2.7832,0.29297,0,31
155,29,0,2.8242,0.27344,0,38
155,29,-0.089844,2.8691,0.17578,0,22
155,29,0,2.9121,0.074219,0,13
155,29,0,3.168,0.89453,0,13
155,29,-0.10352,3.2012,0.90625,0,17
155,29,-0.17188,2.6348,0.81055,0.33461,34
155,29,-0.087891,2.748,0.52734,0.33461,104
155,29,-0.087891,2.793,0.49609,0.33461,136
155,29,-0.089844,2.8262,0.52148,0.33461,85
155,29,-0.091797,2.8359,0.65625,0.33461,25
155,29,0,3.1094,1.0801,0.33461,24
155,29,-0.10352,3.1289,1.1328,0.33461,31
155,29,-0.17188,2.6328,0.81641,0.66921,32
155,29,-0.17578,2.7031,0.70508,0.66921,106
155,29,-0.087891,2.7578,0.66016,0.66921,156
155,29,-0.17969,2.7871,0.68164,0.66921,118
155,29,-0.091797,2.8125,0.75586,0.66921,44
155,29,0,3.1055,1.1992,0.66921,24
155,29,-0.087891,2.6699,0.83984,1.0038,36
155,29,-0.17773,2.7109,0.81641,1.0038,62
155,29,-0.17969,2.7383,0.85938,1.0038,59
155,29,-0.18164,2.7754,0.86523,1.0038,28
155,29,0.085938,2.7227,-0.068359,-0.33461,13
155,29,0,2.7598,0.10938,-0.33461,18
155,29,0,2.7969,0.10156,-0.33461,21
155,29,0,2.834,0.14258,-0.33461,15
156,16,0,2.7012,-0.3457,0,9
156,16,0,2.752,-0.24414,0,11
156,16,0,2.7988,0.039063,0,11
156,16,0,2.8184,0.32813,0,9
156,16,0,2.6621,-0.35742,0.33461,14
156,16,0,2.709,-0.29297,0.33461,27
156,16,-0.085938,2.7598,0.015625,0.33461,29
156,16,-0.17578,2.7461,0.51172,0.33461,32
156,16,-0.087891,2.7715,0.59766,0.33461,29
156,16,0.089844,2.8574,0.30664,0.33461,27
156,16,0,2.6426,-0.66211,-0.33461,12
156,16,0,2.75,-0.25586,-0.33461,11
156,16,-0.26172,2.7539,0.43164,-0.33461,15
156,16,0.087891,2.8359,-0.019531,-0.33461,22
156,16,0.17969,2.8613,-0.21484,-0.33461,26
156,16,-1.1211,0,-2.7031,-0.33461,7
178,2,0,2.7305,0.41797,0.33461,14
178,2,0.089844,2.873,0.050781,0.33461,14
179,10,-0.17969,2.8457,-0.37305,0,12
179,10,0,2.8691,-0.50195,0,18
179,10,0,2.9063,-0.50781,0,13
179,10,0,2.752,-0.83203,-0.66921,11
179,10,0,2.7754,-0.88672,-0.66921,15
179,10,0,2.8086,-0.90625,-0.66921,11
179,10,0,2.8164,-0.3418,-0.33461,17
179,10,0,2.8301,-0.50391,-0.33461,25
179,10,0,2.832,-0.68359,-0.33461,33
179,10,0,2.8789,-0.64844,-0.33461,24
180,26,0,2.7129,-0.51758,0,8
180,26,-0.17578,2.7148,-0.66406,0,13
180,26,-0.17773,2.7832,-0.51953,0,16
180,26,-0.089844,2.8574,-0.30078,0,28
180,26,-0.091797,2.9023,-0.23047,0,28
180,26,0,2.9434,-0.20898,0,14
180,26,0.085938,2.7207,-0.095703,0.33461,21
180,26,0.17188,2.7559,-0.050781,0.33461,34
180,26,0.17578,2.7949,0.0058594,0.33461,29
180,26,0.17773,2.8223,0.24219,0.33461,16
180,26,0,2.6348,-0.94727,-1.0038,13
180,26,-0.087891,2.7129,-0.83008,-1.0038,33
180,26,0,2.7617,-0.79688,-1.0038,33
180,26,0,2.8066,-0.7793,-1.0038,12
180,26,0.085938,2.6621,-0.73047,-0.66921,14
180,26,0,2.7285,-0.63086,-0.66921,18
180,26,-0.087891,2.752,-0.68164,-0.66921,47
180,26,-0.089844,2.7949,-0.66992,-0.66921,64
180,26,0,2.8398,-0.64844,-0.66921,40
180,26,0.085938,2.6641,-0.56445,-0.33461,20
180,26,0,2.7207,-0.46875,-0.33461,40
180,26,0.087891,2.7578,-0.47461,-0.33461,45
180,26,0,2.7832,-0.55664,-0.33461,32
180,26,0,2.8223,-0.54688,-0.33461,61
180,26,0,2.8672,-0.51953,-0.33461,57
180,26,0,2.9316,-0.33008,-0.33461,24
181,41,0,2.7227,-0.060547,0,12
181,41,-0.3457,2.6543,0.67773,0,23
181,41,-0.17578,2.7852,0.21484,0,60
181,41,-0.087891,2.8359,-0.0625,0,80
181,41,-0.089844,2.8574,-0.30859,0,60
181,41,0,2.8613,-0.54492,0,27
181,41,0.085938,2.7227,0.013672,0.33461,43
181,41,0.085938,2.7598,0.087891,0.33461,84
181,41,0.087891,2.7949,0.13867,0.33461,67
181,41,0,2.7988,0.46289,0.33461,32
181,41,-0.089844,2.8223,0.53906,0.33461,32
181,41,0,2.7188,0.17188,0.66921,16
181,41,0.085938,2.748,0.26367,0.66921,31
181,41,0.087891,2.7852,0.27734,0.66921,26
181,41,-0.16797,2.5703,-0.76367,-2.0076,13
181,41,-0.25586,2.5801,-0.83789,-2.0076,22
181,41,-0.17188,2.6211,-0.85156,-2.0076,18
181,41,-0.25195,2.5762,-0.71484,-1.673,19
181,41,-0.16992,2.6289,-0.68945,-1.673,42
181,41,-0.085938,2.6719,-0.69727,-1.673,43
181,41,-0.087891,2.7031,-0.72656,-1.673,22
181,41,-0.25195,2.6172,-0.55273,-1.3384,15
181,41,-0.16992,2.6504,-0.60156,-1.3384,43
181,41,-0.085938,2.6973,-0.5918,-1.3384,58
181,41,-0.087891,2.7324,-0.60742,-1.3384,37
181,41,-0.16992,2.6758,-0.48438,-1.0038,45
181,41,-0.17188,2.7129,-0.48633,-1.0038,81
181,41,-0.17578,2.7422,-0.5332,-1.0038,67
181,41,0,2.7734,-0.59961,-1.0038,25
181,41,0,2.709,-0.28711,-0.66921,38
181,41,-0.085938,2.748,-0.26172,-0.66921,95
181,41,-0.087891,2.7813,-0.31641,-0.66921,129
181,41,0,2.8125,-0.38086,-0.66921,106
181,41,0,2.8359,-0.4707,-0.66921,61
181,41,0,2.8711,-0.49219,-0.66921,25
181,41,0.16992,2.7168,0.10156,-0.33461,30
181,41,0,2.7617,0.0058594,-0.33461,96
181,41,0,2.7988,-0.072266,-0.33461,171
181,41,-0.087891,2.8281,-0.20898,-0.33461,173
181,41,-0.089844,2.8594,-0.29492,-0.33461,117
181,41,0,2.9004,-0.26758,-0.33461,52
182,17,0,2.7207,0.47461,0,6
182,17,0,2.7969,-0.11719,0,15
182,17,0,2.8242,-0.26953,0,22
182,17,0,2.8613,-0.28125,0,17
182,17,0.091797,2.9102,-0.0625,0,10
182,17,-0.4375,2.3691,-1.4277,0.33461,11
182,17,-0.44336,2.5254,-1.2168,0.33461,14
182,17,0.17969,2.8105,0.58398,0.33461,19
182,17,0.091797,2.8945,0.32031,0.33461,20
182,17,-0.32227,2.5059,-0.49023,-2.0076,12
182,17,-0.25977,2.7383,0.25195,-0.66921,12
182,17,-0.17578,2.252,-1.6543,-0.33461,27
182,17,0,2.7207,-0.80469,-0.33461,35
182,17,-0.98828,0,-2.8184,0,9
182,17,-1.002,0,-2.8086,0,6
182,17,-1.4004,0,2.5195,0.33461,8
182,17,-1.2422,0,2.5547,0.33461,11
183,25,0,2.6387,-0.50195,0,9
183,25,0,2.7031,-0.33008,0,15
183,25,0,2.7617,-0.039063,0,22
183,25,0,2.7988,-0.015625,0,26
183,25,0,2.8379,-0.015625,0,16
183,25,0,4.5059,0.81055,0,9
183,25,0,4.5508,0.77539,0,14
183,25,0,4.5488,0.98438,0,9
183,25,0,2.6484,-0.44727,0.33461,19
183,25,0,2.709,-0.29297,0.33461,38
183,25,0,2.7539,-0.20117,0.33461,38
183,25,0,2.793,-0.1875,0.33461,26
183,25,0.17773,2.7969,-0.44531,0.33461,20
183,25,0.26953,2.8535,-0.22852,0.33461,19
183,25,0,2.7227,-0.072266,0.66921,12
183,25,0,2.7559,0.17188,0.66921,12
183,25,-0.22656,2.4082,-0.12109,-1.0038,13
183,25,-0.14453,4.6074,0.22461,-0.66921,24
183,25,-0.14453,4.6504,0.11133,-0.66921,17
183,25,0.085938,2.623,-0.72656,-0.33461,17
183,25,0,2.7793,-0.3418,-0.33461,34
183,25,0,2.8047,-0.42969,-0.33461,33
183,25,0,4.541,0.58594,-0.33461,18
183,25,-0.14453,4.5898,0.47461,-0.33461,29
183,25,0,4.6348,0.41992,-0.33461,18
184,35,-0.21289,2.2598,0.023438,0,9
184,35,-0.17578,2.793,-0.076172,0,26
184,35,-0.087891,2.8359,-0.078125,0,31
184,35,-0.089844,2.873,-0.037109,0,24
184,35,-0.091797,2.9121,0.058594,0,17
184,35,-0.091797,2.9492,0.044922,0,13
184,35,-0.73047,7.6523,-1.2871,0,12
184,35,-0.97852,7.6406,-1.4121,0,12
184,35,-0.2832,2.248,0.14258,0.33461,18
184,35,-0.36133,2.2773,0.091797,0.33461,14
184,35,-0.085938,2.7324,-0.39844,0.33461,43
184,35,-0.087891,2.793,-0.17578,0.33461,66
184,35,-0.087891,2.8359,0.048828,0.33461,68
184,35,0,2.873,0.11719,0.33461,50
184,35,0,2.9121,0.058594,0.33461,25
184,35,-0.97461,7.6758,-0.93164,0.33461,22
184,35,-0.97852,7.7129,-0.93359,0.33461,23
184,35,-0.35547,2.2285,0.24414,0.66921,14
184,35,-0.28906,2.2773,0.23047,0.66921,12
184,35,-0.17578,2.793,-0.097656,0.66921,30
184,35,-0.087891,2.8301,0.17969,0.66921,31
184,35,0,2.8652,0.25,0.66921,22
184,35,0,2.6953,-0.60352,-0.66921,24
184,35,0,2.7598,-0.47461,-0.66921,31
184,35,0,2.8145,-0.36719,-0.66921,23
184,35,0,2.8652,-0.25,-0.66921,17
184,35,-0.091797,2.9023,-0.22461,-0.66921,15
184,35,0,2.7363,-0.37891,-0.33461,41
184,35,0,2.7832,-0.30273,-0.33461,56
184,35,0,2.832,-0.16992,-0.33461,47
184,35,0,2.875,0,-0.33461,36
184,35,0,2.9141,0.0039063,-0.33461,28
184,35,0,2.9434,-0.2207,-0.33461,21
184,35,-0.5293,8.4551,-0.25391,-0.33461,14
184,35,-0.53125,8.4941,-0.19141,-0.33461,12
185,31,0,2.6855,-0.023438,0,10
185,31,0,2.7227,0.085938,0,11
185,31,0,2.8379,0.023438,0,14
185,31,0,2.875,-0.03125,0,27
185,31,-0.091797,2.9121,-0.015625,0,25
185,31,-0.16602,2.6406,0.125,0.33461,14
185,31,-0.16797,2.6816,0.0078125,0.33461,18
185,31,-0.16992,2.7188,0.015625,0.33461,24
185,31,0,2.7617,-0.074219,0.33461,24
185,31,0.087891,2.7949,-0.13672,0.33461,39
185,31,0.087891,2.834,-0.10742,0.33461,60
185,31,0.17969,2.8672,-0.097656,0.33461,51
185,31,0,2.7988,0.039063,0.66921,15
185,31,0,2.8379,0.029297,0.66921,23
185,31,0.089844,2.873,-0.039063,0.66921,18
185,31,-0.22656,2.3848,0.35156,1.0038,16
185,31,-0.23047,2.4316,0.28906,1.0038,16
185,31,-0.22266,2.3359,0.42383,1.3384,18
185,31,-0.15039,2.373,0.45313,1.3384,26
185,31,-0.23047,2.418,0.38086,1.3384,20
185,31,-0.29883,2.2949,0.57031,1.673,15
185,31,-0.22656,2.3535,0.52344,1.673,17
185,31,0.087891,2.7813,-0.55078,-0.66921,24
185,31,0,2.8301,-0.50781,-0.66921,31
185,31,0,2.8613,-0.54688,-0.66921,23
185,31,0,2.6992,-0.36914,-0.33461,17
185,31,0.085938,2.6836,-0.64648,-0.33461,19
185,31,0.17578,2.7422,-0.5332,-0.33461,32
185,31,0.087891,2.8125,-0.36914,-0.33461,72
185,31,0.089844,2.8496,-0.36523,-0.33461,81
185,31,0,2.8848,-0.41016,-0.33461,50
186,37,0,2.5723,0.019531,0,9
186,37,0,2.6035,-0.20313,0,8
186,37,-0.25586,2.707,-0.17188,0,13
186,37,-0.17188,2.7461,-0.24609,0,27
186,37,-0.087891,2.7949,-0.1543,0,39
186,37,0,2.8359,-0.068359,0,27
186,37,-0.25977,2.75,-0.058594,0.33461,15
186,37,-0.34961,2.7637,-0.28711,0.33461,17
186,37,-0.26563,2.8203,-0.16016,0.33461,17
186,37,-0.16016,2.5547,0.25977,0.66921,18
186,37,-0.16406,2.5957,0.2168,0.66921,22
186,37,-0.24805,2.6094,0.37305,0.66921,16
186,37,-0.26172,2.7734,0.28516,0.66921,16
186,37,-0.1582,2.4883,0.45508,1.0038,48
186,37,-0.080078,2.5352,0.43359,1.0038,117
186,37,-0.16406,2.5742,0.40625,1.0038,124
186,37,-0.16602,2.6152,0.38086,1.0038,59
186,37,-0.16797,2.6465,0.43164,1.0038,15
186,37,-0.30469,2.9102,-1.4238,1.0038,19
186,37,-0.20508,2.9121,-1.5195,1.0038,23
186,37,-0.1582,2.4453,0.65039,1.3384,60
186,37,-0.16016,2.4961,0.60156,1.3384,157
186,37,-0.16406,2.543,0.56836,1.3384,163
186,37,-0.16602,2.5898,0.52344,1.3384,72
186,37,-0.30469,2.9727,-1.2871,1.3384,16
186,37,-0.41211,2.8887,-1.5215,1.3384,19
186,37,-0.1582,2.3613,0.9082,1.673,20
186,37,-0.24023,2.4395,0.78125,1.673,57
186,37,-0.24414,2.4941,0.72852,1.673,66
186,37,-0.16602,2.5488,0.70313,1.673,31
186,37,0,2.6836,-0.65039,-0.66921,14
186,37,0,2.7598,-0.47461,-0.66921,19
186,37,0,2.8145,-0.35352,-0.66921,14
186,37,-0.16992,2.6973,-0.33984,-0.33461,18
186,37,0,2.7305,-0.41406,-0.33461,41
186,37,0,2.7871,-0.27344,-0.33461,56
186,37,0,2.834,-0.14844,-0.33461,41
187,46,0,2.6855,0.054688,0,18
187,46,0,2.7227,0.076172,0,30
187,46,0,2.7617,0.0058594,0,36
187,46,-0.087891,2.7988,-0.048828,0,36
187,46,0,2.8301,-0.21289,0,22
187,46,0,2.8066,-1.8613,0,17
187,46,-0.083984,2.6621,0.3457,0.33461,45
187,46,-0.085938,2.7109,0.25781,0.33461,99
187,46,-0.085938,2.752,0.2207,0.33461,127
187,46,-0.087891,2.7891,0.21484,0.33461,103
187,46,-0.087891,2.8281,0.20898,0.33461,46
187,46,-0.20898,2.8691,-1.6758,0.33461,26
187,46,-0.10547,3.0117,-1.5039,0.33461,42
187,46,0,3.332,-0.69727,0.33461,30
187,46,-0.16602,2.5898,0.5293,0.66921,52
187,46,-0.083984,2.6426,0.47852,0.66921,169
187,46,-0.085938,2.6875,0.4375,0.66921,237
187,46,-0.085938,2.7305,0.40234,0.66921,166
187,46,-0.087891,2.7734,0.37305,0.66921,71
187,46,-0.17773,2.8066,0.375,0.66921,25
187,46,-0.20898,2.7461,-1.8711,0.66921,22
187,46,-0.21094,2.7344,-1.9531,0.66921,36
187,46,-0.082031,2.5703,0.63281,1.0038,99
187,46,-0.16797,2.6074,0.62109,1.0038,285
187,46,-0.16992,2.6543,0.58789,1.0038,335
187,46,-0.085938,2.7051,0.54688,1.0038,175
187,46,-0.087891,2.7617,0.45117,1.0038,35
187,46,-0.16602,2.5234,0.78516,1.3384,66
187,46,-0.16797,2.5723,0.75781,1.3384,187
187,46,-0.16992,2.6172,0.73633,1.3384,207
187,46,-0.17188,2.668,0.69336,1.3384,97
187,46,-0.17578,2.748,0.50391,1.3384,15
187,46,0,2.4863,0.91016,1.673,9
187,46,-0.16797,2.5293,0.89063,1.673,27
187,46,-0.16992,2.5742,0.87305,1.673,32
187,46,-0.17188,2.6016,0.91016,1.673,16
187,46,0.085938,2.752,-0.2168,-0.66921,15
187,46,0.087891,2.7969,-0.11133,-0.66921,11
187,46,0.083984,2.6699,-0.28711,-0.33461,13
187,46,0.085938,2.7168,-0.18359,-0.33461,32
187,46,0.085938,2.7598,-0.082031,-0.33461,45
187,46,0.087891,2.7969,0.056641,-0.33461,32
187,46,0.087891,2.832,-0.15234,-0.33461,12
187,46,0.17969,2.8594,-0.23438,-0.33461,24
187,46,0.27344,2.8867,-0.29102,-0.33461,17
187,46,2.5371,0.9043,0.76367,1.3384,8
188,27,-0.085938,2.7168,0.17773,0,33
188,27,-0.085938,2.7539,0.18359,0,85
188,27,-0.087891,2.7949,0.14844,0,94
188,27,0,2.8359,0.10547,0,50
188,27,0,2.873,0.095703,0,17
188,27,0,2.6758,0.22852,0.33461,10
188,27,-0.16992,2.7012,0.30273,0.33461,86
188,27,-0.085938,2.7422,0.3125,0.33461,212
188,27,-0.17578,2.7793,0.29297,0.33461,220
188,27,-0.087891,2.8262,0.24414,0.33461,118
188,27,0,2.873,0.11914,0.33461,48
188,27,0,2.9141,-0.011719,0.33461,26
188,27,-0.16992,2.6602,0.56641,0.66921,76
188,27,-0.17188,2.7031,0.53906,0.66921,167
188,27,-0.17578,2.7441,0.52344,0.66921,163
188,27,-0.17773,2.791,0.48438,0.66921,85
188,27,-0.17969,2.8457,0.37695,0.66921,35
188,27,-0.16992,2.5957,0.80859,1.0038,26
188,27,-0.17188,2.6445,0.77539,1.0038,41
188,27,-0.17578,2.6836,0.7793,1.0038,30
188,27,-0.17773,2.7422,0.70703,1.0038,21
188,27,-0.17969,2.7793,0.71875,1.0038,18
188,27,0.085938,2.7539,-0.19727,-0.33461,20
188,27,0,2.791,-0.20898,-0.33461,26
188,27,0,2.8262,-0.24609,-0.33461,24
188,27,0.089844,2.8535,-0.33984,-0.33461,19
188,27,0.091797,2.8594,-0.54688,-0.33461,12
189,24,-0.17188,2.6328,0.81641,0,24
189,24,-0.087891,2.7695,0.40625,0,102
189,24,-0.087891,2.8203,0.30664,0,143
189,24,-0.089844,2.8652,0.2207,0,94
189,24,0,2.9102,0.13086,0,29
189,24,0,2.5117,-1.0566,0.33461,14
189,24,-0.085938,2.5488,1.0605,0.33461,57
189,24,-0.087891,2.7324,0.60156,0.33461,226
189,24,-0.087891,2.791,0.50781,0.33461,315
189,24,-0.089844,2.834,0.47266,0.33461,200
189,24,-0.18164,2.873,0.44531,0.33461,60
189,24,-0.10352,3.1777,0.98828,0.33461,28
189,24,-0.17188,2.5156,1.127,0.66921,36
189,24,-0.087891,2.6895,0.77148,0.66921,149
189,24,-0.17773,2.7461,0.69336,0.66921,224
189,24,-0.17969,2.7969,0.64453,0.66921,158
189,24,-0.18164,2.8379,0.63672,0.66921,58
189,24,-0.26172,2.6348,0.91211,1.0038,22
189,24,-0.17773,2.6973,0.86328,1.0038,39
189,24,-0.17969,2.7363,0.86523,1.0038,34
189,24,-0.18164,2.7422,0.96484,1.0038,22
189,24,0.35547,2.7832,-0.41797,-0.33461,16
189,24,0.26953,2.8555,-0.21094,-0.33461,25
189,24,0.27344,2.8867,-0.28125,-0.33461,17
190,28,0,2.7617,0.025391,0,19
190,28,-0.087891,2.7891,0.23438,0,63
190,28,-0.087891,2.8262,0.24219,0,101
190,28,-0.089844,2.8594,0.28125,0,97
190,28,-0.091797,2.8926,0.33203,0,70
190,28,-0.091797,2.9297,0.34766,0,47
190,28,-0.09375,2.9727,0.29492,0,25
190,28,-0.17188,2.7539,0.11719,0.33461,44
190,28,-0.17578,2.7715,0.36133,0.33461,136
190,28,-0.087891,2.8086,0.39063,0.33461,214
190,28,-0.089844,2.8418,0.42969,0.33461,198
190,28,-0.091797,2.8672,0.50586,0.33461,148
190,28,-0.091797,2.9023,0.52344,0.33461,107
190,28,-0.1875,2.9355,0.53516,0.33461,58
190,28,-0.17188,2.7344,0.35156,0.66921,18
190,28,-0.17578,2.7402,0.54492,0.66921,55
190,28,-0.17773,2.7715,0.58008,0.66921,91
190,28,-0.17969,2.7949,0.65039,0.66921,101
190,28,-0.18164,2.8125,0.73633,0.66921,106
190,28,-0.18359,2.8438,0.76758,0.66921,99
190,28,-0.1875,2.8848,0.75781,0.66921,57
190,28,-0.27344,2.7031,1.0527,1.0038,19
190,28,-0.18359,2.7402,1.0781,1.0038,27
190,28,-0.2793,2.7422,1.1543,1.0038,16
190,28,-0.087891,2.7871,-0.52148,-0.66921,14
190,28,-0.087891,2.7891,-0.23828,-0.33461,29
190,28,-0.087891,2.832,-0.14648,-0.33461,38
190,28,-0.17969,2.8574,-0.26758,-0.33461,22
191,18,-0.087891,2.7891,0.23828,0,10
191,18,-0.087891,2.8281,0.21875,0,22
191,18,-0.17969,2.8652,0.14258,0,21
191,18,0,2.9082,0.18359,0,10
191,18,-0.087891,2.7617,0.44922,0.33461,46
191,18,-0.087891,2.8145,0.35742,0.33461,97
191,18,-0.089844,2.8535,0.33594,0.33461,90
191,18,0,2.8809,0.42969,0.33461,41
191,18,-0.17578,2.6953,0.73438,0.66921,16
191,18,-0.17773,2.7852,0.50977,0.66921,33
191,18,-0.089844,2.8203,0.55078,0.66921,33
191,18,0,2.8203,0.72852,0.66921,15
191,18,0,2.832,-0.17578,-0.66921,19
191,18,0,2.8477,-0.40234,-0.66921,17
191,18,0,2.7988,0.046875,-0.33461,30
191,18,0,2.8379,-0.046875,-0.33461,58
191,18,0,2.875,-0.056641,-0.33461,54
191,18,0,2.9121,-0.058594,-0.33461,22
211,4,0,2.8613,-0.28125,0.33461,13
211,4,0,2.7598,-0.65625,-0.33461,12
211,4,0.089844,2.8359,-0.46094,-0.33461,18
211,4,0,2.8809,-0.42969,-0.33461,15
212,5,-0.17969,2.8496,-0.33594,0,13
212,5,-0.18164,2.8906,-0.3125,0,11
212,5,-0.087891,2.8047,-0.42188,-0.33461,18
212,5,-0.089844,2.8398,-0.4375,-0.33461,30
212,5,0,2.873,-0.47852,-0.33461,24
213,20,0,2.75,-0.24609,0,11
213,20,-0.087891,2.793,-0.18164,0,44
213,20,0,2.832,-0.16602,0,92
213,20,-0.089844,2.8691,-0.16797,0,101
213,20,-0.091797,2.9082,-0.14648,0,53
213,20,0,2.9492,-0.11914,0,11
213,20,-0.087891,2.832,-0.16406,0.33461,12
213,20,0,2.8711,-0.15039,0.33461,13
213,20,-0.17969,2.7852,-0.6875,-1.0038,15
213,20,0,2.8086,-0.77148,-1.0038,13
213,20,0,2.7402,-0.57617,-0.66921,36
213,20,0,2.7832,-0.54883,-0.66921,82
213,20,0,2.8242,-0.53906,-0.66921,91
213,20,0,2.8652,-0.53125,-0.66921,46
213,20,-0.17188,2.7246,-0.42188,-0.33461,20
213,20,-0.087891,2.7695,-0.40625,-0.33461,79
213,20,-0.087891,2.8105,-0.38477,-0.33461,174
213,20,-0.089844,2.8496,-0.36914,-0.33461,197
213,20,0,2.8926,-0.35156,-0.33461,104
213,20,0,2.9375,-0.2793,-0.33461,22
214,38,0,2.6875,-0.44922,0,8
214,38,0,2.7598,-0.097656,0,21
214,38,-0.087891,2.7969,-0.099609,0,47
214,38,-0.087891,2.8301,-0.16992,0,69
214,38,0,2.8633,-0.25781,0,55
214,38,0,2.9023,-0.24609,0,21
214,38,0,2.7188,-0.17188,0.33461,23
214,38,0,2.7617,-0.060547,0.33461,34
214,38,0,2.7949,0.17578,0.33461,29
214,38,0.087891,2.7969,0.4707,0.33461,26
214,38,0.17969,2.8418,0.40234,0.33461,19
214,38,0,2.7559,0.17383,0.66921,11
214,38,-0.25195,2.5625,-0.76758,-2.3422,11
214,38,-0.25586,2.584,-0.82422,-2.3422,20
214,38,-0.17188,2.6309,-0.82031,-2.3422,17
214,38,-0.33984,2.627,-0.63477,-2.0076,15
214,38,-0.25977,2.6387,-0.77539,-1.673,17
214,38,-0.17578,2.6816,-0.78711,-1.673,19
214,38,-0.085938,2.6309,-0.69727,-1.3384,21
214,38,-0.085938,2.6875,-0.62695,-1.3384,57
214,38,-0.087891,2.7207,-0.6543,-1.3384,60
214,38,-0.087891,2.7598,-0.6543,-1.3384,27
214,38,-0.16992,2.668,-0.51953,-1.0038,37
214,38,-0.17188,2.7168,-0.46289,-1.0038,85
214,38,-0.17578,2.7578,-0.44922,-1.0038,83
214,38,-0.087891,2.7969,-0.46484,-1.0038,43
214,38,0,2.8457,-0.4082,-1.0038,17
214,38,-0.085938,2.707,-0.29102,-0.66921,19
214,38,-0.17188,2.7441,-0.25391,-0.66921,43
214,38,-0.17578,2.7656,-0.40234,-0.66921,77
214,38,-0.087891,2.791,-0.49805,-0.66921,105
214,38,0,2.8203,-0.56055,-0.66921,76
214,38,0,2.8574,-0.57031,-0.66921,24
214,38,0.085938,2.6738,-0.51172,-0.33461,11
214,38,-0.087891,2.7852,-0.26367,-0.33461,77
214,38,-0.087891,2.8105,-0.37891,-0.33461,137
214,38,0,2.8438,-0.42383,-0.33461,112
214,38,0,2.873,-0.47656,-0.33461,40
215,26,-0.16992,2.7148,0.15039,0,10
215,26,0,2.8379,0,0,12
215,26,0,2.8535,-0.35547,0,11
215,26,0,2.5566,1.0469,0.33461,19
215,26,0.087891,2.7539,0.49414,0.33461,24
215,26,0.087891,2.8359,0.0625,0.33461,38
215,26,0.089844,2.873,-0.013672,0.33461,46
215,26,0,2.9121,0.037109,0.33461,25
215,26,0,2.8242,0.26563,0.66921,13
215,26,0,2.8691,0.1875,0.66921,16
215,26,-0.23828,2.416,-0.73047,-2.6769,14
215,26,-0.3125,2.3965,-0.63086,-2.3422,21
215,26,-0.23828,2.4316,-0.67383,-2.3422,28
215,26,-0.24023,2.4707,-0.67773,-2.3422,17
215,26,-0.3125,2.4238,-0.51172,-2.0076,13
215,26,-0.31641,2.4766,-0.43555,-2.0076,17
215,26,-0.083984,2.6816,-0.11719,-0.66921,17
215,26,-0.085938,2.7129,-0.22461,-0.66921,27
215,26,0,2.7578,-0.16406,-0.66921,34
215,26,0,2.7969,-0.12695,-0.66921,27
215,26,-0.083984,2.6836,-0.0625,-0.33461,13
215,26,-0.25586,2.707,-0.16016,-0.33461,19
215,26,-0.085938,2.7578,0.12109,-0.33461,29
215,26,0,2.7988,0.037109,-0.33461,22
215,26,0.087891,2.7734,-0.5957,-0.33461,27
215,26,0.089844,2.8398,-0.4375,-0.33461,37
216,28,0,2.668,-0.31641,0,15
216,28,0,2.7031,-0.33594,0,30
216,28,0,2.7461,-0.28906,0,31
216,28,0,2.7832,-0.30469,0,27
216,28,0,2.8008,-0.45313,0,19
216,28,0,2.8477,0.39258,0,13
216,28,0,4.6426,1.082,0,13
216,28,0,2.6484,-0.45117,0.33461,21
216,28,0,2.7031,-0.3418,0.33461,44
216,28,0,2.7598,-0.095703,0.33461,62
216,28,0,2.7988,-0.025391,0.33461,86
216,28,0,2.8379,-0.050781,0.33461,67
216,28,0,2.8613,0.27539,0.33461,36
216,28,0.18164,2.8984,0.2207,0.33461,32
216,28,0.18359,2.9316,0.28125,0.33461,21
216,28,0,2.7188,-0.16211,0.66921,19
216,28,0,2.7617,0.039063,0.66921,25
216,28,0,2.7969,0.12695,0.66921,31
216,28,0,2.8301,0.20313,0.66921,24
216,28,-0.16797,2.6797,-0.042969,-0.33461,14
216,28,-0.25586,2.6855,0.38281,-0.33461,19
216,28,0,2.7598,0.09375,-0.33461,17
216,28,0.087891,2.791,-0.20117,-0.33461,41
216,28,0,2.8281,-0.23047,-0.33461,33
216,28,0.17969,2.8496,-0.33789,-0.33461,15
216,28,0.18164,2.8867,-0.35156,-0.33461,20
216,28,0.091797,2.9336,-0.30273,-0.33461,18
216,28,0,4.7188,0.67969,-0.33461,23
217,32,-0.2207,2.334,-0.046875,0,16
217,32,-0.22266,2.373,0.023438,0,13
217,32,0,2.7363,-0.37109,0,27
217,32,0,2.7695,-0.4082,0,38
217,32,-0.087891,2.7949,-0.48438,0,33
217,32,0,2.8438,-0.42773,0,24
217,32,0,2.8926,-0.3418,0,18
217,32,-0.28906,2.2871,0.12305,0.33461,13
217,32,-0.2207,2.334,0.097656,0.33461,29
217,32,-0.22266,2.3691,0.125,0.33461,24
217,32,0,2.7891,-0.23828,0.33461,33
217,32,0,2.8379,-0.042969,0.33461,46
217,32,-0.089844,2.873,-0.046875,0.33461,45
217,32,0,2.9121,-0.041016,0.33461,31
217,32,-0.29297,2.3066,0.30469,0.66921,16
217,32,-0.22266,2.3691,0.14844,0.66921,13
217,32,-0.17578,2.7891,-0.16211,0.66921,21
217,32,0,2.834,0.13281,0.66921,28
217,32,0,2.873,0.11328,0.66921,25
217,32,0,2.9121,0.050781,0.66921,16
217,32,0,2.6484,-0.78125,-0.66921,12
217,32,0,2.6895,-0.7793,-0.66921,13
217,32,0,2.791,-0.51172,-0.66921,9
217,32,0,2.8398,-0.44531,-0.66921,11
217,32,0,2.6543,-0.61133,-0.33461,15
217,32,0,2.7129,-0.51758,-0.33461,34
217,32,0,2.7344,-0.60352,-0.33461,35
217,32,0,2.7871,-0.53516,-0.33461,22
217,32,0,2.8574,-0.31836,-0.33461,26
217,32,0,2.8984,-0.29688,-0.33461,23
217,32,-1.0508,0,-2.7383,0.33461,17
217,32,-0.17773,2.832,-0.041016,0.66921,28
218,29,0,2.6738,-0.51758,0,14
218,29,0,2.7227,-0.46289,0,25
218,29,0,2.7754,-0.36719,0,28
218,29,0,2.8223,-0.29688,0,21
218,29,0,2.8711,-0.16992,0,10
218,29,0.085938,2.7598,-0.064453,0.33461,27
218,29,0,2.7969,0.14453,0.33461,31
218,29,-0.087891,2.752,0.68164,0.33461,16
218,29,-0.22656,2.3926,0.29492,0.66921,23
218,29,-0.23047,2.4355,0.25,0.66921,24
218,29,-0.23438,2.4785,0.18555,0.66921,16
218,29,-0.14844,2.3242,0.50781,1.0038,28
218,29,-0.22656,2.377,0.40234,1.0038,53
218,29,-0.1543,2.4238,0.39063,1.0038,51
218,29,-0.23438,2.457,0.38086,1.0038,27
218,29,-0.29883,2.2852,0.61133,1.3384,20
218,29,-0.22656,2.3477,0.54688,1.3384,38
218,29,-0.23047,2.3887,0.54102,1.3384,34
218,29,-0.23438,2.4316,0.51953,1.3384,16
218,29,0,2.627,-0.71875,-0.66921,15
218,29,0,2.6777,-0.67969,-0.66921,30
218,29,0,2.7227,-0.65234,-0.66921,31
218,29,0,2.791,-0.51367,-0.66921,19
218,29,0,2.6641,-0.56445,-0.33461,33
218,29,0,2.7109,-0.5332,-0.33461,68
218,29,0,2.7598,-0.47266,-0.33461,71
218,29,0,2.8008,-0.45703,-0.33461,44
218,29,0,2.7695,-0.76953,-0.33461,23
218,29,-1.168,0.89258,2.4707,0,6
219,44,-0.080078,2.5332,-0.0039063,0,17
219,44,-0.16016,2.5645,-0.14648,0,17
219,44,0,2.6055,-0.16406,0,8
219,44,0,2.6836,-0.11133,0,18
219,44,0,2.7012,-0.35547,0,38
219,44,0,2.7246,-0.45508,0,55
219,44,0,2.7441,-0.55273,0,40
219,44,0,2.8359,-0.11914,0,31
219,44,0,2.875,-0.015625,0,24
219,44,-0.16602,2.6406,0.13477,0.33461,22
219,44,-0.16797,2.6758,0.16016,0.33461,34
219,44,-0.085938,2.7207,0.099609,0.33461,36
219,44,0,2.7598,-0.12305,0.33461,20
219,44,-0.087891,2.8359,-0.0019531,0.33461,47
219,44,0,2.875,-0.0019531,0.33461,45
219,44,0,2.9121,0.050781,0.33461,25
219,44,-0.078125,2.4629,0.4043,0.66921,13
219,44,-0.1582,2.5059,0.34766,0.66921,32
219,44,-0.16016,2.5586,0.2207,0.66921,25
219,44,-0.16602,2.6191,0.35156,0.66921,28
219,44,-0.16797,2.6582,0.34375,0.66921,33
219,44,-0.16992,2.7031,0.28711,0.66921,28
219,44,-0.087891,2.8281,0.22461,0.66921,26
219,44,0,2.8574,0.31641,0.66921,23
219,44,-0.15625,2.4375,0.51563,1.0038,54
219,44,-0.1582,2.4883,0.45508,1.0038,136
219,44,-0.16016,2.5371,0.39648,1.0038,131
219,44,-0.16406,2.582,0.35352,1.0038,39
219,44,-0.24805,2.5781,0.55664,1.0038,14
219,44,-0.15625,2.4023,0.66211,1.3384,55
219,44,-0.1582,2.4551,0.61133,1.3384,144
219,44,-0.16016,2.5039,0.56641,1.3384,145
219,44,-0.16406,2.5508,0.53125,1.3384,56
219,44,-0.3125,2.3457,0.80078,1.673,13
219,44,-0.1582,2.418,0.74414,1.673,39
219,44,-0.24023,2.457,0.7207,1.673,42
219,44,-0.24414,2.5098,0.67578,1.673,18
219,44,0,2.5977,-0.81836,-0.66921,25
219,44,0,2.6426,-0.80469,-0.66921,43
219,44,0,2.6777,-0.81836,-0.66921,31
219,44,0,2.582,-0.74023,-0.33461,12
219,44,0,2.6406,-0.66602,-0.33461,55
219,44,0,2.6875,-0.63672,-0.33461,93
219,44,0,2.7324,-0.60938,-0.33461,66
220,30,0,2.6621,0.36133,0,7
220,30,0,2.7227,0.083984,0,21
220,30,0,2.7617,0.011719,0,18
220,30,0.087891,2.7891,-0.23828,0,9
220,30,0,2.6484,0.027344,0.33461,13
220,30,-0.083984,2.6797,0.16602,0.33461,39
220,30,-0.16992,2.707,0.24023,0.33461,47
220,30,0,2.7383,0.35352,0.33461,20
220,30,0,2.7969,0.13477,0.33461,32
220,30,0,2.834,0.1543,0.33461,26
220,30,-0.16406,2.5742,0.40039,0.66921,18
220,30,-0.16602,2.6113,0.4043,0.66921,45
220,30,-0.083984,2.6582,0.38281,0.66921,75
220,30,-0.16992,2.6953,0.35352,0.66921,77
220,30,-0.17188,2.7285,0.39648,0.66921,38
220,30,-0.16406,2.543,0.56641,1.0038,26
220,30,-0.16602,2.5859,0.55078,1.0038,52
220,30,-0.16797,2.6191,0.57031,1.0038,63
220,30,-0.085938,2.6699,0.53125,1.0038,50
220,30,-0.17188,2.6914,0.5957,1.0038,25
220,30,-0.16602,2.5469,0.70508,1.3384,22
220,30,-0.16797,2.5938,0.67773,1.3384,22
220,30,0.085938,2.7363,-0.36719,-0.66921,17
220,30,0.087891,2.7578,-0.47852,-0.66921,15
220,30,0.085938,2.7227,-0.0019531,-0.33461,22
220,30,0.085938,2.7539,-0.20313,-0.33461,51
220,30,0.17578,2.7754,-0.32227,-0.33461,45
220,30,0.26563,2.8125,-0.26758,-0.33461,20
220,30,0.26953,2.8457,-0.30273,-0.33461,19
220,30,0.27344,2.8867,-0.28711,-0.33461,18
221,29,-0.16992,2.6973,0.33984,0,16
221,29,-0.17188,2.7441,0.25195,0,45
221,29,-0.087891,2.793,0.16016,0,41
221,29,0,2.834,-0.12891,0,10
221,29,0,2.8691,0.20117,0,10
221,29,-0.18164,2.8965,0.24805,0,15
221,29,-0.083984,2.6504,0.42383,0.33461,39
221,29,-0.085938,2.6934,0.39648,0.33461,107
221,29,-0.085938,2.7383,0.3457,0.33461,133
221,29,-0.087891,2.7852,0.27734,0.33461,82
221,29,0,2.8359,0.066406,0.33461,11
221,29,0,2.875,0.054688,0.33461,30
221,29,0,2.9121,-0.037109,0.33461,39
221,29,-0.083984,2.6289,0.54492,0.66921,70
221,29,-0.085938,2.666,0.55273,0.66921,185
221,29,-0.085938,2.7051,0.55078,0.66921,200
221,29,-0.17578,2.7461,0.51367,0.66921,92
221,29,-0.16797,2.5938,0.67383,1.0038,51
221,29,-0.085938,2.6348,0.68359,1.0038,125
221,29,-0.17188,2.6699,0.68359,1.0038,125
221,29,-0.087891,2.707,0.70703,1.0038,50
221,29,-0.16797,2.4883,0.99805,1.3384,13
221,29,-0.16992,2.5742,0.87695,1.3384,32
221,29,-0.17188,2.6172,0.86719,1.3384,32
221,29,-0.17578,2.6641,0.8457,1.3384,14
221,29,0,2.6504,-0.63281,-0.33461,11
221,29,0.17969,2.8105,-0.58203,-0.33461,19
221,29,0.18164,2.8418,-0.61328,-0.33461,20
221,29,2.748,0.66016,0.24219,0.33461,9
222,28,-0.16992,2.7148,0.1543,0,19
222,28,-0.085938,2.75,0.24414,0,95
222,28,-0.17578,2.7813,0.26953,0,169
222,28,-0.087891,2.8242,0.25,0,137
222,28,-0.17969,2.8555,0.2832,0,38
222,28,-0.16992,2.7051,0.26758,0.33461,33
222,28,-0.17188,2.7227,0.43164,0.33461,181
222,28,-0.17578,2.7559,0.46094,0.33461,360
222,28,-0.17773,2.7969,0.44531,0.33461,320
222,28,-0.089844,2.8457,0.39648,0.33461,121
222,28,-0.25586,2.6406,0.62109,0.66921,20
222,28,-0.17188,2.6738,0.66797,0.66921,135
222,28,-0.17578,2.7129,0.66602,0.66921,306
222,28,-0.17773,2.7578,0.64063,0.66921,316
222,28,-0.17969,2.8047,0.61133,0.66921,147
222,28,0,2.8262,0.70313,0.66921,24
222,28,-0.17188,2.5625,1.0137,1.0038,26
222,28,-0.17578,2.6484,0.89063,1.0038,79
222,28,-0.17773,2.707,0.83008,1.0038,103
222,28,-0.17969,2.7539,0.80469,1.0038,62
222,28,-0.18164,2.7793,0.85156,1.0038,16
222,28,0.16992,2.6836,-0.43945,-0.33461,15
222,28,0.17188,2.748,-0.2207,-0.33461,25
222,28,0,2.7988,0.035156,-0.33461,41
222,28,-0.087891,2.834,0.11133,-0.33461,34
222,28,0.27344,2.8672,-0.43555,-0.33461,19
222,28,-0.76563,1.3145,2.2598,-0.33461,8
222,28,-0.72852,1.2559,2.5254,-0.33461,10
223,21,-0.087891,2.7852,0.2793,0,25
223,21,-0.17773,2.8066,0.38477,0,60
223,21,-0.17969,2.8379,0.42773,0,79
223,21,-0.18164,2.8828,0.38086,0,59
223,21,0,2.9414,0.24609,0,22
223,21,-0.17188,2.7227,0.42578,0.33461,19
223,21,-0.17578,2.7598,0.44141,0.33461,68
223,21,-0.17773,2.7871,0.50391,0.33461,142
223,21,-0.089844,2.832,0.49414,0.33461,174
223,21,-0.091797,2.8691,0.49609,0.33461,120
223,21,-0.091797,2.9063,0.49805,0.33461,43
223,21,-0.17578,2.7129,0.67188,0.66921,29
223,21,-0.17773,2.7344,0.74023,0.66921,71
223,21,-0.089844,2.7832,0.71875,0.66921,96
223,21,-0.18164,2.8105,0.74414,0.66921,72
223,21,-0.18359,2.8613,0.69922,0.66921,27
223,21,0,2.8105,-0.39063,-0.66921,12
223,21,0,2.7598,-0.087891,-0.33461,10
223,21,0,2.7988,-0.042969,-0.33461,24
223,21,0.087891,2.8262,-0.23242,-0.33461,33
223,21,0.17969,2.8418,-0.39844,-0.33461,24
250,2,0.17969,2.8691,0.033203,0.33461,18
250,2,0.27344,2.8965,-0.1543,0.33461,15
251,33,-0.087891,2.793,-0.18555,0,25
251,33,-0.087891,2.832,-0.16602,0,59
251,33,-0.089844,2.8672,-0.20313,0,72
251,33,-0.091797,2.9004,-0.25391,0,51
251,33,0,2.9414,-0.23828,0,25
251,33,5.5703,1.3359,-0.5,0,13
251,33,5.6074,1.3359,-0.52539,0,16
251,33,5.6445,1.3555,-0.50391,0,11
251,33,0,2.7461,0.29883,0.33461,14
251,33,0,2.832,0.17773,0.33461,15
251,33,0,2.8496,0.37695,0.33461,17
251,33,-0.089844,2.7676,-0.77539,-1.0038,13
251,33,0,2.7969,-0.81836,-1.0038,14
251,33,0,2.748,-0.53516,-0.66921,27
251,33,-0.087891,2.793,-0.49414,-0.66921,59
251,33,-0.089844,2.8301,-0.49805,-0.66921,62
251,33,-0.091797,2.8398,-0.64063,-0.66921,45
251,33,0,2.8613,-0.7207,-0.66921,24
251,33,-5.75,0,-1.2168,-0.66921,18
251,33,5.6074,0.51563,-1.3398,-0.66921,25
251,33,-5.8262,0,-1.3145,-0.66921,19
251,33,0,2.7754,-0.36523,-0.33461,47
251,33,-0.087891,2.8164,-0.32813,-0.33461,120
251,33,-0.089844,2.8535,-0.34375,-0.33461,141
251,33,-0.091797,2.8848,-0.40039,-0.33461,96
251,33,0,2.9199,-0.42578,-0.33461,47
251,33,0,2.9434,-0.51367,-0.33461,18
251,33,5.5703,1.166,-0.82227,-0.33461,29
251,33,-5.7891,0,-0.79492,-0.33461,39
251,33,-5.8262,0,-0.83594,-0.33461,29
251,33,-0.35938,5.7383,-0.12891,0,7
251,33,0.17969,5.707,-0.67773,-0.66921,10
251,33,0,5.7285,-0.50195,-0.33461,15
252,38,0,2.7617,-0.0078125,0,14
252,38,0,2.7988,-0.076172,0,34
252,38,0,2.834,-0.12891,0,50
252,38,0,2.8691,-0.18945,0,40
252,38,0,2.9023,-0.25,0,19
252,38,0.085938,2.7207,-0.11719,0.33461,26
252,38,0.085938,2.7559,-0.16406,0.33461,41
252,38,0.087891,2.7891,-0.22656,0.33461,29
252,38,0.44336,2.7969,-0.17773,0.33461,19
252,38,0.53906,2.8223,-0.10547,0.33461,21
252,38,0,2.7617,0.0078125,0.66921,16
252,38,-0.085938,2.6172,-0.75195,-1.673,17
252,38,-0.17188,2.6543,-0.74219,-1.673,34
252,38,-0.17578,2.6914,-0.74805,-1.673,31
252,38,0,2.7637,-0.64648,-1.673,13
252,38,-0.16992,2.623,-0.71484,-1.3384,42
252,38,-0.085938,2.6719,-0.69336,-1.3384,110
252,38,-0.087891,2.7168,-0.67188,-1.3384,123
252,38,-0.087891,2.7559,-0.66602,-1.3384,61
252,38,-0.16992,2.6563,-0.58008,-1.0038,57
252,38,-0.085938,2.7051,-0.54492,-1.0038,159
252,38,-0.087891,2.748,-0.52344,-1.0038,187
252,38,-0.087891,2.7891,-0.51563,-1.0038,102
252,38,0,2.8301,-0.50977,-1.0038,24
252,38,-0.16992,2.6836,-0.43164,-0.66921,30
252,38,-0.085938,2.7344,-0.375,-0.66921,82
252,38,-0.17578,2.7773,-0.30078,-0.66921,89
252,38,-0.26563,2.8242,-0.0039063,-0.66921,28
252,38,0,2.7285,-0.9082,-0.66921,18
252,38,0,2.8242,-0.71289,-0.66921,17
252,38,0,2.6699,-0.53711,-0.33461,18
252,38,0,2.7285,-0.42773,-0.33461,41
252,38,0,2.7813,-0.32031,-0.33461,62
252,38,-0.087891,2.8008,-0.44336,-0.33461,81
252,38,-0.089844,2.8223,-0.54492,-0.33461,69
252,38,-0.091797,2.8555,-0.57422,-0.33461,37
252,38,-0.53125,0.27734,2.7734,0.33461,16
252,38,-0.44922,0.75,2.7383,0.33461,21
253,26,0,2.7598,0.125,0,12
253,26,0,2.7988,0.041016,0,15
253,26,0,2.8301,-0.19531,0,13
253,26,0,2.8359,-0.47656,0,10
253,26,0.085938,2.7109,0.51953,0.33461,16
253,26,0.17578,2.748,0.50977,0.33461,24
253,26,0,2.875,0.054688,0.33461,13
253,26,0,2.9082,0.15234,0.33461,19
253,26,-0.31641,2.3848,-0.80078,-2.3422,11
253,26,-0.16016,2.4609,-0.73047,-2.3422,16
253,26,-0.32227,2.4902,-0.56055,-2.0076,16
253,26,-0.32617,2.4941,-0.70117,-2.0076,12
253,26,-0.16992,2.6738,-0.49609,-0.66921,18
253,26,0,2.7129,-0.51758,-0.66921,19
253,26,0,2.7422,-0.56445,-0.66921,13
253,26,0,2.8223,-0.54688,-0.66921,14
253,26,-0.091797,2.8398,-0.64258,-0.66921,13
253,26,0,2.666,-0.55859,-0.33461,16
253,26,0,2.7188,-0.48047,-0.33461,22
253,26,0,2.7539,-0.50586,-0.33461,19
253,26,-0.17773,2.6504,-0.99805,-0.33461,15
253,26,-0.089844,2.8555,-0.33008,-0.33461,27
253,26,0,2.8926,-0.3418,-0.33461,26
253,26,-1.1211,0.85742,2.373,-0.66921,10
253,26,-1.0508,1.0195,2.3867,-0.66921,7
253,26,-1.1367,0.80078,2.4297,-0.33461,10
254,23,-0.16797,2.6797,0.080078,0,13
254,23,0,2.7207,0.13867,0,12
254,23,0,2.7598,0.125,0,14
254,23,0,2.7988,0.050781,0,13
254,23,0.085938,2.7207,-0.10938,0.33461,11
254,23,0.17188,2.7559,0.0019531,0.33461,29
254,23,0.26172,2.7852,0.10938,0.33461,30
254,23,0.35547,2.8125,0.11328,0.33461,12
254,23,0.26953,2.8496,0.26563,0.33461,16
254,23,-0.22656,2.3848,-0.34766,-1.3384,16
254,23,-0.23047,2.4141,-0.4082,-1.3384,15
254,23,-0.22656,2.3984,-0.25195,-1.0038,11
254,23,-0.30664,2.418,-0.33203,-1.0038,10
254,23,-0.16797,2.6543,-0.38281,-0.66921,18
254,23,-0.16992,2.6914,-0.38086,-0.66921,17
254,23,-0.16602,2.6387,-0.14648,-0.33461,13
254,23,-0.16797,2.6777,-0.13086,-0.33461,24
254,23,-0.25586,2.7109,0.085938,-0.33461,19
254,23,0,2.541,-1.082,-0.33461,15
254,23,0,2.7227,-0.65234,-0.33461,25
254,23,-0.53516,8.5332,0.070313,-0.33461,10
254,23,-0.53125,2.1641,-1.7578,0.33461,11
254,23,-1.0508,0.16211,2.5898,-0.33461,14
255,39,0,2.832,-0.1875,0,20
255,39,0,2.8691,-0.18164,0,16
255,39,0,2.9082,0.1543,0,14
255,39,0,2.9492,0.095703,0,16
255,39,0,2.9883,0.039063,0,13
255,39,0,4.4316,1.1445,0,8
255,39,-0.44336,4.6738,0.57617,0,10
255,39,0,4.75,1.125,0,9
255,39,-0.30664,4.8301,0.87891,0,14
255,39,0,2.7598,-0.10742,0.33461,17
255,39,0,2.7988,-0.052734,0.33461,21
255,39,-1.1523,0,2.6191,0.33461,10
255,39,0,2.8066,-0.41797,-0.66921,20
255,39,0,4.7188,0.30664,-0.66921,23
255,39,-0.14844,4.7598,0.23633,-0.66921,26
255,39,0,4.8613,0.44141,-0.66921,13
255,39,0,4.8984,0.43945,-0.66921,20
255,39,-0.1543,4.9375,0.40234,-0.66921,13
255,39,-0.22656,2.4102,0.033203,-0.33461,14
255,39,0,2.7891,-0.25195,-0.33461,42
255,39,0,2.8242,-0.28125,-0.33461,45
255,39,0,2.8555,-0.3418,-0.33461,23
255,39,0,2.9102,-0.11523,-0.33461,33
255,39,0,2.9492,-0.10938,-0.33461,36
255,39,0,2.9785,-0.24609,-0.33461,23
255,39,0,4.5156,0.75586,-0.33461,16
255,39,0,4.5645,0.68164,-0.33461,14
255,39,-0.29492,4.6992,0.43945,-0.33461,24
255,39,-0.29883,4.7285,0.5332,-0.33461,26
255,39,0,4.8125,0.80664,-0.33461,16
255,39,-0.1543,4.8516,0.79102,-0.33461,26
255,39,0,4.8691,0.92188,-0.33461,16
255,39,-0.98828,0,-2.8398,0,9
255,39,-2.1348,3.1563,-3.0508,0,5
255,39,-1.2246,0,2.707,0.33461,11
255,39,-0.087891,2.8359,0.074219,0.33461,9
255,39,-1.9824,2.041,-3.9648,-0.66921,7
255,39,-2.0137,1.7813,-4.1641,-0.66921,7
255,39,-1.9824,2.5059,-3.6895,-0.33461,9
256,22,-0.30273,2.3984,-0.15234,0,9
256,22,-0.30664,2.4355,-0.13281,0,10
256,22,0,2.8652,-0.24023,0,15
256,22,-0.43945,4.5781,0.92188,0,10
256,22,-0.22656,2.4102,0.037109,0.33461,17
256,22,-0.23047,2.4473,0.041016,0.33461,23
256,22,-0.3125,2.4766,0.070313,0.33461,19
256,22,0,2.834,0.14258,0.33461,32
256,22,0,2.875,0.041016,0.33461,47
256,22,0,2.9121,-0.029297,0.33461,32
256,22,-0.22656,2.4063,0.15039,0.66921,12
256,22,-0.23047,2.4395,0.21094,0.66921,20
256,22,-0.23438,2.4766,0.22266,0.66921,18
256,22,0,2.8652,0.23242,0.66921,18
256,22,-0.28906,2.2695,0.29688,1.0038,16
256,22,-0.29297,2.3223,0.1543,1.0038,12
256,22,0,2.7988,-0.087891,-0.33461,19
256,22,0,2.8359,-0.09375,-0.33461,24
256,22,0.089844,2.8672,-0.20508,-0.33461,33
256,22,0.091797,2.9023,-0.24023,-0.33461,28
256,22,0,2.9375,-0.28906,-0.33461,21
256,22,0,2.9824,-0.20313,-0.33461,15
257,33,0,2.6484,-0.03125,0,15
257,33,-0.083984,2.6816,-0.13477,0,29
257,33,0,2.7148,-0.22852,0,49
257,33,0,2.75,-0.25586,0,53
257,33,0,2.7852,-0.28125,0,30
257,33,0,2.8164,-0.34375,0,12
257,33,0,2.8438,-0.42383,0,12
257,33,0,2.877,-0.45313,0,11
257,33,-0.24414,2.5879,0.23242,0.33461,13
257,33,-0.16602,2.6406,0.12109,0.33461,25
257,33,-0.16797,2.6758,0.16406,0.33461,22
257,33,0.085938,2.7227,0.046875,0.33461,12
257,33,0,2.7617,-0.0078125,0.33461,30
257,33,0,2.7988,-0.042969,0.33461,33
257,33,-0.24805,2.6152,0.33203,0.66921,17
257,33,-0.23047,2.3965,0.49805,1.0038,21
257,33,-0.23438,2.4551,0.38672,1.0038,34
257,33,-0.23828,2.5039,0.31836,1.0038,23
257,33,-0.30664,2.3242,0.74414,1.3384,15
257,33,-0.3125,2.4063,0.58594,1.3384,36
257,33,-0.31641,2.4688,0.48047,1.3384,26
257,33,-0.30273,2.3477,0.50977,1.673,14
257,33,0,2.6328,-0.53125,-0.66921,13
257,33,0,2.6563,-0.60742,-0.66921,36
257,33,0.085938,2.7051,-0.54883,-0.66921,47
257,33,0,2.7188,-0.66797,-0.66921,32
257,33,0,2.7578,-0.66602,-0.66921,15
257,33,0,2.6484,-0.45117,-0.33461,35
257,33,0,2.6914,-0.41797,-0.33461,92
257,33,0,2.7305,-0.41602,-0.33461,119
257,33,0,2.7617,-0.46289,-0.33461,82
257,33,0,2.7813,-0.56055,-0.33461,39
257,33,0,2.8691,-0.18359,-0.33461,27
258,30,0,2.7285,-0.43164,0,10
258,30,-0.087891,2.7891,-0.22852,0,17
258,30,0,2.8359,-0.070313,0,21
258,30,0,2.875,0.039063,0,14
258,30,-0.087891,2.793,0.16602,0.33461,27
258,30,0,2.8301,0.19336,0.33461,28
258,30,-0.16406,2.5742,0.40234,0.66921,17
258,30,-0.24805,2.6172,0.32422,0.66921,35
258,30,-0.16797,2.6621,0.32227,0.66921,39
258,30,-0.16992,2.7109,0.19922,0.66921,19
258,30,-0.30859,3.1699,-0.83203,0.66921,17
258,30,-0.20898,3.2695,-0.58789,0.66921,19
258,30,-0.16016,2.5176,0.50586,1.0038,45
258,30,-0.16406,2.5684,0.43945,1.0038,86
258,30,-0.16602,2.6094,0.42578,1.0038,86
258,30,-0.16797,2.6445,0.4375,1.0038,56
258,30,-0.16992,2.6797,0.45898,1.0038,22
258,30,-0.3125,3.1719,-0.96484,1.0038,13
258,30,-0.23828,2.4434,0.62891,1.3384,13
258,30,-0.16016,2.4902,0.625,1.3384,64
258,30,-0.24414,2.5332,0.58203,1.3384,116
258,30,-0.24805,2.5781,0.55664,1.3384,95
258,30,-0.25195,2.6289,0.49609,1.3384,38
258,30,-0.24023,2.4648,0.69727,1.673,31
258,30,-0.24414,2.498,0.7168,1.673,51
258,30,-0.24805,2.543,0.69531,1.673,37
258,30,0,2.6367,-0.68164,-0.33461,15
258,30,0,2.709,-0.54297,-0.33461,18
258,30,0,2.7949,-0.15625,-0.33461,18
258,30,0,2.7988,0.46875,-0.33461,17
259,31,0,2.7578,-0.14453,0,15
259,31,-0.087891,2.7988,-0.015625,0,16
259,31,0,2.832,-0.16211,0,11
259,31,0,2.6816,0.14453,0.33461,23
259,31,-0.085938,2.7168,0.17188,0.33461,55
259,31,-0.085938,2.7578,0.10352,0.33461,48
259,31,0,2.791,0.21875,0.33461,9
259,31,-0.17773,2.8262,0.17578,0.33461,18
259,31,-0.16797,2.6406,0.4668,0.66921,54
259,31,-0.16992,2.6855,0.42383,0.66921,126
259,31,-0.085938,2.7344,0.38086,0.66921,120
259,31,-0.17578,2.7734,0.33594,0.66921,43
259,31,-0.24805,2.5391,0.71094,1.0038,12
259,31,-0.16797,2.6094,0.61328,1.0038,69
259,31,-0.16992,2.6543,0.58789,1.0038,165
259,31,-0.17188,2.7012,0.54688,1.0038,168
259,31,-0.17578,2.7461,0.51172,1.0038,72
259,31,-0.16797,2.5703,0.76563,1.3384,40
259,31,-0.16992,2.6191,0.72852,1.3384,105
259,31,-0.17188,2.666,0.70313,1.3384,115
259,31,-0.17578,2.707,0.69336,1.3384,55
259,31,-0.16992,2.5664,0.89844,1.673,21
259,31,-0.25977,2.5938,0.91016,1.673,25
259,31,-0.34961,2.627,0.90234,1.673,13
259,31,0,2.6406,-0.49414,-0.33461,11
259,31,0.085938,2.6699,-0.53125,-0.33461,26
259,31,0.085938,2.6797,-0.66406,-0.33461,24
259,31,0,2.7305,-0.61523,-0.33461,15
259,31,0,2.8281,-0.23828,-0.33461,24
259,31,0.36328,2.8262,-0.60352,-0.33461,18
259,31,-1.4004,0,-2.7266,0.33461,6
260,29,-0.085938,2.6953,0.38477,0,25
260,29,-0.17188,2.7422,0.27539,0,87
260,29,-0.087891,2.7891,0.23242,0,125
260,29,-0.17773,2.8242,0.2207,0,85
260,29,-0.17969,2.8633,0.19727,0,28
260,29,-0.085938,2.707,0.29688,0.33461,71
260,29,-0.085938,2.7344,0.37891,0.33461,190
260,29,-0.087891,2.7715,0.39258,0.33461,218
260,29,-0.087891,2.8145,0.35547,0.33461,129
260,29,0,2.8672,0.22852,0.33461,47
260,29,-0.16992,2.6602,0.56445,0.66921,40
260,29,-0.17188,2.6797,0.64648,0.66921,106
260,29,-0.17578,2.6934,0.74219,0.66921,111
260,29,-0.17773,2.748,0.68555,0.66921,102
260,29,-0.17969,2.8105,0.58398,0.66921,60
260,29,-0.3457,2.5273,1.0586,1.0038,14
260,29,-0.17578,2.6738,0.81055,1.0038,78
260,29,-0.17773,2.7246,0.76953,1.0038,130
260,29,-0.17969,2.7813,0.70898,1.0038,89
260,29,-0.18164,2.8516,0.56836,1.0038,19
260,29,-0.17578,2.6309,0.94141,1.3384,20
260,29,-0.17773,2.6621,0.96484,1.3384,36
260,29,-0.26953,2.7148,0.9082,1.3384,28
260,29,0.085938,2.7051,-0.54688,-0.66921,13
260,29,0.085938,2.6719,-0.52734,-0.33461,26
260,29,0.085938,2.7129,-0.51172,-0.33461,34
260,29,0.17578,2.7852,-0.22461,-0.33461,28
260,29,0.26953,2.8398,-0.35938,-0.33461,24
260,29,0.27344,2.8789,-0.34961,-0.33461,22
261,22,-0.17773,2.7832,0.52734,0,49
261,22,-0.089844,2.832,0.48633,0,84
261,22,-0.18164,2.8711,0.45703,0,67
261,22,-0.18359,2.9082,0.46289,0,33
261,22,0,2.6934,-0.40234,0.33461,19
261,22,0,2.752,-0.23047,0.33461,26
261,22,0,2.6816,0.80664,0.33461,25
261,22,-0.17773,2.7441,0.69922,0.33461,93
261,22,-0.17969,2.7813,0.71094,0.33461,150
261,22,-0.18164,2.8281,0.67383,0.33461,115
261,22,-0.18359,2.8848,0.59766,0.33461,61
261,22,-0.26563,2.6758,0.9043,0.66921,54
261,22,-0.17969,2.7363,0.86719,0.66921,95
261,22,-0.27344,2.7773,0.83789,0.66921,75
261,22,-0.18359,2.832,0.8125,0.66921,40
261,22,-0.26953,2.7188,0.89844,1.0038,11
261,22,0,2.6523,-0.62305,-0.33461,10
261,22,0.085938,2.7324,-0.39258,-0.33461,14
261,22,0,2.7988,-0.046875,-0.33461,20
261,22,0,2.8359,-0.11523,-0.33461,31
261,22,0,2.875,-0.019531,-0.33461,29
261,22,-0.18164,2.9043,0.13672,-0.33461,17
262,18,0,2.7988,-0.058594,0,9
262,18,-0.18164,2.8789,0.4043,0,14
262,18,0,2.7227,-0.076172,0.33461,24
262,18,-0.085938,2.7598,-0.0039063,0.33461,33
262,18,-0.087891,2.7852,0.27734,0.33461,37
262,18,-0.17773,2.8105,0.34766,0.33461,28
262,18,-0.089844,2.7754,0.74414,0.33461,33
262,18,-0.18164,2.8398,0.625,0.33461,50
262,18,-0.18359,2.9023,0.50586,0.33461,30
262,18,0,2.75,0.26172,0.66921,11
262,18,-0.26172,2.7598,0.38672,0.66921,12
262,18,-0.18164,2.8066,0.75586,0.66921,18
262,18,0,2.6719,-0.52734,-0.33461,18
262,18,0,2.7363,-0.375,-0.33461,23
262,18,0,2.7969,-0.13086,-0.33461,22
262,18,0,2.8379,0,-0.33461,16
262,18,-0.089844,2.8574,0.30859,-0.33461,21
262,18,-0.18164,2.8984,0.23242,-0.33461,25
263,6,0,2.7969,0.11328,0.33461,14
263,6,-0.087891,2.8047,0.41406,0.33461,17
263,6,0,2.8418,0.4375,0.33461,13
263,6,0,2.7852,-0.28711,-0.33461,12
263,6,0,2.834,-0.14844,-0.33461,16
263,6,0,2.873,-0.10547,-0.33461,12
264,6,0,2.7168,0.82227,0.33461,10
264,6,0,2.8398,0.45313,0.33461,16
264,6,0,2.8594,0.55664,0.33461,12
264,6,-0.17773,2.8008,0.41602,-0.33461,12
264,6,-0.089844,2.8672,0.20117,-0.33461,17
264,6,0,2.8984,0.29883,-0.33461,15
287,1,0,2.8516,-0.37305,-0.33461,11
288,6,-0.17773,2.8223,-0.22656,0.33461,13
288,6,-0.17969,2.8438,-0.38086,0.33461,14
288,6,0,2.7363,-0.58984,-0.33461,11
288,6,0,2.7676,-0.62695,-0.33461,17
288,6,0,2.7832,-0.72656,-0.33461,21
288,6,-0.091797,2.8555,-0.57422,-0.33461,16
289,8,-0.17969,2.8379,-0.42188,0,13
289,8,-0.091797,2.8457,-0.61914,0,15
289,8,0,2.7344,-0.88867,-0.66921,14
289,8,0,2.7168,-1.0547,-0.66921,16
289,8,0,2.8164,-0.34766,-0.33461,16
289,8,0,2.8125,-0.5957,-0.33461,31
289,8,0,2.8223,-0.7207,-0.33461,34
289,8,0,2.8301,-0.83398,-0.33461,18
290,20,0,2.7988,0.091797,0,17
290,20,-0.087891,2.8359,0.025391,0,28
290,20,-0.089844,2.8711,-0.11328,0,23
290,20,0,2.8828,-0.41602,0,12
290,20,-5.7129,0,-0.41602,0,9
290,20,5.5703,1.3027,-0.58008,0,12
290,20,0,2.7949,0.14648,0.33461,14
290,20,0,2.8359,0.10742,0.33461,18
290,20,0,2.7207,-0.80469,-1.0038,19
290,20,0,2.7305,-0.90039,-1.0038,15
290,20,-0.17773,2.7363,-0.72852,-0.66921,27
290,20,-0.089844,2.793,-0.67773,-0.66921,38
290,20,-0.091797,2.8164,-0.74023,-0.66921,24
290,20,-0.087891,2.7988,-0.029297,-0.33461,29
290,20,-0.087891,2.832,-0.1582,-0.33461,53
290,20,0,2.8594,-0.30859,-0.33461,49
290,20,0,2.875,-0.4668,-0.33461,31
290,20,5.5703,1.1367,-0.86133,-0.33461,19
290,20,-0.53516,5.6875,-0.0019531,0,5
290,20,-0.17969,2.8496,-0.34375,-0.33461,49
291,32,-0.25977,2.7402,-0.22656,0,15
291,32,-0.17578,2.793,-0.039063,0,31
291,32,-0.087891,2.8359,-0.035156,0,34
291,32,-0.089844,2.8711,-0.13477,0,21
291,32,0,2.8887,-0.37891,0,12
291,32,0,2.7188,-0.17578,0.33461,16
291,32,0.17188,2.7402,0.29688,0.33461,22
291,32,0,2.6973,0.75,0.33461,15
291,32,-0.17773,2.8301,0.089844,0.33461,27
291,32,-0.26953,2.8594,0.14844,0.33461,23
291,32,-0.25586,2.584,-0.82227,-2.0076,13
291,32,0,2.6172,-0.88281,-2.0076,12
291,32,-0.16992,2.6289,-0.68945,-1.673,21
291,32,-0.17188,2.6621,-0.71875,-1.673,18
291,32,0,2.6738,-0.69531,-1.3384,18
291,32,0,2.6777,-0.81641,-1.3384,15
291,32,-0.16992,2.6797,-0.46289,-1.0038,32
291,32,-0.085938,2.7168,-0.48828,-1.0038,59
291,32,-0.087891,2.748,-0.52539,-1.0038,49
291,32,0,2.7832,-0.55469,-1.0038,22
291,32,-0.16992,2.6738,-0.49609,-0.66921,28
291,32,-0.17188,2.7168,-0.46875,-0.66921,42
291,32,-0.17578,2.7559,-0.46484,-0.66921,25
291,32,-0.087891,2.8027,-0.43555,-0.66921,23
291,32,0,2.832,-0.49414,-0.66921,20
291,32,0,2.6973,-0.38281,-0.33461,22
291,32,0,2.7617,-0.058594,-0.33461,37
291,32,0,2.7988,-0.0039063,-0.33461,61
291,32,-0.087891,2.834,-0.099609,-0.33461,68
291,32,0,2.873,-0.10352,-0.33461,39
291,32,0,2.8945,-0.32813,-0.33461,20
291,32,-1.2246,1.1953,2.2168,-1.3384,8
292,28,0,2.7227,-0.089844,0,13
292,28,0,2.7617,0,0,21
292,28,0,2.7871,0.25781,0,14
292,28,-0.26563,2.7266,-0.74023,0,8
292,28,0,2.8477,-0.39258,0,14
292,28,0,2.9043,-0.2207,0,11
292,28,0.085938,2.7207,0.085938,0.33461,27
292,28,0.085938,2.7559,0.17578,0.33461,59
292,28,0.087891,2.791,0.20703,0.33461,69
292,28,0.087891,2.8203,0.29688,0.33461,39
292,28,-0.091797,2.9082,0.125,0.33461,19
292,28,0,2.7402,0.33984,0.66921,20
292,28,0.087891,2.7715,0.38086,0.66921,24
292,28,-0.39063,2.3867,-0.62109,-2.0076,12
292,28,-0.23828,2.4629,-0.55273,-2.0076,19
292,28,-0.16016,2.5117,-0.53516,-2.0076,13
292,28,-0.083984,2.666,-0.31641,-0.66921,13
292,28,-0.16992,2.6934,-0.36328,-0.66921,14
292,28,0.087891,2.7676,-0.41406,-0.66921,15
292,28,0,2.7832,-0.54883,-0.66921,20
292,28,0,2.7012,-0.35547,-0.33461,14
292,28,0.17188,2.748,-0.20898,-0.33461,27
292,28,0.087891,2.7871,-0.25977,-0.33461,44
292,28,0.087891,2.8184,-0.32031,-0.33461,50
292,28,0,2.8398,-0.44922,-0.33461,28
292,28,-1.3301,0,2.5957,0,5
292,28,-1.168,0,2.6328,0,8
292,28,-0.77734,0,-2.6523,-0.33461,14
293,24,0,2.6465,0.10352,0,10
293,24,0,2.6836,-0.11523,0,23
293,24,0,2.7129,-0.23633,0,29
293,24,0,2.7441,-0.31055,0,18
293,24,0,2.666,-0.33203,0.33461,19
293,24,0,2.709,-0.2793,0.33461,37
293,24,0,2.7578,-0.15039,0.33461,33
293,24,0,2.7988,0.015625,0.33461,26
293,24,0.087891,2.8359,0.025391,0.33461,23
293,24,0,2.875,0.082031,0.33461,22
293,24,0,2.9121,0.070313,0.33461,24
293,24,0.091797,2.9492,-0.0039063,0.33461,16
293,24,0,2.7207,-0.14258,0.66921,13
293,24,-0.23438,2.4512,-0.41211,-1.0038,12
293,24,-0.23047,2.4453,-0.13281,-0.66921,11
293,24,-0.3125,2.4707,-0.1875,-0.66921,14
293,24,-0.083984,2.6797,-0.16797,-0.66921,22
293,24,-0.16602,2.6426,-0.087891,-0.33461,18
293,24,-0.16797,2.6816,0.021484,-0.33461,29
293,24,-0.25586,2.7109,0.095703,-0.33461,21
293,24,0,2.8281,-0.24023,-0.33461,17
293,24,0,2.8711,0.14258,-0.33461,18
293,24,0,2.9121,-0.10156,-0.33461,24
293,24,0.091797,2.9375,-0.27344,-0.33461,14
294,17,-0.18359,2.9258,0.33984,0,14
294,17,0,2.9805,0.23633,0,13
294,17,-0.28516,4.4609,0.98633,0,10
294,17,0,2.7539,-0.21094,0.33461,18
294,17,0,2.7891,-0.24609,0.33461,20
294,17,0,2.9121,0.09375,0.33461,20
294,17,0,2.9063,-0.20313,-0.66921,14
294,17,0,2.9238,-0.40625,-0.66921,19
294,17,0,2.9629,-0.39063,-0.66921,18
294,17,-0.2832,4.5137,0.40039,-0.66921,22
294,17,-0.28516,4.5488,0.43555,-0.66921,28
294,17,0,2.873,-0.12695,-0.33461,20
294,17,0,2.9121,-0.074219,-0.33461,25
294,17,0,2.9473,-0.16211,-0.33461,29
294,17,0,2.9785,-0.24219,-0.33461,24
294,17,-0.2832,4.4648,0.76758,-0.33461,20
294,17,-0.14258,4.5215,0.70508,-0.33461,26
295,25,0,2.7109,-0.26367,0,25
295,25,0,2.7559,-0.18164,0,44
295,25,-0.087891,2.7891,-0.23438,0,39
295,25,0,2.832,-0.16992,0,18
295,25,-0.24414,2.5957,0.13477,0.33461,17
295,25,-0.24805,2.6328,0.13867,0.33461,17
295,25,-0.2207,2.3027,0.38672,0.66921,14
295,25,-0.22266,2.3555,0.28906,0.66921,22
295,25,-0.22656,2.4023,0.19141,0.66921,22
295,25,-0.1543,2.4492,0.16016,0.66921,22
295,25,-0.2207,2.3008,0.40234,1.0038,17
295,25,-0.22266,2.3438,0.37109,1.0038,29
295,25,-0.22656,2.3809,0.37305,1.0038,26
295,25,-0.23047,2.4297,0.30859,1.0038,18
295,25,-0.29883,2.3125,0.49609,1.3384,11
295,25,0.085938,2.6875,-0.44141,-0.66921,20
295,25,0,2.709,-0.54102,-0.66921,41
295,25,0,2.7441,-0.55859,-0.66921,39
295,25,0,2.7793,-0.57617,-0.66921,20
295,25,0,2.7012,-0.35938,-0.33461,36
295,25,0,2.7363,-0.36914,-0.33461,73
295,25,0,2.7676,-0.42383,-0.33461,73
295,25,0,2.8086,-0.40039,-0.33461,39
295,25,0,4.8047,0.85742,-0.33461,15
295,25,-1.9824,2.793,-3.4766,-0.33461,8
296,24,-0.16992,2.7148,-0.15234,0,17
296,24,-0.17188,2.7402,-0.29688,0,26
296,24,-0.087891,2.7754,-0.35938,0,20
296,24,0,2.8145,-0.36328,0,14
296,24,0,2.873,-0.12891,0,11
296,24,-0.083984,2.6855,-0.023438,0.33461,17
296,24,0,2.7207,0.125,0.33461,23
296,24,0,2.7598,0.11328,0.33461,23
296,24,-0.1582,2.5059,0.34375,0.66921,11
296,24,-0.24023,2.5508,0.22461,0.66921,14
296,24,-0.23438,2.457,0.38086,1.0038,22
296,24,-0.23828,2.4883,0.42383,1.0038,36
296,24,-0.16016,2.5391,0.37891,1.0038,34
296,24,-0.24414,2.5762,0.3457,1.0038,14
296,24,-0.23047,2.4141,0.41211,1.3384,14
296,24,-0.23438,2.4336,0.50586,1.3384,26
296,24,-0.23828,2.4668,0.5332,1.3384,37
296,24,-0.24023,2.5176,0.47656,1.3384,28
296,24,-0.3125,2.4102,0.57031,1.673,11
296,24,0.085938,2.6836,-0.45508,-0.33461,20
296,24,-0.3457,2.7363,-0.14258,-0.33461,27
296,24,-0.34961,2.7168,-0.58203,-0.33461,29
296,24,0,2.793,-0.49609,-0.33461,29
296,24,0,2.8477,-0.4043,-0.33461,22
297,34,0,2.7188,-0.15625,0,13
297,34,-0.085938,2.7578,-0.10547,0,16
297,34,0,2.7988,-0.064453,0,12
297,34,0,2.8672,0.22852,0,17
297,34,0,2.7207,-0.13672,0.33461,19
297,34,0,2.7617,0.035156,0.33461,35
297,34,0,2.7988,0.035156,0.33461,34
297,34,-0.17773,2.8125,0.33789,0.33461,12
297,34,0,2.8438,0.41992,0.33461,31
297,34,0,2.9063,0.21094,0.33461,29
297,34,-0.16602,2.5977,0.48438,0.66921,19
297,34,-0.16797,2.6484,0.41797,0.66921,38
297,34,-0.16992,2.6934,0.37695,0.66921,28
297,34,-0.24414,2.5527,0.48438,1.0038,36
297,34,-0.16602,2.6055,0.44336,1.0038,42
297,34,-0.25195,2.5605,0.76953,1.0038,15
297,34,-0.16992,2.6563,0.58203,1.0038,29
297,34,-0.17188,2.7051,0.52734,1.0038,15
297,34,-0.24023,2.4961,0.57422,1.3384,15
297,34,-0.16406,2.5391,0.58594,1.3384,66
297,34,-0.16602,2.5762,0.58984,1.3384,95
297,34,-0.16797,2.625,0.54688,1.3384,53
297,34,-0.3125,3.2168,-0.79688,1.3384,21
297,34,-0.21094,3.25,-0.85547,1.3384,24
297,34,-0.16406,2.4902,0.76563,1.673,38
297,34,-0.16602,2.5352,0.74609,1.673,58
297,34,-0.25195,2.5703,0.74219,1.673,37
297,34,0,2.6934,-0.61133,-0.66921,15
297,34,0.087891,2.7168,-0.67188,-0.66921,12
297,34,0,2.6094,-0.64063,-0.33461,16
297,34,0,2.6836,-0.46289,-0.33461,35
297,34,0,2.7266,-0.4375,-0.33461,46
297,34,0.087891,2.7539,-0.49805,-0.33461,38
297,34,0.087891,2.7461,-0.71094,-0.33461,17
298,33,-0.25977,2.75,-0.037109,0,14
298,33,-0.17578,2.7949,0.0019531,0,26
298,33,-0.087891,2.8359,-0.033203,0,25
298,33,-0.17969,2.8574,-0.25586,0,13
298,33,0,2.8145,-1.8477,0,13
298,33,-0.16797,2.6602,0.33203,0.33461,35
298,33,-0.085938,2.707,0.28906,0.33461,129
298,33,-0.17188,2.7441,0.26172,0.33461,188
298,33,-0.17578,2.7871,0.19922,0.33461,132
298,33,-0.087891,2.8359,0.064453,0.33461,65
298,33,-0.17969,2.8691,-0.078125,0.33461,28
298,33,0,2.9512,-1.6211,0.33461,25
298,33,-0.16797,2.6074,0.61914,0.66921,56
298,33,-0.16992,2.6621,0.55078,0.66921,208
298,33,-0.17188,2.7109,0.5,0.66921,293
298,33,-0.087891,2.7617,0.44922,0.66921,176
298,33,-0.17773,2.8184,0.27539,0.66921,39
298,33,-0.16797,2.5313,0.88086,1.0038,29
298,33,-0.16992,2.5801,0.85547,1.0038,90
298,33,-0.17188,2.6348,0.80859,1.0038,117
298,33,-0.17578,2.7051,0.70117,1.0038,73
298,33,-0.26563,2.7754,0.53125,1.0038,24
298,33,-0.25586,2.5898,0.80469,1.3384,30
298,33,-0.17188,2.6543,0.74219,1.3384,77
298,33,-0.17578,2.6934,0.74805,1.3384,74
298,33,-0.17773,2.748,0.68555,1.3384,28
298,33,-0.25977,2.6113,0.86328,1.673,20
298,33,-0.26172,2.6289,0.92383,1.673,18
298,33,0,2.6934,-0.4082,-0.33461,16
298,33,0,2.7402,-0.33984,-0.33461,19
298,33,0,2.7832,-0.30664,-0.33461,14
298,33,0,2.7734,-0.60352,-0.33461,17
298,33,-1.3672,2.7793,1.3203,0,7
299,20,0,2.6621,0.57227,0,7
299,20,-0.17188,2.7422,0.28711,0,50
299,20,-0.087891,2.7891,0.23633,0,97
299,20,-0.17773,2.8242,0.21289,0,81
299,20,-0.089844,2.8672,0.20508,0,38
299,20,-0.085938,2.625,0.72266,0.33461,18
299,20,-0.085938,2.7207,0.4668,0.33461,106
299,20,-0.17578,2.7637,0.41211,0.33461,202
299,20,-0.087891,2.8125,0.36914,0.33461,173
299,20,-0.089844,2.8574,0.30664,0.33461,78
299,20,-0.17188,2.6738,0.67383,0.66921,64
299,20,-0.17578,2.7227,0.62891,0.66921,128
299,20,-0.17773,2.7695,0.58984,0.66921,114
299,20,-0.17969,2.8223,0.51758,0.66921,53
299,20,-0.18164,2.8613,0.51563,0.66921,23
299,20,-0.34961,2.5742,1.041,1.0038,15
299,20,-0.26563,2.7051,0.81836,1.0038,13
299,20,0,2.7871,-0.26563,-0.33461,16
299,20,-0.087891,2.8125,-0.36523,-0.33461,20
299,20,0.27344,2.8359,-0.61133,-0.33461,18
300,23,-0.085938,2.6348,-0.82031,0,12
300,23,-0.17578,2.793,0.083984,0,28
300,23,-0.087891,2.8164,0.32617,0,51
300,23,-0.089844,2.8457,0.40625,0,61
300,23,-0.091797,2.8828,0.41211,0,46
300,23,-0.18359,2.9023,0.50195,0,23
300,23,0,2.707,-0.29688,0.33461,20
300,23,-0.17188,2.6836,-0.62891,0.33461,27
300,23,-0.17578,2.7715,0.35938,0.33461,54
300,23,-0.087891,2.791,0.50195,0.33461,103
300,23,-0.089844,2.8223,0.54688,0.33461,128
300,23,-0.091797,2.8613,0.54102,0.33461,96
300,23,-0.091797,2.8828,0.62109,0.33461,47
300,23,-0.17578,2.7285,0.59766,0.66921,23
300,23,-0.087891,2.748,0.70313,0.66921,46
300,23,-0.089844,2.7695,0.76563,0.66921,62
300,23,-0.18164,2.8086,0.75391,0.66921,48
300,23,-0.18359,2.8281,0.82227,0.66921,26
300,23,0,2.6289,-0.71094,-0.33461,14
300,23,0,2.6426,-0.80078,-0.33461,16
300,23,0.087891,2.8359,-0.056641,-0.33461,17
300,23,0.17969,2.8555,-0.27734,-0.33461,22
300,23,0.18164,2.8945,-0.26563,-0.33461,15
301,4,-0.17578,2.7891,0.17383,0.33461,8
301,4,-0.17773,2.7969,0.44141,0.33461,14
301,4,-0.26563,2.8242,-0.019531,-0.33461,9
301,4,-1.3301,0,-2.5313,-0.33461,5
325,3,-0.087891,2.8184,0.31055,0.33461,14
325,3,-0.17773,2.8242,-0.20703,-0.33461,19
325,3,0,2.8672,-0.20703,-0.33461,14
326,11,0,2.793,-0.5,0,8
326,11,0,2.8516,-0.375,0,13
326,11,0,2.8867,-0.39648,0,9
326,11,0,2.7988,0.048828,0.33461,11
326,11,0,2.8242,-0.26953,0.33461,12
326,11,0,2.8652,-0.23047,0.33461,16
326,11,0,2.9121,-0.076172,0.33461,12
326,11,0,2.7715,-0.76953,-0.66921,13
326,11,0,2.752,-0.69336,-0.33461,23
326,11,0,2.8223,-0.55273,-0.33461,35
326,11,0,2.8633,-0.53711,-0.33461,26
327,29,0,2.7949,-0.15039,0,45
327,29,-0.087891,2.8262,-0.23047,0,89
327,29,-0.089844,2.8594,-0.29688,0,83
327,29,-0.091797,2.8867,-0.38477,0,41
327,29,0,2.9043,-0.52734,0,12
327,29,-5.75,0,-0.56445,0,10
327,29,0,2.7207,-0.11719,0.33461,12
327,29,0.085938,2.7598,-0.015625,0.33461,17
327,29,-0.17578,2.7891,0.16602,0.33461,24
327,29,-0.17773,2.8301,-0.10938,0.33461,39
327,29,-0.17969,2.8574,-0.25977,0.33461,31
327,29,-0.27344,2.832,-0.62305,0.33461,12
327,29,-0.17773,2.6816,-0.9082,-1.0038,30
327,29,-0.17969,2.7363,-0.86328,-1.0038,38
327,29,-0.091797,2.7754,-0.88281,-1.0038,20
327,29,-0.087891,2.707,-0.70898,-0.66921,53
327,29,-0.087891,2.748,-0.70313,-0.66921,118
327,29,0,2.7852,-0.71289,-0.66921,127
327,29,-0.091797,2.8066,-0.77734,-0.66921,67
327,29,0,2.6934,-0.40234,-0.33461,12
327,29,0,2.748,-0.27344,-0.33461,28
327,29,-0.087891,2.7715,-0.38672,-0.33461,108
327,29,-0.087891,2.8008,-0.44727,-0.33461,208
327,29,-0.089844,2.8281,-0.50977,-0.33461,198
327,29,0,2.8555,-0.57813,-0.33461,96
327,29,0,2.8672,-0.69727,-0.33461,24
327,29,-5.75,0,-0.98828,-0.33461,19
327,29,5.6074,1.1133,-0.9082,-0.33461,16
327,29,-0.17969,5.7344,-0.39258,-0.33461,10
328,26,-0.25977,2.7461,-0.15625,0,16
328,26,-0.26172,2.7871,0.048828,0,16
328,26,0,2.8203,-0.30469,0,26
328,26,0,2.8535,-0.35156,0,20
328,26,0,2.7207,-0.12305,0.33461,13
328,26,0.17188,2.7559,-0.023438,0.33461,14
328,26,0.087891,2.8359,0,0.33461,14
328,26,0.26953,2.8633,0.0039063,0.33461,15
328,26,-0.085938,2.6563,-0.74805,-1.3384,24
328,26,-0.17578,2.6777,-0.79883,-1.3384,25
328,26,0,2.7539,-0.67969,-1.3384,11
328,26,0,2.6348,-0.69141,-1.0038,34
328,26,-0.17188,2.6836,-0.63281,-1.0038,89
328,26,-0.17578,2.7227,-0.62695,-1.0038,98
328,26,-0.087891,2.7676,-0.62305,-1.0038,49
328,26,-0.25586,2.6641,-0.51172,-0.66921,36
328,26,-0.17188,2.7168,-0.46094,-0.66921,95
328,26,-0.17578,2.752,-0.48438,-0.66921,108
328,26,-0.087891,2.7813,-0.55859,-0.66921,65
328,26,0,2.8164,-0.57617,-0.66921,26
328,26,-0.25977,2.7344,-0.29492,-0.33461,20
328,26,-0.17578,2.5977,-1.0273,-0.33461,20
328,26,-0.087891,2.7695,-0.61523,-0.33461,45
328,26,-0.089844,2.834,-0.47852,-0.33461,36
328,26,0,2.8945,-0.33008,-0.33461,16
328,26,-1.2422,1.3906,2.1387,-1.3384,6
329,38,-0.16992,2.7168,-0.10156,0,21
329,38,-0.17188,2.7559,-0.064453,0,32
329,38,-0.17578,2.7891,-0.16406,0,24
329,38,0,2.8242,-0.28125,0,26
329,38,0,2.8691,-0.19922,0,20
329,38,0,2.7012,-0.35156,0.33461,23
329,38,0,2.7598,-0.125,0.33461,23
329,38,0.35938,2.8398,0.26563,0.33461,16
329,38,-0.31641,2.3457,-0.9082,-2.0076,11
329,38,-0.24023,2.4297,-0.8125,-2.0076,29
329,38,-0.24414,2.4766,-0.78711,-2.0076,35
329,38,-0.24805,2.5254,-0.75586,-2.0076,20
329,38,-0.31641,2.4141,-0.70313,-1.673,13
329,38,-0.24023,2.4746,-0.66406,-1.673,38
329,38,-0.24414,2.5195,-0.63867,-1.673,48
329,38,-0.24805,2.5742,-0.57031,-1.673,30
329,38,-0.32227,2.5,-0.51172,-1.3384,16
329,38,-0.32617,2.5586,-0.40039,-1.3384,22
329,38,-0.16602,2.5977,-0.49219,-1.3384,14
329,38,-0.083984,2.582,-0.73438,-1.3384,16
329,38,-0.16992,2.6367,-0.66406,-1.3384,11
329,38,-0.16602,2.5801,-0.57617,-1.0038,16
329,38,-0.16797,2.6367,-0.48242,-1.0038,23
329,38,-0.085938,2.6426,-0.6543,-1.0038,14
329,38,0,2.709,-0.2793,-0.66921,10
329,38,-0.17188,2.7324,-0.35547,-0.66921,29
329,38,-0.087891,2.7715,-0.38281,-0.66921,31
329,38,0,2.7656,-0.63867,-0.66921,18
329,38,-0.25586,2.7129,-0.015625,-0.33461,18
329,38,-0.25977,2.7461,-0.14648,-0.33461,43
329,38,-0.087891,2.7891,-0.21875,-0.33461,44
329,38,0,2.7969,-0.47461,-0.33461,45
329,38,0,2.8301,-0.50586,-0.33461,24
329,38,5.1777,1.8027,-0.66602,-0.33461,13
329,38,-1.2773,0.94336,2.2129,-1.3384,6
329,38,-0.97461,0,2.6836,-0.66921,10
329,38,-1.0645,0,2.6504,-0.33461,23
329,38,-1.0781,0.56836,2.6035,-0.33461,15
330,19,0,2.7227,-0.0625,0,14
330,19,0,2.7617,-0.029297,0,12
330,19,0,2.8281,-0.24023,0,16
330,19,0,2.8633,-0.26367,0,12
330,19,0.085938,2.7188,-0.13281,0.33461,19
330,19,0.17188,2.7539,-0.12305,0.33461,26
330,19,0.087891,2.7891,-0.23828,0.33461,22
330,19,0,2.8359,-0.083984,0.33461,33
330,19,0,2.8691,-0.20117,0.33461,19
330,19,-0.30273,2.3438,-0.52539,-1.673,13
330,19,-0.30664,2.3711,-0.57227,-1.673,16
330,19,-0.22656,2.3594,-0.5,-1.3384,13
330,19,-0.30664,2.4082,-0.38867,-1.3384,15
330,19,-0.16992,2.7188,-0.060547,-0.66921,13
330,19,-0.25977,2.748,-0.10742,-0.66921,16
330,19,-0.25586,2.7109,-0.042969,-0.33461,19
330,19,0,2.75,-0.25,-0.33461,18
330,19,0.17578,2.6953,-0.73828,-0.33461,14
330,19,-0.69922,2.459,1.1406,-0.33461,10
331,16,-0.29883,2.3594,0.15039,0,8
331,16,0,4.7988,1.0742,0,11
331,16,0,2.7207,-0.14258,0.33461,35
331,16,0,2.7617,-0.076172,0.33461,61
331,16,0,2.7988,-0.082031,0.33461,48
331,16,0,2.7598,0.099609,0.66921,21
331,16,0,2.7988,0.089844,0.66921,17
331,16,-0.28906,2.2871,-0.12109,-0.66921,13
331,16,-0.2207,2.334,-0.087891,-0.66921,20
331,16,-0.22266,2.3633,-0.21094,-0.66921,17
331,16,-0.29297,2.3281,0.015625,-0.33461,18
331,16,-0.22266,2.373,-0.037109,-0.33461,18
331,16,0,2.7402,-0.35156,-0.33461,41
331,16,0.087891,2.7773,-0.33398,-0.33461,32
331,16,0,4.8594,0.76367,-0.33461,21
331,16,0,4.9199,0.60547,-0.33461,19
332,19,-0.2207,2.334,-0.09375,0,7
332,19,-0.22266,2.3691,-0.15039,0,11
332,19,-0.15039,2.4082,-0.19336,0,7
332,19,0,2.9492,0.078125,0,11
332,19,-0.14648,2.3398,-0.078125,0.33461,12
332,19,-0.22266,2.373,0.027344,0.33461,22
332,19,-0.22656,2.4102,0.037109,0.33461,13
332,19,-0.17578,2.7832,0.25,0.33461,20
332,19,-0.17773,2.8203,0.26367,0.33461,24
332,19,-0.29883,2.3613,0.125,0.66921,17
332,19,0,2.7402,-0.34375,-0.66921,17
332,19,0,2.7715,-0.39453,-0.66921,21
332,19,0,2.8164,-0.34375,-0.66921,13
332,19,0,2.9375,-0.27734,-0.66921,11
332,19,0.085938,2.7578,-0.10938,-0.33461,34
332,19,0,2.7988,-0.087891,-0.33461,42
332,19,0,2.8359,-0.0625,-0.33461,26
332,19,0,2.9121,0.025391,-0.33461,14
332,19,0,2.9492,-0.089844,-0.33461,20
333,33,-0.24414,2.5977,0.078125,0,10
333,33,-0.24805,2.6367,-0.0097656,0,15
333,33,0,2.7617,-0.027344,0,17
333,33,0,2.7969,-0.12695,0,25
333,33,0,2.832,-0.17383,0,25
333,33,0,2.8535,-0.34766,0,13
333,33,-0.24414,2.584,0.27148,0.33461,20
333,33,-0.16602,2.6387,0.15625,0.33461,31
333,33,-0.25195,2.6738,0.070313,0.33461,22
333,33,0.085938,2.7207,-0.11914,0.33461,24
333,33,0.085938,2.752,-0.20898,0.33461,34
333,33,0.087891,2.7715,-0.38477,0.33461,23
333,33,0.087891,2.832,-0.16016,0.33461,25
333,33,0.089844,2.8594,-0.28711,0.33461,25
333,33,-0.24805,2.623,0.26172,0.66921,20
333,33,-0.22266,2.3477,0.34766,1.0038,18
333,33,-0.30273,2.3789,0.33008,1.0038,34
333,33,-0.23047,2.4219,0.35352,1.0038,42
333,33,-0.23438,2.4668,0.30664,1.0038,27
333,33,-0.29297,2.2773,0.48047,1.3384,12
333,33,-0.29883,2.3164,0.47461,1.3384,30
333,33,-0.22656,2.3594,0.49805,1.3384,44
333,33,-0.23047,2.3926,0.52148,1.3384,47
333,33,-0.3125,2.4316,0.47266,1.3384,27
333,33,-0.29883,2.2754,0.64258,1.673,17
333,33,-0.22656,2.3203,0.65234,1.673,20
333,33,-0.30664,2.3262,0.73633,1.673,15
333,33,0.085938,2.6133,-0.88867,-0.66921,18
333,33,0.16992,2.6699,-0.51563,-0.33461,32
333,33,0.085938,2.7051,-0.54688,-0.33461,54
333,33,0,2.7305,-0.61719,-0.33461,42
333,33,-0.26563,2.8223,0.13281,-0.33461,26
333,33,-1.0781,0,2.7617,0,7
334,31,0,2.6855,0.019531,0,8
334,31,0,2.7109,-0.25781,0,15
334,31,0,2.7344,-0.38281,0,26
334,31,0,2.7637,-0.45117,0,21
334,31,-0.16797,2.6816,0.013672,0.33461,23
334,31,-0.16992,2.7148,-0.13086,0.33461,38
334,31,-0.085938,2.75,-0.23438,0.33461,37
334,31,0,2.793,-0.17969,0.33461,28
334,31,0,2.8301,0.19531,0.33461,23
334,31,-0.16016,2.5508,0.28516,0.66921,16
334,31,-0.16406,2.5801,0.36328,0.66921,15
334,31,-0.082031,2.6309,0.29297,0.66921,24
334,31,-0.16797,2.6621,0.30859,0.66921,32
334,31,-0.085938,2.7168,0.16992,0.66921,32
334,31,0,2.7598,0.091797,0.66921,21
334,31,-0.23828,2.4531,0.59375,1.0038,15
334,31,-0.24023,2.5215,0.44531,1.0038,35
334,31,-0.24414,2.5625,0.43555,1.0038,33
334,31,-0.24805,2.5938,0.4707,1.0038,22
334,31,-0.16797,2.6426,0.44922,1.0038,21
334,31,-0.24023,2.4941,0.58398,1.3384,30
334,31,-0.24414,2.5488,0.50391,1.3384,29
334,31,0,2.6328,-0.69531,-0.66921,16
334,31,0,2.6484,-0.78516,-0.66921,28
334,31,0,2.6836,-0.79688,-0.66921,22
334,31,0,2.6406,-0.49219,-0.33461,10
334,31,0,2.666,-0.55859,-0.33461,43
334,31,0,2.6973,-0.5918,-0.33461,76
334,31,0,2.7363,-0.59766,-0.33461,61
334,31,0.087891,2.7891,-0.51758,-0.33461,28
334,31,0.089844,2.8516,-0.35938,-0.33461,16
335,30,0,2.7246,0,0,17
335,30,0,2.7617,-0.0097656,0,26
335,30,0,2.7988,-0.087891,0,16
335,30,-0.21094,2.9512,-1.6074,0,9
335,30,-0.16797,2.6699,0.23828,0.33461,17
335,30,0,2.7168,0.18945,0.33461,19
335,30,-0.085938,2.748,0.27148,0.33461,38
335,30,0,2.7871,0.25977,0.33461,28
335,30,0,2.8301,0.21875,0.33461,19
335,30,-0.10547,3.1797,-1.1035,0.33461,16
335,30,-0.16602,2.6172,0.37305,0.66921,38
335,30,-0.083984,2.6621,0.3418,0.66921,59
335,30,-0.16992,2.6973,0.33984,0.66921,54
335,30,-0.17188,2.7324,0.36914,0.66921,40
335,30,-0.17578,2.7773,0.30859,0.66921,21
335,30,-0.24414,2.5391,0.55273,1.0038,21
335,30,-0.16602,2.582,0.56445,1.0038,92
335,30,-0.16797,2.625,0.54102,1.0038,146
335,30,-0.16992,2.668,0.52344,1.0038,106
335,30,-0.17188,2.7246,0.41797,1.0038,37
335,30,-0.24414,2.5,0.71289,1.3384,15
335,30,-0.16602,2.5449,0.71484,1.3384,70
335,30,-0.16797,2.582,0.72266,1.3384,113
335,30,-0.16992,2.6309,0.68555,1.3384,78
335,30,-0.17188,2.6914,0.59766,1.3384,22
335,30,-0.16602,2.5352,0.74414,1.673,14
335,30,-0.25195,2.5391,0.83984,1.673,22
335,30,-0.25586,2.5918,0.79883,1.673,15
335,30,0,2.6992,-0.36914,-0.33461,13
335,30,0,2.7012,-0.57227,-0.33461,13
336,26,-0.085938,2.6914,-0.41211,0,21
336,26,-0.17188,2.7441,-0.25977,0,27
336,26,-0.17578,2.7871,-0.20508,0,19
336,26,0,2.8359,-0.082031,0,11
336,26,-0.16797,2.6602,0.33594,0.33461,23
336,26,-0.085938,2.6914,0.4082,0.33461,94
336,26,-0.085938,2.7168,0.49219,0.33461,147
336,26,-0.17578,2.7305,0.5957,0.33461,92
336,26,-0.62109,1.9863,1.9297,0.33461,10
336,26,0.089844,2.873,-0.083984,0.33461,22
336,26,-0.16797,2.6016,0.65039,0.66921,28
336,26,-0.16992,2.6387,0.65234,0.66921,144
336,26,-0.17188,2.6836,0.62891,0.66921,252
336,26,-0.17578,2.7285,0.60352,0.66921,187
336,26,-0.17773,2.7832,0.52344,0.66921,54
336,26,-0.16797,2.5625,0.78711,1.0038,16
336,26,-0.16992,2.5977,0.80273,1.0038,83
336,26,-0.17188,2.6465,0.77148,1.0038,142
336,26,-0.17578,2.7012,0.7168,1.0038,102
336,26,-0.17773,2.7695,0.5918,1.0038,38
336,26,-0.17773,2.6543,0.98828,1.3384,13
336,26,0,2.7676,-0.41992,-0.33461,11
336,26,0,2.8145,-0.35938,-0.33461,21
336,26,0.26953,2.8359,-0.39258,-0.33461,24
336,26,0.27344,2.8535,-0.51758,-0.33461,18
336,26,0.35547,2.7871,-0.40039,0.33461,8
337,19,0,2.7539,0.19727,0,23
337,19,-0.087891,2.7832,0.29883,0,61
337,19,0,2.8184,0.33008,0,64
337,19,0,2.8652,0.23047,0,30
337,19,-0.25586,2.6641,-0.51172,0.33461,11
337,19,-0.085938,2.7539,0.20313,0.33461,56
337,19,-0.087891,2.7617,0.44922,0.33461,128
337,19,-0.17773,2.7793,0.53906,0.33461,132
337,19,-0.089844,2.8027,0.63281,0.33461,56
337,19,-0.17188,2.6816,0.64063,0.66921,32
337,19,-0.087891,2.6855,0.78906,0.66921,85
337,19,-0.087891,2.7285,0.77344,0.66921,97
337,19,-0.089844,2.7793,0.73242,0.66921,45
337,19,-0.26172,2.6211,0.94727,1.0038,18
337,19,-0.17773,2.7031,0.84375,1.0038,24
337,19,0,2.793,0.67969,1.0038,10
337,19,0,2.7852,-0.28711,-0.33461,16
337,19,-0.17773,2.8281,-0.16016,-0.33461,23
337,19,-0.35938,2.7734,-0.66602,-0.33461,17
338,22,0,2.6621,-0.57227,0,9
338,22,0,2.666,-0.72266,0,12
338,22,0,2.6348,-0.94336,0,8
338,22,-0.089844,2.7695,0.76563,0,26
338,22,-0.18164,2.8516,0.56641,0,38
338,22,-0.091797,2.9102,0.48047,0,26
338,22,-0.085938,2.707,-0.29883,0.33461,29
338,22,-0.085938,2.7402,-0.32617,0.33461,47
338,22,-0.087891,2.7715,-0.38281,0.33461,39
338,22,0,2.7109,-0.83789,0.33461,18
338,22,-0.17969,2.4082,1.5625,0.33461,35
338,22,-0.18164,2.7852,0.83398,0.33461,66
338,22,-0.18359,2.8613,0.69531,0.33461,45
338,22,-0.17188,2.748,-0.21094,0.66921,16
338,22,-0.087891,2.7793,-0.31836,0.66921,13
338,22,-0.26953,2.5898,1.2188,0.66921,19
338,22,-0.18164,2.752,0.9375,0.66921,34
338,22,0,2.6797,-0.48828,-0.33461,15
338,22,0,2.6934,-0.60938,-0.33461,25
338,22,0,2.7676,-0.42773,-0.33461,26
338,22,-0.087891,2.8164,-0.3418,-0.33461,27
338,22,0,2.8555,-0.3457,-0.33461,20
339,11,0,2.7148,-0.22656,0.33461,12
339,11,0,2.7578,-0.13672,0.33461,27
339,11,0,2.7871,-0.26563,0.33461,28
339,11,-0.17773,2.8281,0.15625,0.33461,19
339,11,-0.18164,2.8223,0.69727,0.33461,17
339,11,0,2.8633,0.7168,0.33461,14
339,11,0,2.6875,-0.43945,-0.33461,11
339,11,0,2.7188,-0.48828,-0.33461,20
339,11,0,2.7266,-0.63672,-0.33461,19
339,11,0,2.8379,-0.021484,-0.33461,13
339,11,-0.18164,2.8867,0.3418,-0.33461,11
362,3,0,2.7246,0.44727,0.33461,13
362,3,0,2.7871,0.26172,0.33461,12
362,3,0.085938,2.7598,-0.074219,-0.33461,12
364,6,0,2.7598,0.10938,0.33461,13
364,6,0.087891,2.7949,0.14453,0.33461,13
364,6,0,2.7227,-0.45898,-0.33461,11
364,6,0,2.7813,-0.31445,-0.33461,10
364,6,-0.26953,2.6289,-1.1309,-0.33461,12
364,6,-0.18164,2.7871,-0.82813,-0.33461,13
365,16,-0.17578,2.7539,-0.47656,0,11
365,16,0,2.8086,-0.39844,0,30
365,16,-0.089844,2.8457,-0.4043,0,37
365,16,0,2.8809,-0.42969,0,21
365,16,0.085938,2.7598,-0.070313,0.33461,10
365,16,0,2.7988,-0.048828,0.33461,12
365,16,-0.26563,2.8184,0.20703,0.33461,11
365,16,-0.26953,2.8633,-0.044922,0.33461,13
365,16,0,2.748,-0.70508,-0.66921,26
365,16,0,2.7871,-0.70898,-0.66921,31
365,16,0,2.8301,-0.68945,-0.66921,20
365,16,0,2.7559,-0.49219,-0.33461,29
365,16,0,2.7891,-0.52734,-0.33461,61
365,16,-0.089844,2.8242,-0.5293,-0.33461,72
365,16,0,2.8711,-0.49414,-0.33461,46
365,16,0,2.8984,-0.55273,-0.33461,18
366,35,-0.085938,2.7539,-0.1875,0,30
366,35,-0.087891,2.791,-0.19922,0,78
366,35,-0.17773,2.8242,-0.2168,0,91
366,35,-0.089844,2.8652,-0.21875,0,49
366,35,0,2.8828,-0.42383,0,14
366,35,-5.7129,0,-0.7207,0,13
366,35,5.5703,1.2891,-0.60938,0,15
366,35,5.4277,1.9688,-0.42578,0,9
366,35,0.085938,2.7188,0.13086,0.33461,19
366,35,0,2.752,0.24023,0.33461,32
366,35,0,2.7891,0.24414,0.33461,31
366,35,0.17773,2.8145,0.31445,0.33461,23
366,35,0.26953,2.8477,0.30078,0.33461,16
366,35,0,2.7852,0.29492,0.66921,13
366,35,-0.087891,2.6875,-0.7832,-1.0038,22
366,35,-0.087891,2.7148,-0.81836,-1.0038,21
366,35,0,2.7246,-0.45313,-0.66921,23
366,35,0,2.7539,-0.5,-0.66921,55
366,35,0,2.7871,-0.5293,-0.66921,70
366,35,0,2.8047,-0.63281,-0.66921,45
366,35,0,2.791,-0.83398,-0.66921,17
366,35,-5.7129,0,-1.4824,-0.66921,20
366,35,-5.75,0,-1.2754,-0.66921,26
366,35,5.6074,0,-1.4453,-0.66921,16
366,35,0,2.7109,-0.26367,-0.33461,17
366,35,-0.085938,2.7441,-0.30078,-0.33461,72
366,35,-0.087891,2.7793,-0.32422,-0.33461,157
366,35,-0.087891,2.8125,-0.37109,-0.33461,175
366,35,0,2.8457,-0.41211,-0.33461,97
366,35,0,2.8418,-0.63867,-0.33461,34
366,35,0,2.873,-0.66992,-0.33461,19
366,35,-5.7129,0,-1.1387,-0.33461,26
366,35,-5.75,0,-0.94141,-0.33461,32
366,35,5.6074,0.94336,-1.082,-0.33461,20
366,35,-0.35742,5.6914,-0.35547,0,7
367,28,0,2.75,-0.25781,0,11
367,28,0.085938,2.7168,-0.18164,0.33461,22
367,28,0.17188,2.7559,-0.058594,0.33461,36
367,28,0.17578,2.7891,0.1582,0.33461,34
367,28,0.087891,2.8359,0.060547,0.33461,40
367,28,0.089844,2.873,-0.0097656,0.33461,32
367,28,0.085938,2.7598,-0.058594,0.66921,12
367,28,0.087891,2.7832,0.28516,0.66921,11
367,28,0,2.8223,0.30273,0.66921,13
367,28,-0.25195,2.543,-0.82813,-1.673,28
367,28,-0.16992,2.6113,-0.75586,-1.673,35
367,28,-0.17188,2.6445,-0.7793,-1.673,20
367,28,-0.33008,2.5566,-0.60547,-1.3384,11
367,28,-0.25195,2.5918,-0.65625,-1.3384,33
367,28,-0.16992,2.6445,-0.63281,-1.3384,43
367,28,-0.17188,2.6836,-0.62891,-1.3384,26
367,28,-0.25195,2.627,-0.50391,-1.0038,12
367,28,-0.16992,2.6914,-0.38281,-1.0038,20
367,28,-0.17188,2.7168,-0.4668,-1.0038,16
367,28,0,2.6602,-0.58594,-0.66921,13
367,28,0,2.6953,-0.60742,-0.66921,21
367,28,0,2.6602,-0.58594,-0.33461,20
367,28,0.085938,2.707,-0.53906,-0.33461,29
367,28,0.17578,2.7891,-0.17383,-0.33461,18
367,28,0,2.832,-0.17969,-0.33461,32
367,28,0.089844,2.8555,-0.33398,-0.33461,31
367,28,0,2.8887,-0.38281,-0.33461,18
367,28,-0.78711,0,-2.7754,-0.33461,11
368,16,-0.25586,2.7109,0.037109,0,11
368,16,-0.3457,2.7324,0.19922,0,10
368,16,0,2.7305,0.41406,0.33461,22
368,16,0.087891,2.7754,0.35352,0.33461,22
368,16,-0.3125,2.3828,-0.67773,-2.0076,15
368,16,-0.23828,2.4336,-0.66992,-2.0076,28
368,16,-0.24023,2.4648,-0.69727,-2.0076,23
368,16,-0.3125,2.4336,-0.46484,-1.673,14
368,16,-0.23828,2.4648,-0.53906,-1.673,27
368,16,-0.24023,2.5059,-0.53516,-1.673,24
368,16,-0.32617,2.5391,-0.51563,-1.673,11
368,16,-0.16992,2.6934,-0.375,-0.66921,19
368,16,0,2.7461,-0.28906,-0.66921,19
368,16,-0.085938,2.7188,-0.14258,-0.33461,29
368,16,0,2.7617,-0.076172,-0.33461,37
368,16,0,2.7988,-0.087891,-0.33461,20
369,24,0,2.7598,-0.125,0,10
369,24,0,2.7891,-0.23242,0,18
369,24,0,2.8066,-0.41797,0,16
369,24,0,4.5039,1.0098,0,11
369,24,0.085938,2.7227,0,0.33461,9
369,24,0.085938,2.7461,0.28516,0.33461,32
369,24,0,2.7988,0.085938,0.33461,50
369,24,0,2.8281,-0.23438,0.33461,37
369,24,0.17969,2.8438,-0.38086,0.33461,32
369,24,0.27344,2.8652,-0.44531,0.33461,22
369,24,0,2.7266,0.44141,0.66921,10
369,24,0,2.7891,0.24023,0.66921,19
369,24,0,2.8379,0.041016,0.66921,15
369,24,0.26953,2.8594,-0.1543,0.66921,12
369,24,0,4.6094,0.22656,-0.66921,15
369,24,-0.30078,4.7891,0.24414,-0.66921,15
369,24,0.085938,2.7598,-0.039063,-0.33461,15
369,24,0,2.7988,-0.091797,-0.33461,20
369,24,0.087891,2.7285,-0.77539,-0.33461,19
369,24,0.17969,2.7852,-0.69141,-0.33461,24
369,24,0.18164,2.8105,-0.74414,-0.33461,18
369,24,-0.14453,4.5684,0.64258,-0.33461,22
369,24,0,4.6055,0.66016,-0.33461,15
369,24,-1.875,0,-4.2539,-0.66921,8
370,17,-0.091797,2.9492,-0.083984,0,18
370,17,0,2.9883,-0.080078,0,17
370,17,0,3.0234,0.12891,0,10
370,17,-0.42969,4.4805,0.83984,0,11
370,17,-0.28906,4.5098,0.9375,0,9
370,17,0.085938,2.7598,-0.03125,0.33461,23
370,17,0,2.7988,-0.017578,0.33461,33
370,17,0,2.8359,-0.064453,0.33461,34
370,17,-0.089844,2.8711,-0.125,0.33461,31
370,17,-0.087891,2.8359,-0.058594,0.66921,16
370,17,-0.17969,2.8691,-0.087891,0.66921,15
370,17,-0.28516,4.5645,0.19922,-0.66921,17
370,17,0,2.8984,-0.29492,-0.33461,21
370,17,0,2.9375,-0.27539,-0.33461,32
370,17,0,2.9727,-0.30469,-0.33461,29
370,17,-0.28516,4.5293,0.59766,-0.33461,22
370,17,-0.28906,4.5957,0.30859,-0.33461,17
371,24,-0.30664,2.4395,0.042969,0,8
371,24,0,2.793,0.18164,0,16
371,24,-0.087891,2.8164,0.32813,0,14
371,24,0,2.875,0.021484,0,19
371,24,0,2.9063,-0.18945,0,17
371,24,0.085938,2.7598,-0.056641,0.33461,24
371,24,0.087891,2.7949,-0.13867,0.33461,26
371,24,0,2.8379,-0.023438,0.33461,26
371,24,-0.29297,2.3066,0.31055,0.66921,15
371,24,-0.15625,2.4824,0.21094,0.66921,15
371,24,-0.23828,2.5137,0.22266,0.66921,19
371,24,-0.29297,2.2949,0.38672,1.0038,15
371,24,0.085938,2.7344,-0.38281,-0.66921,23
371,24,0.087891,2.7637,-0.43359,-0.66921,25
371,24,0.087891,2.8047,-0.42188,-0.66921,14
371,24,0,2.7207,-0.12109,-0.33461,19
371,24,0.085938,2.7539,-0.18555,-0.33461,45
371,24,0.087891,2.791,-0.21289,-0.33461,48
371,24,0.17773,2.8262,-0.17969,-0.33461,27
371,24,0.089844,2.8633,-0.24023,-0.33461,17
371,24,0,2.9004,-0.26563,-0.33461,28
371,24,0,2.9375,-0.2793,-0.33461,23
371,24,-0.26563,8.4395,0.7207,-0.33461,21
371,24,-3.4434,2.9531,-7.1582,-0.33461,11
372,36,-0.24805,2.6367,-0.056641,0,17
372,36,-0.083984,2.6836,-0.099609,0,26
372,36,-0.085938,2.7207,-0.087891,0,23
372,36,-0.25977,2.75,-0.058594,0,13
372,36,-0.17578,2.793,-0.09375,0,11
372,36,-0.087891,2.832,-0.15625,0,20
372,36,0,2.8672,-0.21094,0,18
372,36,-0.24414,2.5938,0.16406,0.33461,14
372,36,-0.16602,2.6406,0.10547,0.33461,35
372,36,-0.16797,2.6797,0.09375,0.33461,48
372,36,-0.16992,2.7188,-0.0058594,0.33461,48
372,36,-0.085938,2.7578,-0.10352,0.33461,44
372,36,-0.087891,2.793,-0.1582,0.33461,24
372,36,-0.087891,2.8359,0.080078,0.33461,25
372,36,0,2.875,0.037109,0.33461,23
372,36,-0.23438,2.4688,0.29883,0.66921,35
372,36,-0.23828,2.5117,0.25391,0.66921,46
372,36,-0.24023,2.5469,0.27734,0.66921,30
372,36,-0.16406,2.5898,0.29102,0.66921,19
372,36,-0.16602,2.625,0.31445,0.66921,26
372,36,-0.16797,2.668,0.26758,0.66921,35
372,36,-0.16992,2.709,0.22461,0.66921,33
372,36,-0.17188,2.7539,0.11133,0.66921,24
372,36,-0.23047,2.3945,0.51367,1.0038,24
372,36,-0.23438,2.4375,0.49023,1.0038,62
372,36,-0.23828,2.4844,0.43945,1.0038,76
372,36,-0.16016,2.5391,0.38867,1.0038,46
372,36,-0.16406,2.582,0.3457,1.0038,20
372,36,-0.30664,2.3711,0.57422,1.3384,19
372,36,-0.23438,2.4043,0.62891,1.3384,33
372,36,-0.31641,2.4375,0.62305,1.3384,38
372,36,-0.32227,2.4883,0.57031,1.3384,22
372,36,0,2.6523,-0.61719,-0.33461,21
372,36,0,2.666,-0.71875,-0.33461,24
372,36,0,2.8379,-0.046875,-0.33461,15
372,36,0,2.8672,-0.22852,-0.33461,17
373,30,-0.16797,2.6797,0.060547,0,20
373,30,-0.16992,2.7188,0.037109,0,25
373,30,-0.17188,2.7559,0.015625,0,13
373,30,0,2.793,-0.20117,0,10
373,30,-0.087891,2.834,-0.11719,0,15
373,30,-0.16797,2.668,0.25586,0.33461,17
373,30,-0.16992,2.709,0.22266,0.33461,41
373,30,-0.085938,2.7598,0.019531,0.33461,40
373,30,-0.087891,2.8281,0.20898,0.33461,32
373,30,0,2.8594,0.30859,0.33461,28
373,30,-0.16016,2.5273,0.45117,0.66921,47
373,30,-0.16406,2.5742,0.39648,0.66921,101
373,30,-0.16602,2.6191,0.35938,0.66921,97
373,30,-0.16797,2.6602,0.33984,0.66921,43
373,30,-0.17188,2.7344,0.3418,0.66921,20
373,30,-0.080078,2.4375,0.68945,1.0038,14
373,30,-0.24023,2.4922,0.58789,1.0038,87
373,30,-0.24414,2.541,0.54883,1.0038,185
373,30,-0.24805,2.5859,0.51367,1.0038,174
373,30,-0.16797,2.6328,0.50977,1.0038,81
373,30,-0.16992,2.6777,0.4668,1.0038,21
373,30,-0.24023,2.4531,0.74023,1.3384,52
373,30,-0.24414,2.5078,0.68555,1.3384,108
373,30,-0.24805,2.5527,0.66211,1.3384,97
373,30,-0.25195,2.5938,0.6543,1.3384,40
373,30,-0.32617,2.457,0.81641,1.673,10
373,30,0,2.6816,-0.47852,-0.33461,22
373,30,0.085938,2.709,-0.5293,-0.33461,34
373,30,0.087891,2.7363,-0.58594,-0.33461,23
373,30,0,2.873,-0.11133,-0.33461,15
374,31,-0.16797,2.666,0.28516,0,11
374,31,-0.16992,2.6992,0.32031,0,12
374,31,-0.17188,2.7344,0.3457,0,18
374,31,-0.087891,2.7949,0.13867,0,21
374,31,0,2.8359,0.064453,0,13
374,31,0,2.6387,-2.0918,0,11
374,31,-0.21289,3.2695,-0.92773,0,10
374,31,-0.16602,2.5957,0.49805,0.33461,11
374,31,-0.16797,2.6523,0.38672,0.33461,41
374,31,-0.16992,2.7012,0.31445,0.33461,55
374,31,0,2.7539,0.21875,0.33461,31
374,31,0,2.7949,0.17383,0.33461,45
374,31,-0.087891,2.8223,0.27734,0.33461,36
374,31,-0.21094,2.7598,-1.918,0.33461,17
374,31,-0.10547,3.2246,-1.0898,0.33461,14
374,31,-0.16602,2.582,0.56836,0.66921,40
374,31,-0.083984,2.6328,0.52344,0.66921,140
374,31,-0.16992,2.6738,0.49219,0.66921,196
374,31,-0.17188,2.7227,0.43359,0.66921,104
374,31,-0.24805,2.5371,0.71484,1.0038,40
374,31,-0.16797,2.5918,0.6875,1.0038,140
374,31,-0.16992,2.6387,0.65625,1.0038,193
374,31,-0.17188,2.6875,0.60938,1.0038,112
374,31,-0.26172,2.7324,0.54688,1.0038,24
374,31,-0.24805,2.4668,0.93164,1.3384,13
374,31,-0.25195,2.5313,0.86328,1.3384,42
374,31,-0.25586,2.5898,0.80469,1.3384,57
374,31,-0.25977,2.6445,0.75391,1.3384,33
374,31,0.17188,2.7188,-0.45703,-0.33461,20
374,31,0.087891,2.7695,-0.39648,-0.33461,16
374,31,0,2.8359,0.066406,-0.33461,12
375,23,-0.16992,2.6387,0.65625,0,18
375,23,-0.17188,2.6934,0.58984,0,32
375,23,0,2.7188,0.66992,0,23
375,23,-0.16992,2.6797,0.46484,0.33461,50
375,23,-0.17188,2.6934,0.58789,0.33461,98
375,23,-0.17578,2.6953,0.73828,0.33461,71
375,23,0,2.8203,0.30664,0.33461,10
375,23,-0.089844,2.873,0.10156,0.33461,32
375,23,-0.16992,2.6504,0.60352,0.66921,54
375,23,-0.17188,2.6699,0.6875,0.66921,120
375,23,-0.17578,2.7012,0.71875,0.66921,107
375,23,-0.17773,2.7402,0.7168,0.66921,37
375,23,-0.089844,2.8281,0.50781,0.66921,23
375,23,-0.16992,2.5859,0.83789,1.0038,26
375,23,-0.17188,2.6309,0.82227,1.0038,56
375,23,-0.17578,2.6621,0.8457,1.0038,50
375,23,-0.17773,2.6758,0.92969,1.0038,21
375,23,0,2.7051,-0.32813,-0.33461,10
375,23,-0.085938,2.7559,-0.16992,-0.33461,23
375,23,-0.087891,2.7969,-0.10742,-0.33461,26
375,23,0,2.832,-0.17578,-0.33461,20
375,23,0,2.8418,-0.4375,-0.33461,16
375,23,2.6602,0.51367,0.84375,0.33461,6
376,11,-0.17578,2.7246,0.61719,0,21
376,11,-0.087891,2.793,0.49219,0,36
376,11,-0.089844,2.8516,0.35547,0,26
376,11,-0.25977,2.6172,0.84375,0.33461,18
376,11,-0.17578,2.668,0.83203,0.33461,36
376,11,-0.087891,2.7734,0.59766,0.33461,65
376,11,-0.089844,2.8359,0.46289,0.33461,48
376,11,0,2.8945,0.32422,0.33461,17
376,11,-0.26172,2.6035,0.99414,0.66921,20
376,11,-0.17773,2.7207,0.78516,0.66921,36
376,11,-0.089844,2.7871,0.70117,0.66921,27
377,12,-0.17578,2.7637,0.4082,0,15
377,12,-0.17773,2.793,0.46875,0,20
377,12,-0.17969,2.7852,0.69531,0,10
377,12,0,2.8203,0.72852,0,8
377,12,-0.17578,2.709,0.68164,0.33461,44
377,12,-0.17773,2.7422,0.71094,0.33461,59
377,12,-0.26953,2.7363,0.84375,0.33461,25
377,12,0,2.834,0.67773,0.33461,23
377,12,-0.26172,2.6465,0.875,0.66921,15
377,12,-0.17773,2.6914,0.88281,0.66921,21
377,12,-0.17578,2.7656,0.39648,-0.33461,19
377,12,-0.17773,2.8047,0.38477,-0.33461,26
378,2,0,2.7793,0.56836,-0.33461,14
378,2,0,2.834,0.48633,-0.33461,14
400,15,-0.087891,2.8203,-0.30469,0,18
400,15,0,2.875,-0.013672,0,13
400,15,0,2.8965,-0.30859,0,15
400,15,-0.18359,2.9121,-0.43945,0,20
400,15,-0.09375,2.9629,-0.375,0,11
400,15,-0.17969,2.8184,-0.54297,0.33461,13
400,15,0,2.7695,-0.61914,-0.66921,14
400,15,0,2.8164,-0.74219,-0.66921,15
400,15,0,2.8438,-0.78516,-0.66921,20
400,15,0,2.7871,-0.26563,-0.33461,12
400,15,0,2.7871,-0.5332,-0.33461,34
400,15,0,2.8379,-0.46484,-0.33461,31
400,15,0,2.8711,-0.49219,-0.33461,27
400,15,0,2.8887,-0.59961,-0.33461,37
400,15,0,2.9336,-0.56836,-0.33461,20
401,21,0,2.7168,-0.67383,0,11
401,21,0,2.8379,0.021484,0,23
401,21,0,2.875,-0.076172,0,24
401,21,0,2.9082,-0.16797,0,16
401,21,0,2.666,0.55859,0.33461,11
401,21,0,2.7109,0.52539,0.33461,13
401,21,0,2.8379,-0.050781,0.33461,21
401,21,0,2.875,0,0.33461,12
401,21,-0.17773,2.6602,-0.9707,-1.3384,12
401,21,-0.17969,2.75,-0.82227,-1.3384,12
401,21,-0.17773,2.7598,-0.63281,-1.0038,22
401,21,-0.17969,2.8066,-0.59766,-1.0038,22
401,21,-0.087891,2.7656,-0.43164,-0.66921,26
401,21,0,2.8223,-0.28516,-0.66921,35
401,21,0,2.8652,-0.24023,-0.66921,30
401,21,0,2.8809,-0.42969,-0.66921,18
401,21,0,2.7598,-0.097656,-0.33461,18
401,21,-0.087891,2.7617,-0.44727,-0.33461,30
401,21,-0.17773,2.8223,-0.23633,-0.33461,39
401,21,-0.089844,2.8691,-0.17969,-0.33461,38
401,21,-0.091797,2.9004,-0.26758,-0.33461,27
402,39,0,2.7227,0.074219,0,10
402,39,0.085938,2.7598,0.095703,0,16
402,39,0,2.7988,0.080078,0,16
402,39,0,2.8281,-0.23828,0,32
402,39,0,2.8613,-0.28125,0,29
402,39,0,2.875,-0.46484,0,16
402,39,0.085938,2.7168,0.16797,0.33461,37
402,39,0.085938,2.752,0.20898,0.33461,64
402,39,0,2.7949,0.17578,0.33461,49
402,39,0,2.8359,-0.11328,0.33461,36
402,39,0,2.8672,-0.21875,0.33461,44
402,39,0,2.8984,-0.29297,0.33461,41
402,39,0.091797,2.9277,-0.36328,0.33461,22
402,39,0,2.6953,0.39648,0.66921,13
402,39,0,2.7461,0.29297,0.66921,22
402,39,0,2.7754,0.375,0.66921,16
402,39,0,2.8379,0.027344,0.66921,14
402,39,0,2.8711,-0.15625,0.66921,21
402,39,0,2.9102,-0.12109,0.66921,20
402,39,-0.24805,2.4824,-0.88867,-2.3422,17
402,39,-0.25195,2.5332,-0.85938,-2.3422,17
402,39,-0.16602,2.5449,-0.7168,-2.0076,13
402,39,-0.16797,2.6113,-0.60352,-1.673,17
402,39,-0.085938,2.6504,-0.62305,-1.673,18
402,39,-0.16797,2.6328,-0.50195,-1.3384,15
402,39,-0.16992,2.6719,-0.50195,-1.3384,20
402,39,0,2.707,-0.54492,-1.3384,12
402,39,0,2.6953,-0.39648,-1.0038,14
402,39,0,2.7188,-0.48633,-1.0038,15
402,39,0,2.7617,-0.056641,-0.66921,14
402,39,0,2.7656,-0.63672,-0.66921,17
402,39,0,2.8379,-0.45898,-0.66921,22
402,39,0.085938,2.709,-0.26367,-0.33461,21
402,39,0.085938,2.75,-0.23828,-0.33461,36
402,39,0.17578,2.7695,-0.37305,-0.33461,21
402,39,0,2.8125,-0.38086,-0.33461,28
402,39,-0.089844,2.8457,-0.40039,-0.33461,26
402,39,-1.0645,0.77539,2.5137,-0.66921,9
402,39,-1.1523,0.75,2.4824,-0.33461,15
403,17,0,2.8281,-0.2207,0,9
403,17,0,2.875,0,0,9
403,17,0.085938,2.7129,0.50977,0.33461,35
403,17,0.087891,2.7773,0.3418,0.33461,34
403,17,0.26563,2.8242,0.039063,0.33461,20
403,17,0.089844,2.873,0.0058594,0.33461,21
403,17,0.091797,2.9121,0.050781,0.33461,19
403,17,0.087891,2.7598,0.46094,0.66921,12
403,17,-0.23047,2.3906,-0.5293,-2.0076,15
403,17,-0.3125,2.4355,-0.45117,-2.0076,12
403,17,0,2.7285,-0.43164,-1.0038,13
403,17,0,2.7012,-0.3457,-0.66921,23
403,17,-0.085938,2.748,-0.25781,-0.66921,22
403,17,0,2.6973,-0.37891,-0.33461,19
403,17,0.085938,2.752,0.22852,-0.33461,23
403,17,0.087891,2.793,0.17969,-0.33461,26
403,17,0.087891,2.8359,-0.021484,-0.33461,16
404,21,0,2.6914,-0.42188,0,15
404,21,0,2.6582,-0.39063,0.33461,11
404,21,0,2.6699,-0.54102,0.33461,25
404,21,0.085938,2.6992,-0.57617,0.33461,28
404,21,-0.52539,2.6758,0.63672,0.33461,16
404,21,0.26563,2.7852,-0.46875,0.33461,31
404,21,0.26953,2.8477,-0.29297,0.33461,34
404,21,-0.29883,2.3398,-0.33789,-1.0038,15
404,21,-0.30273,2.377,-0.35156,-1.0038,12
404,21,-0.2207,2.3262,-0.20313,-0.66921,20
404,21,-0.22266,2.3672,-0.17969,-0.66921,32
404,21,-0.30273,2.3945,-0.1875,-0.66921,23
404,21,-0.1543,2.4512,-0.13086,-0.66921,14
404,21,-0.29297,2.3262,-0.041016,-0.33461,14
404,21,-0.29883,2.3652,-0.0097656,-0.33461,21
404,21,-0.30273,2.3984,-0.125,-0.33461,15
404,21,0.17773,2.748,-0.68164,-0.33461,24
404,21,0.26953,2.7813,-0.67773,-0.33461,23
404,21,-0.27344,2.8984,0.11523,-0.33461,13
404,21,0.34961,2.1855,-1.7129,0.33461,15
404,21,-0.70898,2.0156,1.8672,0.33461,17
405,20,0,2.7949,-0.16211,0,16
405,20,0,2.832,-0.17383,0,23
405,20,0,2.873,-0.13672,0,18
405,20,-0.2832,2.248,0.13672,0.33461,16
405,20,-0.28906,2.2891,0.080078,0.33461,21
405,20,-0.29297,2.3262,0.056641,0.33461,18
405,20,-0.22266,2.373,-0.03125,0.33461,10
405,20,0,2.7813,0.32227,0.33461,28
405,20,0.087891,2.834,-0.089844,0.33461,31
405,20,0.17969,2.8145,-0.55859,0.33461,19
405,20,-0.2832,2.2324,0.29883,0.66921,22
405,20,-0.28906,2.2793,0.21289,0.66921,28
405,20,-0.29297,2.3164,0.22461,0.66921,21
405,20,-0.2832,2.1875,0.5332,1.0038,10
405,20,-0.28906,2.252,0.41797,1.0038,12
405,20,0.25977,2.7461,-0.1543,-0.33461,15
405,20,0.26172,2.7637,-0.35742,-0.33461,18
405,20,0.26563,2.7969,-0.40234,-0.33461,20
405,20,0.089844,2.8418,-0.42969,-0.33461,20
405,20,-0.80859,2.0762,1.8164,0.33461,13
406,24,-0.16406,2.6016,0.13477,0.33461,18
406,24,0,2.6465,-0.072266,0.33461,19
406,24,-0.083984,2.6816,-0.14844,0.33461,16
406,24,0,2.7188,-0.17969,0.33461,17
406,24,0,2.7617,-0.060547,0.33461,24
406,24,0,2.7988,-0.060547,0.33461,22
406,24,-0.23047,2.4199,0.36523,0.66921,12
406,24,-0.22656,2.377,0.39648,1.0038,31
406,24,-0.23047,2.418,0.38086,1.0038,52
406,24,-0.23438,2.4648,0.32422,1.0038,32
406,24,-0.14844,2.3242,0.50391,1.3384,17
406,24,-0.22656,2.3613,0.48242,1.3384,39
406,24,-0.23047,2.3945,0.50781,1.3384,59
406,24,-0.23438,2.4453,0.45117,1.3384,42
406,24,-0.22266,2.2617,0.7168,1.673,13
406,24,-0.22656,2.3281,0.62695,1.673,19
406,24,-0.30664,2.3477,0.66602,1.673,21
406,24,-0.3125,2.3906,0.64844,1.673,15
406,24,0,2.5957,-0.82813,-0.66921,10
406,24,0,2.6289,-0.55078,-0.33461,12
406,24,0,2.666,-0.56445,-0.33461,28
406,24,0,2.7207,-0.47266,-0.33461,25
406,24,0,2.7969,-0.10352,-0.33461,17
406,24,0.087891,2.8359,-0.046875,-0.33461,13
407,37,-0.16992,2.6992,-0.32227,0,17
407,37,-0.17188,2.7188,-0.45703,0,17
407,37,-0.085938,2.7227,0.013672,0.33461,48
407,37,-0.085938,2.7598,0.035156,0.33461,66
407,37,0,2.7969,0.13867,0.33461,51
407,37,-0.087891,2.8262,0.23633,0.33461,40
407,37,-0.089844,2.8594,0.29297,0.33461,30
407,37,-0.16016,2.541,0.36914,0.66921,27
407,37,-0.16406,2.5879,0.30273,0.66921,35
407,37,-0.16602,2.623,0.32422,0.66921,29
407,37,0,2.7168,0.20898,0.66921,26
407,37,-0.17188,2.75,0.20117,0.66921,38
407,37,-0.087891,2.7852,0.26758,0.66921,26
407,37,-0.1582,2.4727,0.53125,1.0038,33
407,37,-0.16016,2.5195,0.49219,1.0038,63
407,37,-0.16406,2.5605,0.48242,1.0038,65
407,37,-0.16602,2.5938,0.50977,1.0038,39
407,37,-0.16797,2.623,0.55273,1.0038,17
407,37,-0.20313,2.6035,-1.9395,1.0038,23
407,37,-0.20508,2.9805,-1.3789,1.0038,28
407,37,-0.23438,2.4004,0.64844,1.3384,14
407,37,-0.23828,2.4355,0.6582,1.3384,41
407,37,-0.16016,2.4902,0.625,1.3384,57
407,37,-0.16406,2.5215,0.65625,1.3384,42
407,37,-0.24805,2.5449,0.6875,1.3384,18
407,37,-0.20508,3.2188,-0.6543,1.3384,25
407,37,-0.23828,2.4082,0.75195,1.673,21
407,37,-0.24023,2.4629,0.70508,1.673,25
407,37,-0.24414,2.5059,0.68555,1.673,14
407,37,0,2.6719,-0.69922,-0.66921,16
407,37,0,2.7285,-0.625,-0.66921,16
407,37,0,2.752,-0.6875,-0.66921,14
407,37,-0.16992,2.627,-0.69922,-0.33461,27
407,37,0,2.7148,-0.50391,-0.33461,42
407,37,0,2.7539,-0.50586,-0.33461,43
407,37,0,2.8105,-0.38867,-0.33461,38
407,37,0,2.8477,-0.40234,-0.33461,27
408,32,-0.16602,2.6367,0.18164,0,26
408,32,-0.16797,2.6777,0.14258,0,53
408,32,-0.085938,2.7207,0.125,0,55
408,32,0,2.7598,0.080078,0,27
408,32,0,2.9648,-1.5137,0,14
408,32,0,2.9551,-1.6152,0,14
408,32,-0.16797,2.6582,0.35352,0.33461,45
408,32,-0.085938,2.707,0.2832,0.33461,74
408,32,-0.085938,2.748,0.26172,0.33461,44
408,32,0,2.7734,0.37695,0.33461,23
408,32,0,2.8086,0.4082,0.33461,31
408,32,-0.10352,2.8574,-1.7051,0.33461,27
408,32,-0.21094,2.959,-1.5938,0.33461,25
408,32,-0.082031,2.5566,0.52344,0.66921,33
408,32,-0.16602,2.5996,0.48047,0.66921,109
408,32,-0.16797,2.6426,0.44531,0.66921,133
408,32,-0.16992,2.6934,0.36328,0.66921,58
408,32,-0.25977,2.6699,0.65625,0.66921,14
408,32,-0.16406,2.5156,0.68164,1.0038,44
408,32,-0.16602,2.5625,0.65234,1.0038,167
408,32,-0.16797,2.6074,0.62695,1.0038,244
408,32,-0.25586,2.6484,0.58398,1.0038,159
408,32,-0.25977,2.7051,0.49414,1.0038,45
408,32,-0.24414,2.4707,0.80469,1.3384,16
408,32,-0.24805,2.5059,0.82227,1.3384,66
408,32,-0.16797,2.5625,0.78906,1.3384,104
408,32,-0.16992,2.6055,0.7793,1.3384,76
408,32,-0.17188,2.668,0.69336,1.3384,24
408,32,-0.083984,2.6836,-0.083984,-0.33461,15
408,32,0,2.6973,-0.38672,-0.33461,16
408,32,0,2.8379,-0.050781,-0.33461,15
408,32,0,2.8633,-0.27344,-0.33461,15
409,20,-0.25195,2.6172,0.55273,0,16
409,20,-0.16992,2.6719,0.5,0,44
409,20,-0.17188,2.7266,0.4043,0,50
409,20,-0.26172,2.7695,0.31445,0,26
409,20,-0.25195,2.5195,0.89648,0.33461,23
409,20,-0.16992,2.6113,0.75977,0.33461,67
409,20,-0.17188,2.6855,0.625,0.33461,80
409,20,-0.17578,2.7656,0.39453,0.33461,55
409,20,0,2.8359,0.11133,0.33461,34
409,20,0,2.873,0.087891,0.33461,19
409,20,-0.25586,2.5352,0.96484,0.66921,27
409,20,-0.25977,2.623,0.82813,0.66921,42
409,20,-0.26172,2.6953,0.70703,0.66921,34
409,20,-0.26563,2.8086,0.30469,0.66921,16
409,20,-0.25586,2.4785,1.1016,1.0038,12
409,20,-0.25977,2.5664,0.99023,1.0038,17
409,20,-0.17578,2.5898,1.0508,1.0038,12
409,20,0,2.7988,0.087891,-0.33461,11
409,20,0,2.8301,-0.19727,-0.33461,19
409,20,0,2.8418,-0.44141,-0.33461,17
410,19,-0.16992,2.6543,0.58984,0,22
410,19,-0.17188,2.7051,0.5293,0,34
410,19,-0.17578,2.7422,0.53516,0,26
410,19,-0.16797,2.5781,0.73242,0.33461,19
410,19,-0.16992,2.6309,0.68555,0.33461,80
410,19,-0.17188,2.6738,0.66992,0.33461,127
410,19,-0.17578,2.707,0.69141,0.33461,90
410,19,-0.17773,2.7246,0.77344,0.33461,27
410,19,-0.16992,2.582,0.84961,0.66921,29
410,19,-0.17188,2.6211,0.85156,0.66921,44
410,19,-0.17578,2.6465,0.89844,0.66921,31
410,19,0,2.7246,0.025391,-0.66921,14
410,19,0,2.7598,0.080078,-0.66921,21
410,19,0,2.7988,0.074219,-0.66921,15
410,19,0,2.6699,0.28711,-0.33461,11
410,19,-0.085938,2.7031,0.32227,-0.33461,43
410,19,0,2.748,0.28516,-0.33461,66
410,19,-0.087891,2.7773,0.34375,-0.33461,47
410,19,0,2.8281,0.24023,-0.33461,14
411,2,-0.085938,2.7598,-0.023438,0.33461,13
411,2,0,2.7988,0.080078,0.33461,12
433,2,0.085938,2.752,0.21289,0.33461,14
433,2,0.085938,2.7598,0.039063,-0.33461,12
434,8,0,2.8398,-0.44531,0,9
434,8,0,2.7441,0.32031,0.33461,14
434,8,0,2.7656,0.43359,0.33461,12
434,8,0,2.8223,0.29102,0.33461,13
434,8,0.085938,2.7598,0.048828,-0.33461,12
434,8,0,2.8262,-0.5293,-0.33461,20
434,8,0,2.875,-0.46875,-0.33461,20
434,8,0,2.8848,-0.62695,-0.33461,13
435,22,-0.087891,2.7949,-0.13867,0,27
435,22,-0.087891,2.8301,-0.17383,0,44
435,22,0,2.8691,-0.18945,0,30
435,22,0,2.877,-0.46094,0,24
435,22,0,2.9141,-0.46289,0,16
435,22,-0.44336,2.7891,0.26953,0.33461,11
435,22,-0.17969,2.8672,0.11523,0.33461,16
435,22,0,2.7402,-0.73828,-1.0038,15
435,22,-0.089844,2.7578,-0.80664,-1.0038,33
435,22,-0.091797,2.793,-0.82422,-1.0038,34
435,22,-0.091797,2.8301,-0.83398,-1.0038,16
435,22,-0.087891,2.7617,-0.44922,-0.66921,32
435,22,-0.087891,2.7871,-0.52148,-0.66921,65
435,22,-0.089844,2.8066,-0.61719,-0.66921,81
435,22,-0.091797,2.8301,-0.6875,-0.66921,70
435,22,0,2.8652,-0.70703,-0.66921,35
435,22,0,2.7559,0.18164,-0.33461,14
435,22,-0.087891,2.7871,-0.25391,-0.33461,54
435,22,-0.087891,2.8184,-0.32031,-0.33461,91
435,22,-0.089844,2.8418,-0.42969,-0.33461,84
435,22,0,2.8574,-0.56836,-0.33461,65
435,22,-0.091797,2.8906,-0.58984,-0.33461,36
436,37,0,2.7461,-0.28516,0,22
436,37,-0.087891,2.7734,-0.36719,0,33
436,37,0,2.8125,-0.37695,0,29
436,37,0,2.8594,-0.29883,0,28
436,37,0,2.8984,-0.29492,0,17
436,37,0.085938,2.7227,0.074219,0.33461,13
436,37,0.085938,2.7559,0.14648,0.33461,26
436,37,0.087891,2.7852,0.26367,0.33461,24
436,37,0.087891,2.8223,0.27148,0.33461,26
436,37,0.17969,2.8672,0.13281,0.33461,31
436,37,0.091797,2.9102,-0.080078,0.33461,21
436,37,0.089844,2.8633,0.24414,0.66921,13
436,37,0,2.627,-0.85547,-1.3384,15
436,37,0,2.6836,-0.79883,-1.3384,18
436,37,-0.16992,2.6426,-0.63867,-1.0038,28
436,37,-0.085938,2.6914,-0.61133,-1.0038,78
436,37,-0.087891,2.7324,-0.60547,-1.0038,97
436,37,-0.087891,2.7676,-0.62109,-1.0038,56
436,37,0,2.7969,-0.66797,-1.0038,15
436,37,5.5352,0.38086,-1.3652,-1.0038,16
436,37,-0.16992,2.6641,-0.54492,-0.66921,29
436,37,-0.17188,2.7129,-0.48438,-0.66921,79
436,37,-0.087891,2.7539,-0.5,-0.66921,93
436,37,-0.087891,2.7793,-0.5625,-0.66921,59
436,37,0,2.7988,-0.6582,-0.66921,32
436,37,0,2.8594,-0.56055,-0.66921,16
436,37,5.3203,1.7832,-0.84766,-0.66921,14
436,37,-5.7129,0,-0.86133,-0.66921,21
436,37,-5.75,0,-0.91602,-0.66921,16
436,37,-0.25977,2.6074,-0.87305,-0.33461,19
436,37,-0.087891,2.6113,-1.0039,-0.33461,32
436,37,0,2.7207,-0.80469,-0.33461,43
436,37,0,2.8242,-0.53711,-0.33461,41
436,37,0,2.8809,-0.4375,-0.33461,26
436,37,-1.209,1.3672,2.0723,-1.3384,8
436,37,2.7852,0.37891,-0.60352,-1.0038,9
436,37,-3.7246,0,4.6465,-0.66921,8
437,32,-0.25586,2.6992,0.25977,0,12
437,32,0,2.7598,0.082031,0,11
437,32,0,2.7988,-0.0625,0,29
437,32,0,2.8359,-0.066406,0,34
437,32,0.089844,2.873,-0.078125,0,23
437,32,0.085938,2.7227,-0.046875,0.33461,21
437,32,0.085938,2.7598,-0.017578,0.33461,39
437,32,0,2.7949,0.17383,0.33461,35
437,32,0,2.8223,0.30273,0.33461,32
437,32,0,2.8691,0.19727,0.33461,30
437,32,0,2.9121,0.082031,0.33461,21
437,32,0,2.748,0.2832,0.66921,13
437,32,0,2.7715,0.39453,0.66921,13
437,32,0,2.7695,0.61328,0.66921,12
437,32,0,2.8574,0.32813,0.66921,12
437,32,-0.32227,2.4199,-0.81445,-2.3422,15
437,32,-0.24414,2.4648,-0.82617,-2.3422,24
437,32,-0.24805,2.5156,-0.78711,-2.3422,18
437,32,-0.24023,2.4805,-0.64063,-2.0076,26
437,32,-0.32617,2.5195,-0.59961,-2.0076,35
437,32,-0.24805,2.5625,-0.62305,-2.0076,24
437,32,-0.16406,2.5566,-0.50195,-1.3384,12
437,32,-0.33008,2.5977,-0.39063,-1.3384,12
437,32,-0.085938,2.6875,-0.43555,-0.66921,23
437,32,0,2.7363,-0.37695,-0.66921,17
437,32,-0.087891,2.7363,-0.58789,-0.66921,15
437,32,0,2.7969,-0.47461,-0.66921,22
437,32,-0.16797,2.6699,-0.23242,-0.33461,16
437,32,0,2.7148,-0.23438,-0.33461,37
437,32,0,2.7363,-0.38086,-0.33461,29
437,32,-0.26172,2.7461,-0.47266,-0.33461,20
437,32,-0.17773,2.7949,-0.45703,-0.33461,34
438,26,-0.083984,2.6836,-0.0625,0,14
438,26,-0.085938,2.7227,0.0058594,0,17
438,26,-0.17188,2.7559,0.013672,0,16
438,26,0,2.793,-0.18945,0,21
438,26,0,2.8203,-0.32031,0,14
438,26,0,2.6719,-0.27539,0.33461,11
438,26,0,2.6895,-0.42773,0.33461,17
438,26,0,2.7988,-0.095703,0.33461,20
438,26,0,2.8379,-0.046875,0.33461,29
438,26,0,2.873,0.13281,0.33461,25
438,26,-0.79492,8.418,-0.57422,0.33461,15
438,26,-0.30273,2.3203,-0.61914,-1.673,12
438,26,-0.30664,2.3516,-0.65039,-1.673,14
438,26,-0.30664,2.4043,-0.41992,-1.3384,12
438,26,0,2.6855,-0.0625,-0.66921,12
438,26,-0.16992,2.6973,-0.3457,-0.66921,19
438,26,0,2.7324,-0.4082,-0.66921,14
438,26,-0.087891,2.7539,-0.5,-0.66921,15
438,26,0,2.8027,-0.43945,-0.66921,13
438,26,-0.16797,2.6797,-0.044922,-0.33461,20
438,26,-0.085938,2.7188,-0.16211,-0.33461,31
438,26,-0.17188,2.7402,-0.29883,-0.33461,29
438,26,0,2.7832,-0.30859,-0.33461,31
438,26,0,2.8262,-0.26172,-0.33461,32
438,26,-0.089844,2.8652,-0.22852,-0.33461,27
438,26,-0.091797,2.9102,-0.072266,-0.33461,19
439,33,0,2.8242,-0.2793,0,23
439,33,0,2.8691,-0.19922,0,20
439,33,0,2.9043,-0.21875,0,10
439,33,-0.1875,2.9746,0.22461,0,15
439,33,-0.97461,7.6289,-1.2578,0,17
439,33,-0.97852,7.6035,-1.6035,0,15
439,33,0,2.6895,-0.43359,0.33461,13
439,33,0.085938,2.7598,-0.048828,0.33461,30
439,33,0,2.7988,0.070313,0.33461,48
439,33,0,2.8379,-0.042969,0.33461,42
439,33,0,2.8633,0.26953,0.33461,18
439,33,-0.96875,7.6758,-0.55664,0.33461,18
439,33,-0.73047,7.7207,-0.77734,0.33461,37
439,33,-0.73438,7.7402,-0.93555,0.33461,33
439,33,0,2.7969,0.12891,0.66921,21
439,33,-0.087891,2.8359,0.042969,0.66921,20
439,33,0,2.875,0.035156,0.66921,10
439,33,-0.97461,7.7305,-0.16016,0.66921,15
439,33,0,2.7637,-0.44141,-1.0038,14
439,33,0,2.9375,-0.28125,-0.66921,13
439,33,0,2.9707,-0.33203,-0.66921,17
439,33,0.087891,2.7441,-0.54492,-0.33461,38
439,33,0.087891,2.7207,-0.80469,-0.33461,21
439,33,0,2.7773,-0.74609,-0.33461,17
439,33,0,2.8809,-0.42969,-0.33461,23
439,33,0,2.9473,-0.13477,-0.33461,24
439,33,-0.09375,2.9863,-0.10938,-0.33461,26
439,33,0,3.0234,-0.13672,-0.33461,14
439,33,-1.0918,0,-2.9141,0,7
439,33,-1.2578,0,-2.875,0.33461,14
439,33,-1.2578,0,-2.7715,0.66921,7
439,33,-1.1992,0,2.9414,-0.66921,7
439,33,-1.1523,1.0527,2.3691,-0.33461,12
440,32,-0.085938,2.7422,-0.3125,0,21
440,32,0,2.7793,-0.33594,0,25
440,32,0,2.8145,-0.35742,0,20
440,32,0,2.8555,-0.34375,0,14
440,32,0,2.8672,-0.51953,0,12
440,32,0,4.748,1.1289,0,10
440,32,0,2.7969,-0.12305,0.33461,31
440,32,-0.087891,2.8359,-0.052734,0.33461,30
440,32,-0.29883,2.3555,0.19922,0.66921,16
440,32,-0.30273,2.4004,0.095703,0.66921,15
440,32,-0.23047,2.4434,0.14258,0.66921,25
440,32,-0.23438,2.4844,0.09375,0.66921,26
440,32,-0.29297,2.293,0.4043,1.0038,21
440,32,-0.29883,2.3418,0.32227,1.0038,34
440,32,-0.30273,2.3867,0.26758,1.0038,29
440,32,-0.30664,2.4297,0.23047,1.0038,22
440,32,-0.23438,2.4785,0.19141,1.0038,21
440,32,-0.36719,2.2852,0.37695,1.3384,12
440,32,-0.29883,2.3164,0.47461,1.3384,20
440,32,-0.30273,2.3672,0.41406,1.3384,18
440,32,0.17578,2.6621,-0.84961,-0.66921,14
440,32,0.085938,2.6816,-0.6543,-0.33461,27
440,32,0.087891,2.7305,-0.61719,-0.33461,40
440,32,0.087891,2.7695,-0.61328,-0.33461,30
440,32,0,2.8691,-0.19922,-0.33461,21
440,32,0,2.9082,-0.15234,-0.33461,24
440,32,0,2.9375,-0.27539,-0.33461,16
440,32,-0.14258,4.4258,1,-0.33461,17
440,32,0,4.8125,0.80664,-0.33461,18
440,32,-1.168,0,2.75,0,8
440,32,-1.1836,0,2.7305,0,7
440,32,-1.168,0.56641,2.5664,-0.33461,11
441,29,-0.24805,2.6328,-0.1543,0,8
441,29,0,2.7051,-0.32422,0,14
441,29,0,2.7422,-0.33398,0,12
441,29,0,2.8262,-0.25977,0,19
441,29,0,2.8496,-0.38477,0,18
441,29,-0.16602,2.6406,0.11523,0.33461,18
441,29,0,2.709,-0.2793,0.33461,18
441,29,0,2.7422,-0.32422,0.33461,25
441,29,0,2.7891,-0.23438,0.33461,21
441,29,-0.080078,2.5645,0.19922,0.66921,19
441,29,-0.16406,2.6035,0.082031,0.66921,23
441,29,-0.16602,2.6387,0.14063,0.66921,19
441,29,-0.16016,2.5391,0.38477,1.0038,31
441,29,-0.16406,2.582,0.34961,1.0038,44
441,29,-0.16602,2.6348,0.20117,1.0038,23
441,29,5.1777,1.5195,1.1758,1.0038,14
441,29,-0.3125,2.4082,0.57813,1.3384,17
441,29,-0.31641,2.4414,0.60156,1.3384,17
441,29,-0.24414,2.5566,0.4707,1.3384,24
441,29,-0.24805,2.6074,0.39063,1.3384,14
441,29,-0.23438,2.3965,0.66406,1.673,18
441,29,-0.31641,2.4297,0.64844,1.673,18
441,29,0,2.6328,-0.70117,-0.66921,14
441,29,0,2.6543,-0.76172,-0.66921,14
441,29,0,2.6387,-0.50195,-0.33461,15
441,29,0,2.668,-0.55078,-0.33461,39
441,29,0,2.7051,-0.56055,-0.33461,43
441,29,0.087891,2.7305,-0.61328,-0.33461,21
441,29,0,2.8125,-0.36914,-0.33461,14
442,32,0,2.6309,0.30273,0,9
442,32,-0.083984,2.6836,0.10742,0,20
442,32,-0.16992,2.7168,0.10156,0,21
442,32,-0.25977,2.748,0.11328,0,15
442,32,0,2.7988,-0.054688,0,16
442,32,0,2.8379,-0.056641,0,15
442,32,-0.083984,2.6738,0.24414,0.33461,23
442,32,-0.085938,2.7188,0.15039,0.33461,42
442,32,0,2.7578,0.13477,0.33461,50
442,32,0,2.7949,0.1582,0.33461,43
442,32,0,2.8281,0.24023,0.33461,21
442,32,-0.24414,2.5527,0.49219,0.66921,18
442,32,-0.24805,2.5977,0.45508,0.66921,40
442,32,-0.16797,2.6387,0.4707,0.66921,39
442,32,-0.25586,2.6523,0.56055,0.66921,13
442,32,0,2.748,0.26953,0.66921,20
442,32,0,2.7793,0.34375,0.66921,20
442,32,-0.32227,2.4961,0.5332,1.0038,12
442,32,-0.24414,2.5332,0.58203,1.0038,42
442,32,-0.24805,2.5781,0.55664,1.0038,72
442,32,-0.16797,2.6289,0.52734,1.0038,65
442,32,-0.16992,2.6777,0.4668,1.0038,26
442,32,-0.32227,2.4219,0.80469,1.3384,12
442,32,-0.24414,2.4922,0.73828,1.3384,33
442,32,-0.24805,2.543,0.69727,1.3384,45
442,32,-0.25195,2.5918,0.65625,1.3384,31
442,32,0.085938,2.7109,-0.26367,-0.33461,13
442,32,0.17188,2.748,-0.21094,-0.33461,27
442,32,0.087891,2.7813,-0.30273,-0.33461,22
442,32,0.17773,2.8086,-0.36133,-0.33461,20
442,32,0.089844,2.832,-0.48828,-0.33461,23
442,32,-0.68164,1.4043,-2.2324,-0.33461,7
443,29,-0.083984,2.6641,0.32617,0,39
443,29,-0.085938,2.707,0.28711,0,86
443,29,-0.17188,2.7461,0.23633,0,76
443,29,-0.17578,2.7891,0.17188,0,28
443,29,0,2.3398,-2.4199,0,10
443,29,0,2.5918,0.54688,0.33461,12
443,29,-0.16797,2.6348,0.49023,0.33461,90
443,29,-0.16992,2.6836,0.43164,0.33461,205
443,29,-0.17188,2.7324,0.36914,0.33461,195
443,29,-0.087891,2.7793,0.32031,0.33461,82
443,29,0,2.8379,-0.029297,0.33461,18
443,29,-0.20898,2.7422,-1.877,0.33461,17
443,29,-0.10547,2.5898,-2.1484,0.33461,17
443,29,-0.16602,2.5645,0.63867,0.66921,18
443,29,-0.16797,2.6113,0.61133,0.66921,107
443,29,-0.16992,2.6543,0.58789,0.66921,224
443,29,-0.17188,2.6992,0.55859,0.66921,204
443,29,-0.087891,2.752,0.50391,0.66921,81
443,29,-0.24805,2.5332,0.73047,1.0038,12
443,29,-0.16797,2.582,0.71875,1.0038,60
443,29,-0.16992,2.6172,0.73633,1.0038,111
443,29,-0.17188,2.6602,0.72461,1.0038,94
443,29,-0.17578,2.7148,0.66211,1.0038,33
443,29,-0.25195,2.5039,0.9375,1.3384,12
443,29,-0.25586,2.5371,0.95898,1.3384,23
443,29,-0.25977,2.6387,0.77539,1.3384,20
443,29,-0.25586,2.6855,0.38086,-0.33461,15
443,29,0.26953,2.7988,-0.60352,-0.33461,20
443,29,0.18164,2.8359,-0.64063,-0.33461,14
444,21,-0.16797,2.6289,0.52148,0,9
444,21,-0.085938,2.6914,0.41016,0,61
444,21,-0.17188,2.7266,0.41016,0,128
444,21,-0.17578,2.7617,0.42578,0,120
444,21,-0.087891,2.8086,0.39453,0,55
444,21,0,2.873,0.13281,0,14
444,21,-0.16797,2.6523,0.38672,0.33461,19
444,21,-0.16992,2.6699,0.51758,0.33461,118
444,21,-0.17188,2.6953,0.57227,0.33461,239
444,21,-0.17578,2.7168,0.65039,0.33461,212
444,21,-0.17773,2.707,0.83203,0.33461,82
444,21,-0.53906,2.1797,1.7969,0.33461,13
444,21,-0.16992,2.625,0.71094,0.66921,57
444,21,-0.17188,2.6426,0.78711,0.66921,118
444,21,-0.17578,2.6719,0.81641,0.66921,109
444,21,-0.17773,2.6719,0.9375,0.66921,49
444,21,0,2.627,-0.85352,-0.33461,17
444,21,0.087891,2.7402,-0.56641,-0.33461,21
444,21,0.087891,2.8027,-0.43359,-0.33461,28
444,21,0.17969,2.8301,-0.47852,-0.33461,22
444,21,0.44922,2.7656,-0.64258,0.33461,9
445,16,-0.085938,2.7441,0.30273,0,12
445,16,-0.087891,2.7871,0.25195,0,15
445,16,0,2.8242,0.2832,0,10
445,16,-0.085938,2.7188,0.14648,0.33461,20
445,16,-0.17188,2.7363,0.32617,0.33461,47
445,16,-0.17578,2.7578,0.45508,0.33461,58
445,16,-0.17773,2.7852,0.50977,0.33461,39
445,16,-0.35938,2.707,0.90234,0.33461,13
445,16,-0.17188,2.7129,0.48242,0.66921,16
445,16,-0.17578,2.7109,0.67773,0.66921,20
445,16,-0.26563,2.7617,0.5957,0.66921,13
445,16,-0.087891,2.7969,-0.09375,-0.66921,11
445,16,0,2.7598,-0.087891,-0.33461,27
445,16,0,2.7988,0.037109,-0.33461,34
445,16,0,2.8379,-0.050781,-0.33461,23
445,16,0.26953,2.8047,-0.57617,-0.33461,15
446,1,0,2.7285,0.62695,0.33461,10
448,8,-0.17188,2.7422,0.27734,0.33461,13
448,8,0,2.7988,0.042969,0.33461,17
448,8,0,2.8242,-0.28125,0.33461,13
448,8,0.089844,2.8652,-0.22852,0.33461,11
448,8,0,2.7617,0.072266,-0.33461,14
448,8,0,2.791,-0.20898,-0.33461,19
448,8,0.087891,2.7813,-0.55078,-0.33461,13
448,8,0.17969,2.8145,-0.56445,-0.33461,11
470,2,0,2.7988,-0.041016,0.33461,10
470,2,0,2.7969,-0.14258,-0.33461,11
473,9,-0.087891,2.8027,-0.43555,0,13
473,9,-0.17969,2.8457,-0.36523,0,19
473,9,0,2.8945,-0.32813,0,14
473,9,0,2.8379,-0.0078125,0.33461,15
473,9,0,2.8711,-0.14258,0.33461,14
473,9,-0.17969,2.7305,-0.88281,-0.66921,17
473,9,0,2.7871,-0.53125,-0.33461,28
473,9,-0.17969,2.7988,-0.63281,-0.33461,38
473,9,-0.18164,2.8223,-0.69531,-0.33461,25
474,24,0,2.7598,-0.089844,0,15
474,24,-0.087891,2.7969,-0.10156,0,69
474,24,-0.087891,2.832,-0.1543,0,124
474,24,-0.089844,2.8672,-0.19727,0,103
474,24,0,2.9043,-0.24023,0,44
474,24,0,2.9355,-0.30859,0,13
474,24,0,2.7422,0.32813,0.33461,13
474,24,0,2.7891,0.25195,0.33461,14
474,24,0.087891,2.8301,0.17773,0.33461,12
474,24,0,2.7363,-0.75195,-1.0038,15
474,24,-0.17969,2.7754,-0.72656,-1.0038,19
474,24,0,2.7051,-0.55273,-0.66921,15
474,24,0,2.7578,-0.47656,-0.66921,62
474,24,0,2.7832,-0.54883,-0.66921,107
474,24,0,2.8125,-0.60156,-0.66921,93
474,24,0,2.8457,-0.625,-0.66921,45
474,24,0,2.7461,-0.29883,-0.33461,33
474,24,0,2.7852,-0.28516,-0.33461,133
474,24,0,2.8203,-0.30859,-0.33461,227
474,24,-0.089844,2.8496,-0.36719,-0.33461,186
474,24,0,2.8828,-0.42383,-0.33461,81
474,24,0,2.9121,-0.47656,-0.33461,23
474,24,-1.291,0,2.7871,0,7
474,24,-1.291,0.86133,2.5098,-0.33461,12
475,28,-0.17578,2.793,-0.046875,0,14
475,28,-0.087891,2.8359,0,0,17
475,28,0,2.873,-0.12305,0,9
475,28,0,2.7246,-0.041016,0.33461,13
475,28,0,2.7559,-0.19336,0.33461,23
475,28,0,2.7207,-0.6582,0.33461,14
475,28,-0.25586,2.5117,-1.0234,-2.0076,13
475,28,-0.17188,2.6113,-0.88281,-2.0076,17
475,28,-0.16992,2.5957,-0.80859,-1.673,32
475,28,-0.17188,2.6582,-0.73242,-1.673,42
475,28,-0.17578,2.6953,-0.73438,-1.673,28
475,28,-0.33984,2.6543,-0.50977,-1.3384,13
475,28,-0.16992,2.6543,-0.5918,-1.0038,16
475,28,-0.17188,2.6992,-0.5625,-1.0038,40
475,28,-0.17578,2.7422,-0.5332,-1.0038,40
475,28,0,2.7695,-0.61719,-1.0038,17
475,28,0,2.6875,-0.44922,-0.66921,15
475,28,-0.17188,2.7266,-0.4043,-0.66921,38
475,28,-0.17578,2.7734,-0.33398,-0.66921,39
475,28,-0.087891,2.7539,-0.67969,-0.66921,23
475,28,0,2.75,-0.83789,-0.66921,27
475,28,0,2.7891,-0.8418,-0.66921,15
475,28,0,2.6563,-0.60156,-0.33461,12
475,28,0,2.7285,-0.42773,-0.33461,24
475,28,-0.17578,2.7754,-0.31641,-0.33461,28
475,28,-0.26563,2.7676,-0.57031,-0.33461,24
475,28,-0.17969,2.793,-0.6582,-0.33461,32
475,28,-0.091797,2.8496,-0.60156,-0.33461,20
476,31,0,2.7109,0.27148,0,10
476,31,-0.085938,2.7598,0.015625,0,25
476,31,-0.087891,2.7969,-0.097656,0,30
476,31,0,2.834,-0.13281,0,20
476,31,0,2.7246,0,0.33461,10
476,31,0.17188,2.7559,-0.042969,0.33461,25
476,31,0.17578,2.793,-0.076172,0.33461,31
476,31,0,2.8301,-0.20117,0.33461,34
476,31,0,2.873,-0.11328,0.33461,36
476,31,0.091797,2.9121,-0.054688,0.33461,33
476,31,0.091797,2.9492,-0.03125,0.33461,19
476,31,0,2.8359,-0.070313,0.66921,13
476,31,0,2.875,-0.03125,0.66921,16
476,31,0.091797,2.9063,0.16797,0.66921,15
476,31,-0.23828,2.4023,-0.77148,-2.3422,27
476,31,-0.24023,2.4512,-0.74609,-2.3422,34
476,31,-0.16406,2.5059,-0.71094,-2.3422,20
476,31,-0.23828,2.4453,-0.62305,-2.0076,28
476,31,-0.32227,2.4688,-0.64844,-2.0076,36
476,31,-0.24414,2.5195,-0.63672,-2.0076,24
476,31,-0.32227,2.4941,-0.53906,-1.673,17
476,31,-0.32617,2.5313,-0.54688,-1.673,15
476,31,-0.085938,2.6934,-0.39258,-0.66921,21
476,31,-0.085938,2.7188,-0.47656,-0.66921,30
476,31,0,2.7227,-0.65234,-0.66921,30
476,31,0,2.7148,-0.82422,-0.66921,20
476,31,-0.085938,2.6914,-0.4082,-0.33461,25
476,31,-0.085938,2.7168,-0.49023,-0.33461,51
476,31,0,2.748,-0.5332,-0.33461,67
476,31,0,2.7754,-0.58984,-0.33461,55
476,31,0.089844,2.8203,-0.55078,-0.33461,27
477,9,-0.083984,2.6797,0.1543,0,12
477,9,-0.16992,2.7188,0.060547,0,12
477,9,0,2.7617,-0.023438,0,9
477,9,-0.25195,2.6602,-0.27344,-0.66921,20
477,9,-0.16992,2.707,-0.25,-0.66921,25
477,9,-0.085938,2.7559,-0.17188,-0.66921,16
477,9,-0.25195,2.6738,0.023438,-0.33461,26
477,9,-0.16992,2.7188,-0.041016,-0.33461,33
477,9,-0.085938,2.7559,0.1543,-0.33461,20
478,15,0,2.7871,-0.26367,0,24
478,15,0,2.8262,-0.25977,0,28
478,15,0,2.834,-0.48047,0,16
478,15,0.085938,2.7129,-0.22852,0.33461,26
478,15,0.085938,2.7578,-0.13672,0.33461,45
478,15,0,2.7969,-0.12109,0.33461,44
478,15,0.087891,2.834,-0.10742,0.33461,19
478,15,0,2.7617,-0.072266,0.66921,17
478,15,0,2.7988,0.048828,0.66921,17
478,15,0,2.7871,-0.26758,-0.66921,17
478,15,0.087891,2.8066,-0.4043,-0.66921,18
478,15,0.085938,2.748,-0.26367,-0.33461,35
478,15,0,2.7949,-0.17969,-0.33461,45
478,15,0,2.8184,-0.32031,-0.33461,45
478,15,0,2.832,-0.50195,-0.33461,21
479,25,0,2.7402,-0.34961,0,24
479,25,0,2.7813,-0.32617,0,19
479,25,-0.27734,2.9375,-0.083984,0,13
479,25,-0.22656,2.4082,0.095703,0.33461,17
479,25,0,2.8691,-0.18164,0.33461,20
479,25,0,2.9102,-0.11523,0.33461,25
479,25,-0.28906,2.2695,0.29688,0.66921,12
479,25,-0.2207,2.3184,0.28125,0.66921,12
479,25,-0.22266,2.3477,0.3457,0.66921,17
479,25,-0.22656,2.3984,0.24219,0.66921,38
479,25,-0.23047,2.4414,0.18164,0.66921,20
479,25,-0.28906,2.2422,0.46484,1.0038,16
479,25,-0.2207,2.3086,0.35742,1.0038,18
479,25,-0.22656,2.3691,0.44922,1.0038,28
479,25,-0.23047,2.4102,0.43164,1.0038,16
479,25,0,2.623,-0.86328,-0.66921,12
479,25,0,2.7031,-0.72852,-0.66921,12
479,25,0,2.5918,-0.83984,-0.33461,12
479,25,0,2.6758,-0.68359,-0.33461,32
479,25,0,2.7305,-0.62305,-0.33461,32
479,25,0,2.8223,-0.54883,-0.33461,17
479,25,0,2.9004,-0.27539,-0.33461,15
479,25,0,2.9453,-0.16797,-0.33461,16
479,25,-0.2832,4.4941,0.58398,-0.33461,14
479,25,-1.1367,1.2852,2.2109,-0.66921,7
480,26,-0.25195,2.6738,-0.025391,0,10
480,26,-0.17578,2.793,-0.0625,0,13
480,26,-0.33008,2.625,0.11328,0.33461,12
480,26,-0.16797,2.6758,0.17969,0.33461,23
480,26,0,2.7227,0.087891,0.33461,24
480,26,0.17188,2.7559,-0.03125,0.33461,19
480,26,-0.52539,2.75,0.03125,0.33461,17
480,26,-0.3125,2.4609,0.2793,0.66921,17
480,26,-0.23828,2.5117,0.24219,0.66921,21
480,26,-0.30664,2.4043,0.41406,1.0038,24
480,26,-0.23438,2.4512,0.41797,1.0038,52
480,26,-0.23828,2.4922,0.39844,1.0038,52
480,26,-0.32227,2.5293,0.3457,1.0038,22
480,26,-0.30273,2.3223,0.61523,1.3384,12
480,26,-0.23047,2.3887,0.53516,1.3384,30
480,26,-0.3125,2.4063,0.58789,1.3384,46
480,26,-0.23828,2.4629,0.54688,1.3384,41
480,26,-0.32227,2.4824,0.58984,1.3384,15
480,26,-0.38477,2.3535,0.60352,1.673,11
480,26,-0.3125,2.3887,0.65625,1.673,13
480,26,0.085938,2.6738,-0.51758,-0.33461,25
480,26,0.17188,2.7285,-0.39453,-0.33461,35
480,26,0.17578,2.791,-0.14453,-0.33461,25
480,26,0.087891,2.8359,0.048828,-0.33461,13
480,26,-0.86328,1.0215,2.416,0.33461,11
480,26,0.34961,2.6875,0.69922,0.33461,12
481,36,0,2.6094,-0.091797,0,7
481,36,0,2.6309,-0.29688,0,7
481,36,-0.085938,2.6621,-0.57227,0,8
481,36,-0.26172,2.7852,0.10742,0,17
481,36,-0.26563,2.8242,-0.091797,0,24
481,36,-0.17969,2.8672,-0.13086,0,19
481,36,0.085938,2.6855,-0.44336,0.33461,9
481,36,0,2.7598,-0.099609,0.33461,39
481,36,-0.087891,2.7988,-0.025391,0.33461,64
481,36,-0.087891,2.8359,-0.0019531,0.33461,60
481,36,-0.089844,2.873,0.083984,0.33461,41
481,36,0,2.9043,0.21875,0.33461,23
481,36,-0.24414,2.5645,0.42773,0.66921,19
481,36,-0.16602,2.6055,0.44531,0.66921,23
481,36,-0.33594,2.6328,0.4082,0.66921,14
481,36,0,2.7559,0.17383,0.66921,15
481,36,-0.17578,2.7832,0.25195,0.66921,28
481,36,-0.17773,2.8223,0.22852,0.66921,32
481,36,-0.30859,2.9941,-1.3301,0.66921,19
481,36,-0.20898,3.0586,-1.2988,0.66921,21
481,36,-0.24023,2.5137,0.49609,1.0038,17
481,36,-0.24414,2.5566,0.4668,1.0038,29
481,36,-0.24805,2.5781,0.54883,1.0038,22
481,36,-0.30859,3.1973,-0.7207,1.0038,22
481,36,-0.20898,3.2539,-0.66992,1.0038,24
481,36,-0.16016,2.498,0.5957,1.3384,23
481,36,-0.24414,2.5273,0.60352,1.3384,35
481,36,-0.33008,2.5762,0.51367,1.3384,24
481,36,-0.24414,2.4824,0.76953,1.673,15
481,36,0,2.6348,-0.82813,-0.66921,16
481,36,0,2.6875,-0.78516,-0.66921,14
481,36,0,2.6152,-0.75977,-0.33461,22
481,36,0,2.6875,-0.63867,-0.33461,42
481,36,0.087891,2.7168,-0.67188,-0.33461,38
481,36,0.17773,2.748,-0.68555,-0.33461,21
481,36,-1.5605,0,3,0.66921,11
482,31,-0.083984,2.6758,0.22852,0,14
482,31,-0.085938,2.7188,0.15039,0,20
482,31,-0.17188,2.748,0.2168,0,18
482,31,0,2.7988,0.03125,0,17
482,31,0,2.834,-0.12891,0,10
482,31,-0.20898,2.832,-1.7363,0,17
482,31,-0.10547,2.7949,-1.875,0,21
482,31,-0.21289,2.9395,-1.7051,0,13
482,31,-0.16992,2.6895,0.39258,0.33461,25
482,31,-0.17188,2.7441,0.25391,0.33461,43
482,31,-0.087891,2.7832,0.28711,0.33461,40
482,31,-0.17773,2.8281,0.1582,0.33461,19
482,31,-0.20898,3.0117,-1.4043,0.33461,30
482,31,-0.21094,3.0488,-1.416,0.33461,40
482,31,-0.31836,3.0723,-1.4336,0.33461,25
482,31,-0.16797,2.623,0.55078,0.66921,42
482,31,-0.16992,2.6719,0.50195,0.66921,68
482,31,-0.17188,2.7188,0.45117,0.66921,61
482,31,-0.17578,2.7598,0.43359,0.66921,33
482,31,-0.3125,3.1426,-1.0527,0.66921,19
482,31,-0.21094,3.209,-1,0.66921,26
482,31,-0.25195,2.5781,0.70898,1.0038,39
482,31,-0.25586,2.6172,0.71094,1.0038,66
482,31,-0.17188,2.6758,0.66211,1.0038,49
482,31,-0.26172,2.7207,0.60547,1.0038,17
482,31,-0.25586,2.5176,1.0078,1.3384,18
482,31,-0.3457,2.5605,0.97266,1.3384,13
482,31,0,2.7031,-0.34375,-0.33461,15
482,31,0,2.7324,-0.4082,-0.33461,14
482,31,0.26563,2.709,-0.80078,-0.33461,16
482,31,0.26953,2.7734,-0.70898,-0.33461,15
483,25,-0.085938,2.6563,0.59961,0,40
483,25,-0.085938,2.7246,0.43945,0,109
483,25,-0.087891,2.7773,0.34766,0,121
483,25,-0.087891,2.8203,0.30078,0,58
483,25,-0.16992,2.5996,0.79492,0.33461,87
483,25,-0.17188,2.6816,0.63672,0.33461,229
483,25,-0.17578,2.7422,0.5332,0.33461,253
483,25,-0.087891,2.8066,0.41406,0.33461,126
483,25,0.089844,2.8633,0.25195,0.33461,31
483,25,-0.25195,2.5488,0.8125,0.66921,12
483,25,-0.16992,2.5977,0.80469,0.66921,83
483,25,-0.085938,2.6563,0.75,0.66921,200
483,25,-0.087891,2.709,0.70117,0.66921,213
483,25,-0.087891,2.7617,0.64844,0.66921,97
483,25,0,2.8359,0.47461,0.66921,15
483,25,-0.25586,2.5625,0.88672,1.0038,24
483,25,-0.17188,2.6211,0.85156,1.0038,55
483,25,-0.17578,2.6621,0.84961,1.0038,54
483,25,-0.26563,2.7129,0.78711,1.0038,20
483,25,0,2.7129,-0.25195,-0.33461,14
483,25,0,2.7598,-0.10547,-0.33461,28
483,25,0,2.7988,0.033203,-0.33461,28
483,25,0,2.7715,-0.60938,-0.33461,19
483,25,0.26953,2.8223,-0.47461,-0.33461,19
483,25,2.6055,1.0547,0.60352,0.66921,8
484,18,-0.085938,2.7441,0.30664,0,40
484,18,-0.087891,2.7715,0.39258,0,87
484,18,-0.17773,2.7988,0.42969,0,85
484,18,-0.089844,2.8438,0.41406,0,39
484,18,-0.16992,2.7148,0.13867,0.33461,18
484,18,-0.085938,2.7305,0.41211,0.33461,91
484,18,-0.17578,2.7422,0.53516,0.33461,184
484,18,-0.17773,2.7695,0.58789,0.33461,173
484,18,-0.089844,2.8184,0.55859,0.33461,77
484,18,0,2.8984,0.29883,0.33461,20
484,18,-0.17188,2.6758,0.6582,0.66921,38
484,18,-0.17578,2.6973,0.73242,0.66921,80
484,18,-0.17773,2.7266,0.76563,0.66921,77
484,18,-0.17969,2.7754,0.73047,0.66921,35
484,18,0,2.7949,-0.17578,-0.66921,12
484,18,-0.085938,2.7402,-0.33398,-0.33461,21
484,18,-0.087891,2.7988,-0.011719,-0.33461,33
484,18,0,2.8379,0.039063,-0.33461,23
485,4,-0.17578,2.7734,0.3418,0.33461,25
485,4,-0.17773,2.7871,0.5,0.33461,27
485,4,-0.17578,2.7949,-0.027344,-0.33461,13
485,4,-0.17773,2.832,0,-0.33461,14
486,5,-0.26172,2.7285,0.56445,0.33461,15
486,5,-0.17773,2.7813,0.53125,0.33461,20
486,5,0,2.834,0.49219,0.33461,12
486,5,0,2.7949,0.17578,-0.33461,11
486,5,-0.087891,2.834,0.12891,-0.33461,15
507,1,0,2.8379,0,0.33461,11
508,4,0,2.8379,0,0.33461,9
508,4,0,2.8672,-0.20703,0.33461,9
508,4,0,2.793,-0.50586,-0.33461,12
508,4,0,2.8145,-0.58984,-0.33461,14
509,8,0,2.8379,-0.039063,0,7
509,8,0.35547,2.8047,-0.24414,0.33461,16
509,8,0.26953,2.8594,-0.14648,0.33461,16
509,8,-0.35547,2.8047,0.25195,-0.33461,15
509,8,-0.26953,2.8398,0.35742,-0.33461,13
509,8,-0.62109,2.2129,1.666,0.33461,9
509,8,0.44336,2.6563,-0.89258,-0.33461,10
509,8,-1.3477,0.99609,2.3359,-0.33461,7
510,16,-0.087891,2.7832,-0.29688,0,23
510,16,-0.087891,2.8184,-0.30859,0,40
510,16,0,2.8516,-0.36523,0,36
510,16,0,2.8848,-0.41016,0,18
510,16,0.085938,2.748,-0.25586,0.33461,17
510,16,0,2.791,-0.2207,0.33461,19
510,16,-0.17773,2.832,0.023438,0.33461,30
510,16,-0.089844,2.873,-0.087891,0.33461,26
510,16,0,2.7168,-0.67383,-0.66921,20
510,16,0,2.7559,-0.67188,-0.66921,40
510,16,-0.089844,2.7793,-0.73438,-0.66921,38
510,16,0,2.793,-0.83008,-0.66921,18
510,16,-0.087891,2.7539,-0.49805,-0.33461,52
510,16,-0.087891,2.7949,-0.48047,-0.33461,99
510,16,-0.089844,2.8223,-0.54102,-0.33461,90
510,16,0,2.8496,-0.60742,-0.33461,42
511,29,-0.17188,2.6875,-0.61523,0,18
511,29,-0.17578,2.7734,-0.33984,0,33
511,29,-0.17773,2.8184,-0.2793,0,27
511,29,0,2.873,-0.10352,0,9
511,29,0,2.7207,-0.14063,0.33461,12
511,29,0,2.752,0.22656,0.33461,26
511,29,0,2.7793,0.33203,0.33461,30
511,29,0,2.8027,0.44727,0.33461,16
511,29,0,2.7441,0.31055,0.66921,9
511,29,0,2.7344,0.59766,0.66921,12
511,29,-0.085938,2.6152,-0.88086,-1.3384,23
511,29,0,2.6699,-0.84375,-1.3384,27
511,29,0,2.6855,-0.91797,-1.3384,15
511,29,-0.16992,2.6094,-0.76563,-1.0038,29
511,29,-0.085938,2.6738,-0.68555,-1.0038,93
511,29,-0.087891,2.7129,-0.68359,-1.0038,127
511,29,-0.087891,2.748,-0.69727,-1.0038,80
511,29,-0.089844,2.7891,-0.69336,-1.0038,23
511,29,-0.16992,2.6602,-0.56445,-0.66921,34
511,29,-0.17188,2.707,-0.51563,-0.66921,113
511,29,-0.17578,2.748,-0.50195,-0.66921,150
511,29,-0.17773,2.7871,-0.50781,-0.66921,89
511,29,-0.17969,2.8145,-0.55859,-0.66921,24
511,29,-0.16992,2.6563,-0.57813,-0.33461,16
511,29,-0.17188,2.7461,-0.23828,-0.33461,41
511,29,-0.17578,2.793,-0.046875,-0.33461,47
511,29,-0.26563,2.8242,0.080078,-0.33461,25
511,29,5.5352,1.2539,-0.66016,-0.33461,17
511,29,-1.2578,0,-2.8105,0,5
512,36,-0.25977,2.7441,0.17188,0,22
512,36,-0.17578,2.793,0.0625,0,22
512,36,-0.087891,2.8066,-0.41406,0,18
512,36,-0.17969,2.7832,-0.69727,0,15
512,36,0,2.707,-0.30859,0.33461,29
512,36,0,2.7324,-0.4082,0.33461,41
512,36,0,2.7578,-0.47852,0.33461,30
512,36,0,2.8652,0.24219,0.33461,22
512,36,0,2.7539,-0.20508,0.66921,15
512,36,0,2.791,-0.21875,0.66921,11
512,36,-0.32617,2.4727,-0.76953,-2.0076,20
512,36,-0.24805,2.5313,-0.73633,-2.0076,28
512,36,-0.25195,2.5762,-0.71875,-2.0076,19
512,36,-0.32617,2.5059,-0.65234,-1.673,21
512,36,-0.24805,2.5664,-0.60742,-1.673,35
512,36,-0.16797,2.6113,-0.60938,-1.673,30
512,36,-0.25586,2.6484,-0.58398,-1.673,13
512,36,-0.24805,2.5957,-0.46484,-1.3384,25
512,36,-0.25195,2.625,-0.51563,-1.3384,30
512,36,-0.25586,2.6445,-0.59766,-1.3384,19
512,36,-0.25195,2.6426,-0.41211,-1.0038,19
512,36,-0.16992,2.6621,-0.55273,-1.0038,17
512,36,-0.17188,2.7031,-0.53711,-1.0038,13
512,36,0,2.6582,-0.38672,-0.66921,15
512,36,-0.085938,2.6895,-0.42188,-0.66921,41
512,36,-0.085938,2.7227,-0.45117,-0.66921,58
512,36,0,2.7617,-0.46289,-0.66921,44
512,36,0,2.7578,-0.66992,-0.66921,23
512,36,0,2.7793,-0.74023,-0.66921,19
512,36,0,2.6426,-0.48438,-0.33461,13
512,36,0,2.7031,-0.33594,-0.33461,50
512,36,-0.085938,2.7363,-0.36523,-0.33461,88
512,36,0,2.7754,-0.36328,-0.33461,73
512,36,0,2.7793,-0.57617,-0.33461,44
512,36,0,2.8281,-0.51758,-0.33461,44
512,36,0,2.8809,-0.42969,-0.33461,22
513,33,0,2.6973,-0.38281,0.33461,29
513,33,0.085938,2.7539,-0.19922,0.33461,41
513,33,0,2.793,-0.19141,0.33461,30
513,33,0,2.8379,-0.052734,0.33461,16
513,33,0,2.7617,-0.078125,0.66921,15
513,33,-0.30273,2.2656,-0.79688,-2.3422,13
513,33,-0.30664,2.3145,-0.77344,-2.3422,13
513,33,-0.29883,2.3066,-0.52344,-2.0076,15
513,33,-0.22656,2.3457,-0.55859,-2.0076,43
513,33,-0.23047,2.3789,-0.58203,-2.0076,52
513,33,-0.23438,2.4238,-0.54883,-2.0076,29
513,33,-0.29883,2.3242,-0.43555,-1.673,14
513,33,-0.22656,2.375,-0.41406,-1.673,43
513,33,-0.23047,2.4121,-0.41797,-1.673,54
513,33,-0.23438,2.4531,-0.40625,-1.673,33
513,33,-0.23828,2.4727,-0.50781,-1.673,13
513,33,-0.22656,2.4063,-0.15234,-1.3384,13
513,33,-0.23047,2.4336,-0.27148,-1.3384,18
513,33,-0.23438,2.4648,-0.32227,-1.3384,17
513,33,-0.1582,2.4902,-0.44336,-1.3384,17
513,33,-0.24023,2.5156,-0.48242,-1.3384,13
513,33,-0.23828,2.5039,-0.3125,-1.0038,11
513,33,-0.24805,2.6074,-0.39063,-1.0038,11
513,33,0,2.6934,-0.40234,-1.0038,11
513,33,-0.085938,2.7305,-0.40625,-1.0038,15
513,33,-0.16797,2.6719,-0.21094,-0.66921,13
513,33,-0.085938,2.709,-0.27148,-0.66921,22
513,33,0,2.7559,-0.19141,-0.66921,24
513,33,0,2.7949,-0.14648,-0.66921,14
513,33,0.085938,2.7012,-0.34375,-0.33461,19
513,33,0.085938,2.7422,-0.32227,-0.33461,24
513,33,0.17578,2.7656,-0.40039,-0.33461,17
513,33,-1.1875,0.56055,2.168,-1.673,7
514,14,0,2.832,-0.16602,0.33461,16
514,14,-0.29883,2.3379,-0.35156,-0.66921,10
514,14,-0.30273,2.3926,-0.22266,-0.66921,12
514,14,-0.087891,2.7793,-0.56836,-0.66921,20
514,14,0,4.6973,0.81641,-0.66921,23
514,14,-0.28906,2.2891,-0.015625,-0.33461,9
514,14,-0.29297,2.3203,-0.16797,-0.33461,12
514,14,-0.29883,2.3594,-0.14648,-0.33461,13
514,14,-0.22656,2.4102,-0.068359,-0.33461,13
514,14,0,2.7676,-0.41797,-0.33461,34
514,14,-0.087891,2.793,-0.48828,-0.33461,34
514,14,0,4.6504,1.0449,-0.33461,20
514,14,-1.0645,0,2.6719,0.33461,11
514,14,-1.1172,0,2.3828,-0.66921,6
515,34,-0.22656,2.4102,-0.068359,0,12
515,34,-0.30664,2.4375,-0.125,0,13
515,34,-0.23438,2.4766,-0.21289,0,10
515,34,0,2.7129,-0.24414,0,32
515,34,0,2.748,-0.27539,0,63
515,34,0,2.7871,-0.26563,0,55
515,34,0,2.8164,-0.3418,0,18
515,34,0,2.8574,-0.31836,0,12
515,34,0,4.7676,1.043,0,9
515,34,-0.29297,2.3086,0.28906,0.33461,10
515,34,-0.29883,2.3594,0.16797,0.33461,25
515,34,-0.22656,2.4102,0.076172,0.33461,35
515,34,-0.23047,2.4473,0.068359,0.33461,32
515,34,-0.23438,2.4844,0.072266,0.33461,23
515,34,0.17188,2.7539,-0.13086,0.33461,34
515,34,0.17578,2.7871,-0.21094,0.33461,30
515,34,0.26563,2.8164,-0.22461,0.33461,21
515,34,-0.29883,2.3457,0.30273,0.66921,33
515,34,-0.22656,2.3945,0.27344,0.66921,39
515,34,-0.23047,2.4355,0.25195,0.66921,31
515,34,-0.23438,2.4785,0.20117,0.66921,22
515,34,-0.29883,2.3223,0.44336,1.0038,16
515,34,-0.30273,2.3672,0.4043,1.0038,16
515,34,0,2.6309,-0.70898,-0.66921,22
515,34,0,2.6816,-0.66211,-0.66921,50
515,34,0,2.7227,-0.6543,-0.66921,46
515,34,0,2.6934,-0.89063,-0.66921,16
515,34,0,2.6699,-0.53711,-0.33461,48
515,34,0,2.7148,-0.50586,-0.33461,102
515,34,-0.087891,2.7422,-0.55664,-0.33461,90
515,34,-0.087891,2.7109,-0.83008,-0.33461,28
515,34,0,4.7715,1.0293,-0.33461,17
515,34,-1.0645,1.3789,2.2402,-0.66921,10
515,34,-1.1523,0.8418,2.4531,-0.33461,18
516,14,0,2.7988,-0.039063,0,16
516,14,0,2.8379,-0.023438,0,17
516,14,0,2.8711,-0.14453,0,17
516,14,0,2.9043,-0.22656,0,10
516,14,-0.25586,2.6992,0.25586,0.33461,10
516,14,0,2.7813,-0.32031,0.33461,29
516,14,0,2.8359,-0.10938,0.33461,34
516,14,0,2.873,0.11328,0.33461,19
516,14,-0.3125,2.4434,0.41211,0.66921,12
516,14,-0.30273,2.3516,0.49609,1.3384,13
516,14,0,2.7598,-0.66016,-0.66921,13
516,14,0.087891,2.7598,-0.46289,-0.33461,35
516,14,0.087891,2.7852,-0.53906,-0.33461,41
516,14,0,2.8164,-0.57813,-0.33461,23
517,40,0,2.5723,0.070313,0,7
517,40,-0.24414,2.5996,0.0078125,0,10
517,40,0,2.7188,-0.17188,0,12
517,40,0,2.7598,-0.080078,0,24
517,40,0.087891,2.7988,-0.027344,0,25
517,40,0,2.8379,-0.052734,0,15
517,40,0.085938,2.7598,0.046875,0.33461,24
517,40,0,2.7988,0.072266,0.33461,52
517,40,0,2.8379,0.042969,0.33461,54
517,40,0.089844,2.873,0,0.33461,35
517,40,0.091797,2.9121,-0.060547,0.33461,18
517,40,-0.24023,2.5508,0.24219,0.66921,25
517,40,-0.16406,2.5879,0.30078,0.66921,32
517,40,-0.24805,2.623,0.27734,0.66921,22
517,40,-0.083984,2.6758,0.22852,0.66921,20
517,40,-0.16992,2.709,0.22656,0.66921,15
517,40,-0.23828,2.4727,0.50781,1.0038,26
517,40,-0.16016,2.5234,0.47461,1.0038,86
517,40,-0.16406,2.5645,0.45898,1.0038,113
517,40,-0.16602,2.6074,0.42969,1.0038,71
517,40,-0.16797,2.6563,0.35938,1.0038,29
517,40,-0.23828,2.4375,0.6543,1.3384,27
517,40,-0.24023,2.4805,0.63867,1.3384,80
517,40,-0.24414,2.5273,0.60742,1.3384,106
517,40,-0.16602,2.5781,0.58203,1.3384,65
517,40,-0.25195,2.6211,0.52734,1.3384,20
517,40,-0.3125,3.3125,-0.10742,1.3384,20
517,40,-0.24023,2.4121,0.85938,1.673,20
517,40,-0.24414,2.4805,0.77539,1.673,28
517,40,-0.24805,2.5391,0.71094,1.673,17
517,40,0,2.7188,-0.48438,-0.66921,22
517,40,0.087891,2.7637,-0.43555,-0.66921,32
517,40,0.087891,2.8047,-0.41992,-0.66921,27
517,40,0.089844,2.8281,-0.51563,-0.66921,17
517,40,0.085938,2.709,-0.27148,-0.33461,21
517,40,0.085938,2.748,-0.26172,-0.33461,64
517,40,0.087891,2.7871,-0.25977,-0.33461,92
517,40,0.087891,2.8242,-0.26953,-0.33461,78
517,40,0.17969,2.8613,-0.22656,-0.33461,51
517,40,0.18164,2.9043,-0.14258,-0.33461,27
518,41,0,2.6855,0.091797,0,20
518,41,0,2.7246,0.015625,0,30
518,41,0,2.7617,0.017578,0,27
518,41,0,2.7988,-0.037109,0,18
518,41,0,2.8359,0.074219,0,11
518,41,-0.20898,2.6621,-1.9883,0,16
518,41,-0.10547,2.8691,-1.7598,0,20
518,41,-0.16602,2.627,0.28516,0.33461,12
518,41,-0.16797,2.6504,0.40625,0.33461,32
518,41,-0.25586,2.6523,0.56445,0.33461,31
518,41,-0.3457,2.6523,-0.69141,0.33461,19
518,41,0,2.793,-0.20313,0.33461,23
518,41,-0.20898,2.9102,-1.6035,0.33461,29
518,41,-0.21094,3.0723,-1.3613,0.33461,38
518,41,0,3.2734,-0.93359,0.33461,23
518,41,-0.16602,2.5996,0.48242,0.66921,26
518,41,-0.16797,2.6328,0.50586,0.66921,58
518,41,-0.16992,2.668,0.52539,0.66921,54
518,41,-0.3457,2.6934,0.50391,0.66921,25
518,41,-0.20898,2.9941,-1.4434,0.66921,21
518,41,-0.21094,3.2051,-1.0117,0.66921,31
518,41,-0.21289,3.3438,-0.60742,0.66921,22
518,41,-0.16602,2.582,0.56836,1.0038,40
518,41,-0.16797,2.6191,0.57422,1.0038,76
518,41,-0.16992,2.6641,0.54102,1.0038,59
518,41,-0.17188,2.7285,0.39648,1.0038,23
518,41,-0.16602,2.5566,0.67188,1.3384,30
518,41,-0.083984,2.6016,0.66602,1.3384,56
518,41,-0.25586,2.6328,0.64844,1.3384,41
518,41,-0.25977,2.7227,0.38867,1.3384,12
518,41,-0.25195,2.5742,0.72266,1.673,16
518,41,-0.25586,2.5996,0.77539,1.673,13
518,41,0.085938,2.7109,-0.51758,-0.66921,18
518,41,0.17578,2.7539,-0.47656,-0.66921,14
518,41,0,2.666,-0.33008,-0.33461,13
518,41,0.085938,2.7012,-0.33789,-0.33461,37
518,41,0.085938,2.7383,-0.34961,-0.33461,55
518,41,0.17578,2.7715,-0.35742,-0.33461,43
518,41,0.17773,2.8105,-0.35547,-0.33461,22
518,41,0.35938,2.8262,-0.39648,-0.33461,18
518,41,0.27344,2.8867,-0.27148,-0.33461,21
519,33,-0.16992,2.6758,0.48242,0,37
519,33,-0.17188,2.7266,0.40625,0,67
519,33,-0.087891,2.7617,0.44727,0,44
519,33,-5.6758,0,0.70508,0,11
519,33,-0.16797,2.6055,0.62891,0.33461,18
519,33,-0.16992,2.6621,0.54883,0.33461,108
519,33,-0.085938,2.7129,0.50977,0.33461,217
519,33,-0.087891,2.7559,0.48242,0.33461,175
519,33,0,2.7715,0.60742,0.33461,40
519,33,0,2.8379,0.46289,0.33461,24
519,33,-0.2168,3.2852,-1.127,0.33461,24
519,33,5.498,0.92188,1.0645,0.33461,18
519,33,-0.16797,2.5313,0.88672,0.66921,14
519,33,-0.16992,2.6211,0.72461,0.66921,102
519,33,-0.17188,2.6758,0.66602,0.66921,230
519,33,-0.17578,2.7207,0.63281,0.66921,225
519,33,-0.17773,2.7676,0.60352,0.66921,93
519,33,-0.26953,2.793,0.63086,0.66921,26
519,33,-0.32227,3.1855,-1.2676,0.66921,21
519,33,-0.2168,3.3242,-1.0098,0.66921,29
519,33,-0.25586,2.5508,0.92188,1.0038,32
519,33,-0.17188,2.6289,0.83008,1.0038,83
519,33,-0.26172,2.6738,0.79102,1.0038,92
519,33,-0.17773,2.7266,0.76563,1.0038,52
519,33,-0.17969,2.7676,0.75781,1.0038,18
519,33,0.085938,2.6836,-0.45898,-0.33461,14
519,33,0.085938,2.752,-0.20703,-0.33461,25
519,33,0,2.7988,0.015625,-0.33461,26
519,33,0,2.834,0.12891,-0.33461,21
519,33,0,2.875,0.029297,-0.33461,14
519,33,-2.1289,2.0684,-4.8379,0,6
519,33,-1.9512,0,-5.4668,0.33461,11
519,33,-0.089844,2.7949,0.66992,0.66921,26
520,24,-0.17188,2.7012,0.55273,0,36
520,24,-0.17578,2.748,0.50586,0,112
520,24,-0.087891,2.7988,0.46289,0,136
520,24,-0.17969,2.8379,0.42578,0,81
520,24,-0.091797,2.8867,0.37891,0,25
520,24,-0.17188,2.6602,0.72461,0.33461,78
520,24,-0.17578,2.7148,0.6582,0.33461,227
520,24,-0.087891,2.7715,0.60352,0.33461,284
520,24,-0.089844,2.8281,0.51367,0.33461,172
520,24,-0.091797,2.8926,0.3418,0.33461,58
520,24,-0.17188,2.6016,0.91016,0.66921,35
520,24,-0.087891,2.668,0.8418,0.66921,102
520,24,-0.17773,2.7188,0.79297,0.66921,129
520,24,-0.17969,2.7813,0.70703,0.66921,78
520,24,0,2.8477,0.61328,0.66921,25
520,24,0,2.7988,-0.042969,-0.66921,12
520,24,0,2.8359,-0.11328,-0.66921,17
520,24,0,2.8691,-0.19922,-0.66921,12
520,24,0,2.7383,0.36719,-0.33461,13
520,24,0,2.7949,0.16016,-0.33461,31
520,24,0,2.8379,0,-0.33461,41
520,24,0.089844,2.8652,-0.21875,-0.33461,33
520,24,0.18164,2.875,-0.4375,-0.33461,16
520,24,-1.168,0,-2.8008,-0.66921,7
521,4,0,2.7734,0.60352,0.33461,21
521,4,0,2.8418,0.44141,0.33461,17
521,4,0,2.8223,0.29688,-0.33461,19
521,4,0,2.8711,0.16992,-0.33461,16
545,4,-0.17969,2.8535,-0.30469,0,8
545,4,0,2.8926,-0.34766,0,8
545,4,0,2.8223,-0.54688,-0.33461,24
545,4,0,2.8418,-0.64063,-0.33461,24
546,16,-0.087891,2.8301,-0.19727,0,19
546,16,-0.089844,2.8633,-0.24023,0,30
546,16,-0.091797,2.8906,-0.3457,0,23
546,16,0,2.9434,-0.20508,0,9
546,16,0.087891,2.7988,0.027344,0.33461,14
546,16,0.17773,2.832,0.025391,0.33461,22
546,16,0.26953,2.8613,0.064453,0.33461,21
546,16,-0.17773,2.75,-0.67383,-0.66921,15
546,16,-0.17969,2.7891,-0.67773,-0.66921,23
546,16,-0.091797,2.8262,-0.70313,-0.66921,18
546,16,-0.17773,2.7852,-0.51172,-0.33461,29
546,16,-0.26953,2.8047,-0.57227,-0.33461,46
546,16,-0.18164,2.8535,-0.55664,-0.33461,38
546,16,0,2.8926,-0.58789,-0.33461,17
546,16,-5.7891,0,-0.95703,-0.33461,13
546,16,-1.1992,1.293,2.3652,-0.33461,9
547,33,0,2.748,-0.2832,0,14
547,33,0,2.7891,-0.24805,0,33
547,33,0,2.832,-0.17578,0,37
547,33,0,2.8711,-0.13867,0,21
547,33,0,2.8984,-0.29883,0,11
547,33,0.085938,2.7227,-0.056641,0.33461,20
547,33,0,2.7598,0.10742,0.33461,32
547,33,0,2.7891,0.24609,0.33461,32
547,33,0,2.8379,0.0039063,0.33461,37
547,33,0,2.873,-0.10742,0.33461,33
547,33,0.091797,2.8984,-0.28125,0.33461,22
547,33,0.085938,2.75,0.24414,0.66921,11
547,33,0,2.834,0.12109,0.66921,12
547,33,-0.17578,2.6875,-0.76367,-1.0038,22
547,33,-0.087891,2.7402,-0.73242,-1.0038,28
547,33,0,2.7891,-0.69727,-1.0038,19
547,33,0,2.7539,-0.2207,-0.66921,23
547,33,0,2.7754,-0.36328,-0.66921,59
547,33,0,2.7988,-0.46289,-0.66921,71
547,33,0,2.8184,-0.57227,-0.66921,44
547,33,0,2.8418,-0.64063,-0.66921,21
547,33,5.5703,0.9082,-1.0996,-0.66921,16
547,33,0.085938,2.709,-0.26758,-0.33461,15
547,33,0,2.7617,-0.058594,-0.33461,43
547,33,0,2.791,-0.23047,-0.33461,101
547,33,0,2.8184,-0.32813,-0.33461,116
547,33,0,2.8457,-0.41016,-0.33461,65
547,33,0,2.8477,-0.61719,-0.33461,20
547,33,5.5352,1.0859,-0.91016,-0.33461,13
547,33,5.5703,1.1152,-0.89063,-0.33461,16
547,33,-1.1836,1.0801,2.4336,-0.66921,11
547,33,-1.1836,0.80078,2.5391,-0.33461,11
547,33,-0.17773,5.7051,0.22852,-0.33461,7
548,27,-0.17188,2.7539,-0.13086,0,19
548,27,-0.17578,2.793,-0.10938,0,16
548,27,0,2.8281,-0.24023,0,11
548,27,0,2.8711,-0.14258,0,23
548,27,0,2.9121,0.10547,0,8
548,27,0.085938,2.6992,-0.35938,0.33461,13
548,27,0.085938,2.75,-0.23438,0.33461,25
548,27,0,2.7969,-0.13477,0.33461,33
548,27,0,2.8379,0.046875,0.33461,40
548,27,0,2.8594,0.29883,0.33461,35
548,27,0,2.8691,0.50391,0.33461,25
548,27,0.087891,2.8145,0.35352,0.66921,13
548,27,-0.25195,2.5391,-0.83789,-1.673,13
548,27,0,2.6289,-0.54688,-1.3384,11
548,27,0,2.6836,-0.46875,-1.0038,13
548,27,-0.085938,2.7266,-0.42969,-1.0038,15
548,27,0,2.6992,-0.37109,-0.66921,25
548,27,0,2.7285,-0.42773,-0.66921,41
548,27,0,2.75,-0.52734,-0.66921,32
548,27,0,2.8281,-0.23828,-0.66921,11
548,27,0,2.8359,-0.4707,-0.66921,23
548,27,0,2.6895,-0.42969,-0.33461,28
548,27,0,2.7305,-0.41992,-0.33461,64
548,27,0,2.7676,-0.41992,-0.33461,62
548,27,0.087891,2.8281,-0.2168,-0.33461,26
548,27,0,2.8652,-0.25195,-0.33461,38
548,27,0,2.9023,-0.24219,-0.33461,28
549,18,-0.16992,2.7188,-0.027344,0,17
549,18,0,2.7598,0.099609,0,19
549,18,0,2.7988,0.011719,0,14
549,18,0,2.7246,0.025391,0.33461,15
549,18,0.17188,2.7559,-0.082031,0.33461,32
549,18,0.17578,2.7871,-0.1875,0.33461,26
549,18,0.087891,2.7949,0.47656,0.33461,15
549,18,0.089844,2.873,0.091797,0.33461,24
549,18,0.091797,2.9082,0.14648,0.33461,19
549,18,-0.16797,2.6641,-0.30664,-0.66921,21
549,18,-0.16992,2.7031,-0.29102,-0.66921,30
549,18,-0.17188,2.7441,-0.26172,-0.66921,22
549,18,-0.16797,2.6797,-0.080078,-0.33461,20
549,18,-0.16992,2.7148,-0.14063,-0.33461,33
549,18,-0.17188,2.75,-0.18164,-0.33461,25
549,18,0,2.8242,-0.2832,-0.33461,21
549,18,0,2.8516,-0.37109,-0.33461,25
549,18,0,2.875,-0.46484,-0.33461,22
550,28,0,2.7734,-0.38672,0,15
550,28,0,2.8184,-0.32813,0,14
550,28,0,2.8711,-0.14063,0,13
550,28,0,2.9141,0.019531,0,9
550,28,0,4.4629,1.0234,0,12
550,28,0,4.543,0.81445,0,16
550,28,-0.14453,4.6152,0.58008,0,11
550,28,0,4.6836,0.89258,0,18
550,28,0,4.7422,0.77539,0,13
550,28,0,2.6582,-0.59375,0.33461,20
550,28,0.085938,2.6758,-0.67773,0.33461,32
550,28,0,2.7109,-0.69727,0.33461,27
550,28,0.087891,2.8242,-0.26563,0.33461,27
550,28,0.089844,2.873,-0.050781,0.33461,31
550,28,0.18164,2.9063,0.076172,0.33461,24
550,28,-0.22266,2.3555,-0.28125,-0.66921,12
550,28,0,4.6133,0.16602,-0.66921,22
550,28,-0.23047,2.4492,-0.017578,-0.33461,13
550,28,-0.3125,2.4746,-0.099609,-0.33461,11
550,28,0,4.5352,0.62109,-0.33461,23
550,28,0,4.582,0.54883,-0.33461,33
550,28,0,4.6348,0.41406,-0.33461,20
550,28,0,4.6953,0.55859,-0.33461,19
550,28,0,4.7461,0.45313,-0.33461,33
550,28,-0.15039,4.793,0.31055,-0.33461,25
550,28,-0.96289,0.5918,2.5605,0,8
550,28,-1.0918,1.0605,-2.4824,0,5
550,28,-0.96289,0.72461,2.5273,0.33461,14
551,28,-0.17578,2.7852,-0.22266,0,23
551,28,0,2.832,-0.17188,0,22
551,28,0,2.875,-0.056641,0,16
551,28,0,2.9121,-0.037109,0,17
551,28,0,2.9512,0.048828,0,15
551,28,0,2.9883,0.082031,0,9
551,28,-0.29297,2.3262,0.083984,0.33461,10
551,28,-0.29883,2.3652,0.03125,0.33461,10
551,28,0.085938,2.7559,-0.15625,0.33461,39
551,28,0,2.7988,-0.10156,0.33461,66
551,28,0,2.8379,-0.052734,0.33461,55
551,28,0,2.875,-0.035156,0.33461,20
551,28,-0.087891,2.7969,0.078125,0.66921,26
551,28,0,2.832,0.18945,0.66921,20
551,28,0.087891,2.7832,-0.28711,-0.66921,16
551,28,0,2.8223,-0.29102,-0.66921,17
551,28,0,2.8633,-0.25586,-0.66921,16
551,28,0,2.8887,-0.37305,-0.66921,19
551,28,0,2.9316,-0.3457,-0.66921,20
551,28,0.17188,2.6816,-0.64063,-0.33461,21
551,28,0.087891,2.7637,-0.44336,-0.33461,33
551,28,0,2.8301,-0.20703,-0.33461,33
551,28,0,2.8691,-0.17773,-0.33461,32
551,28,0,2.9102,-0.12695,-0.33461,36
551,28,0,2.9453,-0.19336,-0.33461,35
551,28,0,2.9785,-0.25391,-0.33461,19
551,28,-1.0645,0,-2.7422,-0.66921,9
551,28,-0.97461,0,-2.8184,-0.33461,17
552,39,-0.16016,2.5645,-0.13672,0,10
552,39,-0.16406,2.6055,-0.068359,0,14
552,39,0,2.7012,-0.34766,0,32
552,39,0,2.7383,-0.35742,0,49
552,39,0,2.7734,-0.37695,0,36
552,39,0,2.8672,0.20703,0,10
552,39,-0.16016,2.5625,0.16016,0.33461,17
552,39,-0.16406,2.6035,0.091797,0.33461,27
552,39,-0.16602,2.6426,0.072266,0.33461,18
552,39,0,2.7852,0.29297,0.33461,22
552,39,0,2.8359,0.060547,0.33461,25
552,39,0.089844,2.873,-0.044922,0.33461,24
552,39,0,2.9102,-0.13867,0.33461,16
552,39,-0.23047,2.4395,0.20313,0.66921,17
552,39,-0.23438,2.4746,0.24805,0.66921,25
552,39,-0.23828,2.5195,0.1582,0.66921,23
552,39,-0.24023,2.5508,0.22852,0.66921,16
552,39,-0.2207,2.2969,0.41797,1.0038,15
552,39,-0.22266,2.3418,0.37891,1.0038,23
552,39,-0.22656,2.3828,0.36523,1.0038,27
552,39,-0.23047,2.4199,0.36914,1.0038,27
552,39,-0.23438,2.4512,0.41211,1.0038,29
552,39,-0.23828,2.4883,0.41797,1.0038,25
552,39,-0.2207,2.2969,0.42578,1.3384,18
552,39,-0.29883,2.3066,0.52539,1.3384,24
552,39,-0.22656,2.3516,0.53516,1.3384,23
552,39,-0.23047,2.3867,0.54492,1.3384,17
552,39,-0.39063,2.4063,0.54102,1.3384,12
552,39,0,2.6582,-0.5957,-0.66921,23
552,39,0,2.6934,-0.60938,-0.66921,40
552,39,0,2.7324,-0.60742,-0.66921,33
552,39,0,2.7715,-0.60938,-0.66921,13
552,39,0,2.6816,-0.47852,-0.33461,55
552,39,0,2.7246,-0.44922,-0.33461,98
552,39,0,2.7656,-0.42969,-0.33461,82
552,39,0,2.7949,-0.48828,-0.33461,34
552,39,0.089844,2.8691,-0.15039,-0.33461,24
552,39,0.091797,2.9043,-0.21289,-0.33461,24
552,39,-1.002,0,-2.8633,0.33461,10
553,37,0,2.4961,0,0,8
553,37,0,2.5352,0.029297,0,13
553,37,-0.16016,2.5684,-0.0097656,0,12
553,37,-0.16406,2.6055,-0.023438,0,10
553,37,-0.16602,2.6426,-0.074219,0,13
553,37,-0.085938,2.7129,-0.22461,0,17
553,37,0,2.7461,-0.28906,0,22
553,37,-0.16406,2.5977,0.20898,0.33461,20
553,37,-0.16602,2.6348,0.19922,0.33461,31
553,37,0,2.6836,0.11523,0.33461,23
553,37,0,2.7227,0.082031,0.33461,19
553,37,0.085938,2.7598,0,0.33461,25
553,37,0,2.7988,0.046875,0.33461,30
553,37,0,2.8281,0.23438,0.33461,25
553,37,-0.23438,2.4531,0.40625,0.66921,17
553,37,-0.1582,2.5039,0.36719,0.66921,38
553,37,-0.16016,2.5449,0.34375,0.66921,42
553,37,-0.16406,2.5859,0.31445,0.66921,31
553,37,-0.16602,2.625,0.31641,0.66921,29
553,37,-0.083984,2.6641,0.33398,0.66921,18
553,37,-0.15625,2.4414,0.50391,1.0038,32
553,37,-0.1582,2.4824,0.49023,1.0038,59
553,37,-0.16016,2.5176,0.50586,1.0038,56
553,37,-0.24414,2.5625,0.4375,1.0038,30
553,37,-0.30469,3.041,-1.1172,1.0038,17
553,37,-0.15625,2.4004,0.66602,1.3384,36
553,37,-0.23828,2.4512,0.60156,1.3384,59
553,37,-0.24023,2.4941,0.58203,1.3384,41
553,37,-0.3125,2.2598,1.0137,1.673,12
553,37,-0.23828,2.3691,0.86914,1.673,21
553,37,-0.16016,2.4629,0.72656,1.673,15
553,37,0.085938,2.6816,-0.6582,-0.66921,15
553,37,0,2.748,-0.53906,-0.66921,15
553,37,0.085938,2.6934,-0.39648,-0.33461,23
553,37,0,2.7148,-0.50391,-0.33461,44
553,37,0.087891,2.7734,-0.36719,-0.33461,46
553,37,0,2.8301,-0.19727,-0.33461,36
554,35,0,2.6465,-0.11523,0,11
554,35,-0.083984,2.6816,0.13867,0,18
554,35,-0.16992,2.7148,0.12891,0,22
554,35,0,2.7617,0.068359,0,25
554,35,-0.087891,2.7988,0,0,24
554,35,0,2.8359,-0.085938,0,16
554,35,-0.082031,2.6445,0.12305,0.33461,15
554,35,-0.083984,2.6777,0.19336,0.33461,48
554,35,-0.085938,2.7207,0.11133,0.33461,61
554,35,-0.17188,2.7559,-0.037109,0.33461,51
554,35,-0.087891,2.7969,0.070313,0.33461,50
554,35,-0.17773,2.8301,0.074219,0.33461,36
554,35,-0.16016,2.5098,0.53906,0.66921,18
554,35,-0.16406,2.5605,0.48242,0.66921,59
554,35,-0.082031,2.6191,0.38672,0.66921,67
554,35,-0.083984,2.668,0.29688,0.66921,38
554,35,-0.16992,2.7012,0.3125,0.66921,54
554,35,-0.17188,2.7461,0.25,0.66921,36
554,35,-0.17578,2.7891,0.17578,0.66921,23
554,35,-0.16016,2.4766,0.67578,1.0038,36
554,35,-0.16406,2.5332,0.60547,1.0038,129
554,35,-0.16602,2.5801,0.57031,1.0038,168
554,35,-0.16797,2.6348,0.49414,1.0038,90
554,35,-0.16992,2.668,0.52148,1.0038,24
554,35,-0.24023,2.4277,0.81641,1.3384,23
554,35,-0.16406,2.4941,0.75391,1.3384,87
554,35,-0.16602,2.543,0.71875,1.3384,119
554,35,-0.16797,2.5977,0.66406,1.3384,70
554,35,0,2.6699,0.53711,1.3384,14
554,35,-0.16406,2.4707,0.83008,1.673,12
554,35,-0.16602,2.5059,0.83789,1.673,17
554,35,0.16992,2.7109,-0.20898,-0.33461,21
554,35,0.085938,2.7441,-0.29688,-0.33461,26
554,35,0,2.7813,-0.32227,-0.33461,19
554,35,0,2.8379,-0.050781,-0.33461,16
555,33,0,2.6836,0.12305,0,20
555,33,-0.16992,2.7148,0.13477,0,48
555,33,-0.085938,2.7598,0.083984,0,51
555,33,-0.087891,2.7988,0.041016,0,28
555,33,0,2.8379,0.015625,0,14
555,33,0,2.7559,-1.8691,0,13
555,33,0,2.873,-1.7578,0,16
555,33,-0.25195,2.6387,0.43359,0.33461,38
555,33,-0.16992,2.6934,0.36914,0.33461,84
555,33,-0.17188,2.7422,0.27734,0.33461,86
555,33,-0.17578,2.7871,0.21094,0.33461,40
555,33,-0.20898,2.8613,-1.6875,0.33461,27
555,33,-0.10547,2.8594,-1.7754,0.33461,32
555,33,-0.25195,2.5449,0.82422,0.66921,29
555,33,-0.25586,2.6328,0.65234,0.66921,44
555,33,-0.25977,2.709,0.4707,0.66921,43
555,33,-0.26172,2.7168,0.62109,0.66921,23
555,33,-0.083984,2.582,0.73828,1.0038,28
555,33,-0.085938,2.6426,0.6582,1.0038,47
555,33,-0.17188,2.6758,0.66211,1.0038,39
555,33,-0.16797,2.5078,0.94727,1.3384,15
555,33,-0.16992,2.582,0.85156,1.3384,31
555,33,-0.17188,2.6152,0.87109,1.3384,29
555,33,0.16992,2.6758,-0.48047,-0.66921,12
555,33,0.085938,2.7188,-0.47656,-0.66921,15
555,33,0.17578,2.7422,-0.5332,-0.66921,12
555,33,0.083984,2.6758,-0.22852,-0.33461,13
555,33,0.085938,2.707,-0.28906,-0.33461,37
555,33,0.085938,2.7402,-0.33398,-0.33461,48
555,33,0.17578,2.7715,-0.36133,-0.33461,35
555,33,0.26563,2.7891,-0.44336,-0.33461,24
555,33,0.35938,2.7891,-0.60156,-0.33461,19
555,33,-0.94922,1.0566,2.3691,-0.66921,8
556,20,-0.16992,2.6855,0.42383,0,33
556,20,-0.17188,2.7363,0.33203,0,98
556,20,-0.087891,2.7832,0.28125,0,113
556,20,-0.087891,2.8281,0.20898,0,56
556,20,-0.17969,2.8652,0.15234,0,20
556,20,-0.16992,2.668,0.52734,0.33461,63
556,20,-0.085938,2.7168,0.48438,0.33461,182
556,20,-0.17578,2.7559,0.45703,0.33461,204
556,20,-0.087891,2.8125,0.37109,0.33461,106
556,20,-0.089844,2.8555,0.32422,0.33461,43
556,20,0,2.8965,0.31641,0.33461,32
556,20,-0.32617,3.3203,-0.99219,0.33461,21
556,20,-0.16992,2.6191,0.72656,0.66921,35
556,20,-0.17188,2.6758,0.66602,0.66921,100
556,20,-0.17578,2.7168,0.65234,0.66921,108
556,20,-0.17773,2.7773,0.55078,0.66921,43
556,20,0,2.6777,-0.49805,-0.33461,14
556,20,0,2.6563,-0.75781,-0.33461,13
556,20,0,2.8379,-0.050781,-0.33461,11
556,20,0,2.873,-0.11133,-0.33461,17
557,19,-0.17188,2.7168,0.46094,0,27
557,19,-0.087891,2.7598,0.46094,0,106
557,19,-0.087891,2.7969,0.4668,0,171
557,19,-0.089844,2.8418,0.43164,0,127
557,19,-0.091797,2.8867,0.375,0,46
557,19,-0.085938,2.7109,0.52344,0.33461,58
557,19,-0.17578,2.7227,0.62891,0.33461,210
557,19,-0.17773,2.7598,0.63477,0.33461,332
557,19,-0.089844,2.8047,0.62891,0.33461,249
557,19,-0.18164,2.8555,0.54883,0.33461,91
557,19,-0.17188,2.6602,0.72461,0.66921,25
557,19,-0.17578,2.6738,0.8125,0.66921,97
557,19,-0.087891,2.7148,0.82031,0.66921,150
557,19,-0.17969,2.752,0.81445,0.66921,116
557,19,-0.18164,2.7969,0.79492,0.66921,41
557,19,0,2.748,-0.2832,-0.33461,11
557,19,0,2.7969,-0.11133,-0.33461,22
557,19,0,2.8379,0.029297,-0.33461,30
557,19,0,2.875,-0.070313,-0.33461,23
558,3,-0.26563,2.75,0.65039,0.33461,21
558,3,-0.17969,2.8203,0.5293,0.33461,23
558,3,-0.091797,2.8652,0.51367,0.33461,17
559,5,0,2.7148,0.50391,0.33461,15
559,5,0.087891,2.7793,0.31836,0.33461,15
559,5,0.085938,2.75,0.24609,-0.33461,12
559,5,0.087891,2.7988,0.048828,-0.33461,11
559,5,-0.875,1.1309,2.4082,-0.33461,6
584,1,0.089844,2.8223,-0.53906,-0.33461,12
585,14,0,2.8379,-0.45703,0,13
585,14,-0.18164,2.8672,-0.47852,0,12
585,14,0.17188,2.75,-0.1875,0.33461,11
585,14,0.087891,2.7988,0.0097656,0.33461,14
585,14,0.087891,2.8359,0.037109,0.33461,16
585,14,0.089844,2.873,-0.085938,0.33461,19
585,14,0,2.9082,-0.16016,0.33461,15
585,14,0,2.793,-0.67969,-0.66921,14
585,14,0.085938,2.6699,-0.70313,-0.33461,10
585,14,0.17578,2.7441,-0.52344,-0.33461,12
585,14,0,2.8125,-0.38086,-0.33461,22
585,14,0,2.8398,-0.45508,-0.33461,38
585,14,0,2.8691,-0.50391,-0.33461,33
585,14,0,2.9082,-0.5,-0.33461,16
586,23,0,2.7891,-0.25391,0,12
586,23,-0.087891,2.8203,-0.29102,0,39
586,23,-0.089844,2.8594,-0.2832,0,52
586,23,-0.091797,2.8965,-0.30469,0,33
586,23,0,2.9238,-0.4043,0,11
586,23,5.6074,1.2383,-0.72461,0,10
586,23,5.6445,1.3164,-0.5957,0,9
586,23,0,2.6699,-0.95898,-1.0038,12
586,23,-0.089844,2.7109,-0.95703,-1.0038,26
586,23,-0.091797,2.7656,-0.91016,-1.0038,25
586,23,0,2.7617,-0.46484,-0.66921,11
586,23,-0.17773,2.7559,-0.65625,-0.66921,36
586,23,-0.17969,2.7793,-0.7168,-0.66921,55
586,23,-0.091797,2.8359,-0.65625,-0.66921,47
586,23,-0.091797,2.8691,-0.6875,-0.66921,24
586,23,-0.087891,2.7871,-0.24219,-0.33461,22
586,23,-0.17773,2.8066,-0.37109,-0.33461,64
586,23,-0.17969,2.834,-0.44727,-0.33461,84
586,23,-0.091797,2.873,-0.47461,-0.33461,53
586,23,-0.091797,2.9258,-0.38086,-0.33461,24
586,23,-5.75,0,-1.3984,-0.33461,14
586,23,-5.7891,0,-1.2188,-0.33461,21
586,23,5.6445,0.80859,-1.1992,-0.33461,17
587,27,-0.25977,2.7207,-0.39258,0,13
587,27,0,2.7988,-0.097656,0,13
587,27,-0.087891,2.834,-0.10156,0,21
587,27,-0.17969,2.8613,-0.22461,0,18
587,27,0.085938,2.709,-0.26367,0.33461,14
587,27,-0.087891,2.7852,0.26563,0.33461,30
587,27,0,2.8301,0.19727,0.33461,22
587,27,-0.25977,2.5957,-0.90625,-1.3384,11
587,27,0,2.6758,-0.82617,-1.3384,17
587,27,0,2.7188,-0.8125,-1.3384,12
587,27,-0.085938,2.6719,-0.69336,-1.0038,58
587,27,-0.087891,2.7148,-0.68164,-1.0038,113
587,27,-0.087891,2.7559,-0.67383,-1.0038,99
587,27,-0.089844,2.7871,-0.70508,-1.0038,40
587,27,-0.17188,2.709,-0.51172,-0.66921,75
587,27,-0.17578,2.7539,-0.47461,-0.66921,172
587,27,-0.087891,2.7969,-0.46484,-0.66921,175
587,27,-0.089844,2.834,-0.47656,-0.66921,78
587,27,5.5352,0.72266,-1.2188,-0.66921,15
587,27,5.5703,0.79688,-1.1836,-0.66921,16
587,27,0.085938,2.6055,-0.78906,-0.33461,11
587,27,-0.17188,2.7344,-0.35352,-0.33461,28
587,27,-0.087891,2.7891,-0.22656,-0.33461,97
587,27,-0.17773,2.8203,-0.25391,-0.33461,120
587,27,-0.17969,2.8555,-0.27539,-0.33461,60
587,27,0,2.8438,-0.63086,-0.33461,12
587,27,2.6406,1.1992,-0.28125,-0.33461,9
588,26,-0.16992,2.7031,0.28906,0,11
588,26,-0.17188,2.748,0.20898,0,18
588,26,-0.17578,2.7676,0.38867,0,11
588,26,0,2.834,0.12305,0,16
588,26,0,2.875,0.013672,0,17
588,26,0,2.9141,-0.021484,0,13
588,26,0,2.7051,0.56055,0.33461,14
588,26,-0.17773,2.6074,-1.1074,0.33461,15
588,26,-0.16602,2.4941,-0.87305,-2.0076,13
588,26,-0.25195,2.5625,-0.76758,-2.0076,14
588,26,-0.24805,2.5547,-0.65039,-1.673,22
588,26,-0.25195,2.6016,-0.61914,-1.673,23
588,26,-0.25586,2.6641,-0.51172,-1.673,12
588,26,-0.24805,2.6035,-0.42188,-1.3384,13
588,26,-0.25195,2.6504,-0.35156,-1.3384,13
588,26,0,2.7383,-0.36133,-0.66921,17
588,26,-0.087891,2.7813,-0.30664,-0.66921,15
588,26,0,2.709,-0.2793,-0.33461,12
588,26,-0.17188,2.7441,-0.25781,-0.33461,24
588,26,-0.26172,2.7695,-0.3125,-0.33461,17
588,26,0.26563,2.7695,0.55859,-0.33461,15
588,26,0.17969,2.8652,-0.16211,-0.33461,15
588,26,-0.18164,2.7402,-0.97266,-0.33461,17
588,26,-0.88672,1.5684,-2.1914,-0.33461,10
588,26,-0.89844,0.48828,-2.6875,-0.33461,11
588,26,-1.1836,0.85547,2.5215,-0.33461,10
589,21,-0.087891,2.7969,-0.064453,0,11
589,21,0,2.832,-0.1875,0,12
589,21,0,2.8711,-0.14844,0,9
589,21,0,2.7207,-0.13477,0.33461,16
589,21,0,2.7598,0.12305,0.33461,34
589,21,0,2.7891,0.23633,0.33461,30
589,21,0,2.834,0.13867,0.33461,16
589,21,0,2.875,0.080078,0.33461,13
589,21,0,2.9121,0.076172,0.33461,18
589,21,0,2.75,0.26172,0.66921,12
589,21,-0.23047,2.3418,-0.71289,-2.3422,11
589,21,-0.37891,2.3301,-0.53711,-2.0076,13
589,21,-0.30664,2.375,-0.5625,-2.0076,22
589,21,-0.23438,2.4219,-0.55859,-2.0076,19
589,21,0,2.7012,-0.73438,-0.66921,14
589,21,0,2.7578,-0.66992,-0.66921,16
589,21,0,2.7188,-0.48242,-0.33461,23
589,21,0,2.7715,-0.40234,-0.33461,40
589,21,-0.087891,2.7969,-0.47266,-0.33461,36
589,21,0,2.8262,-0.53516,-0.33461,17
589,21,-1.0781,0.79688,2.543,-0.33461,9
590,28,0,2.7813,-0.32031,0,18
590,28,0,2.8145,-0.35742,0,11
590,28,0,2.9121,0.10742,0,19
590,28,0,2.9512,0,0,14
590,28,0,4.7188,0.67188,0,13
590,28,0,4.75,0.72852,0,10
590,28,0,2.7617,-0.044922,0.33461,34
590,28,0,2.7988,-0.078125,0.33461,47
590,28,0,2.834,-0.14063,0.33461,27
590,28,-0.97461,7.7168,-0.49023,0.33461,13
590,28,0,2.7617,0.072266,0.66921,12
590,28,0,2.7988,0.048828,0.66921,18
590,28,0,2.8359,0.11523,0.66921,11
590,28,-0.29297,2.3164,-0.22852,-0.66921,15
590,28,-0.22266,2.3652,-0.20313,-0.66921,16
590,28,-0.30273,2.3828,-0.30273,-0.66921,14
590,28,-0.14844,4.7617,0.17773,-0.66921,29
590,28,-0.15039,4.7969,0.23633,-0.66921,21
590,28,-0.29883,2.3516,-0.24414,-0.33461,11
590,28,-0.091797,2.9043,-0.19531,-0.33461,24
590,28,0,2.9355,-0.31055,-0.33461,21
590,28,0,4.543,0.55859,-0.33461,14
590,28,-0.28906,4.5859,0.44336,-0.33461,15
590,28,0,4.752,0.38867,-0.33461,32
590,28,-0.15039,4.7969,0.2207,-0.33461,25
590,28,0,4.9023,0.39453,-0.33461,14
590,28,-1.1523,0.19922,2.5859,0,6
590,28,-1.0645,0,2.748,0.33461,15
591,26,-0.2168,2.2969,0.054688,0,10
591,26,-0.2207,2.334,0.078125,0,14
591,26,-0.22266,2.373,-0.023438,0,10
591,26,0,2.7344,-0.38672,0,19
591,26,0,2.791,-0.20703,0,28
591,26,-0.17773,2.8145,-0.31641,0,22
591,26,-0.2832,2.25,0.11719,0.33461,13
591,26,-0.2168,2.2969,0.082031,0.33461,24
591,26,-0.2207,2.332,0.12695,0.33461,32
591,26,-0.22266,2.373,0.027344,0.33461,22
591,26,0,2.7617,-0.0625,0.33461,24
591,26,0,2.7988,-0.0097656,0.33461,33
591,26,-0.17773,2.832,-0.056641,0.33461,31
591,26,-0.17969,2.8672,0.11523,0.33461,22
591,26,-0.28906,2.2695,0.29688,0.66921,22
591,26,-0.29297,2.3184,0.20313,0.66921,27
591,26,-0.22266,2.3555,0.28711,0.66921,20
591,26,-0.087891,2.7891,-0.22461,-0.66921,17
591,26,0,2.7441,0.31641,-0.33461,19
591,26,0,2.7969,0.10547,-0.33461,29
591,26,0,2.873,-0.09375,-0.33461,11
591,26,-0.091797,2.9082,-0.14258,-0.33461,24
591,26,0,2.9512,-0.054688,-0.33461,20
591,26,-0.26563,8.4395,0.72852,-0.33461,17
591,26,-0.98828,0,2.8301,-0.33461,6
591,26,-3.1777,4.3633,-6.5332,-0.33461,10
592,38,0,2.6094,-0.087891,0,12
592,38,-0.24805,2.6328,-0.15234,0,18
592,38,-0.083984,2.6836,-0.10156,0,14
592,38,-0.085938,2.6719,-0.69531,0,23
592,38,-0.087891,2.748,-0.53125,0,29
592,38,0,2.7891,-0.51758,0,17
592,38,-0.18164,2.9082,-0.021484,0,12
592,38,-0.24414,2.5918,0.19141,0.33461,21
592,38,-0.16602,2.6406,0.11914,0.33461,36
592,38,-0.16797,2.6816,0.03125,0.33461,29
592,38,-0.085938,2.7207,-0.10156,0.33461,19
592,38,0,2.7266,-0.44141,0.33461,25
592,38,0,2.7617,-0.45508,0.33461,29
592,38,-0.22656,2.4063,0.16016,0.66921,16
592,38,-0.23047,2.4395,0.20703,0.66921,23
592,38,-0.23828,2.5137,0.23242,0.66921,14
592,38,-0.24805,2.627,0.22656,0.66921,24
592,38,-0.16797,2.668,0.26367,0.66921,22
592,38,-0.22266,2.3125,0.5293,1.0038,12
592,38,-0.22656,2.3809,0.38281,1.0038,41
592,38,-0.23047,2.418,0.38867,1.0038,55
592,38,-0.15625,2.4648,0.36328,1.0038,28
592,38,-0.23828,2.502,0.32617,1.0038,18
592,38,-0.24023,2.5371,0.3457,1.0038,19
592,38,-0.22266,2.3105,0.54297,1.3384,15
592,38,-0.22656,2.3379,0.58789,1.3384,33
592,38,-0.23047,2.3945,0.51172,1.3384,42
592,38,-0.23438,2.4355,0.49414,1.3384,21
592,38,0,2.6152,-0.88477,-0.66921,29
592,38,0,2.6641,-0.85938,-0.66921,33
592,38,0,2.6738,-0.94922,-0.66921,18
592,38,-0.085938,2.5879,-0.8457,-0.33461,23
592,38,0,2.6445,-0.79492,-0.33461,63
592,38,0,2.7031,-0.73242,-0.33461,77
592,38,0,2.7285,-0.7793,-0.33461,44
592,38,0,2.8398,-0.45508,-0.33461,11
592,38,0,2.9121,-0.076172,-0.33461,19
592,38,-2.7852,0,-0.96289,-0.33461,6
593,41,-0.16406,2.6055,-0.023438,0,10
593,41,-0.16602,2.6426,0.0078125,0,17
593,41,-0.16797,2.6797,0.10742,0,15
593,41,-0.085938,2.709,-0.27148,0,18
593,41,-0.085938,2.7324,-0.38672,0,29
593,41,-0.087891,2.7402,-0.56641,0,18
593,41,-0.24414,2.5898,0.22461,0.33461,12
593,41,-0.16602,2.6387,0.14063,0.33461,36
593,41,-0.083984,2.6836,0.080078,0.33461,48
593,41,-0.085938,2.7109,-0.25586,0.33461,23
593,41,0,2.6875,0.64063,0.33461,24
593,41,0,2.7617,0.46289,0.33461,47
593,41,0,2.7988,0.4707,0.33461,30
593,41,-0.24023,2.5352,0.37109,0.66921,14
593,41,-0.24414,2.582,0.30078,0.66921,18
593,41,-0.16602,2.6309,0.26367,0.66921,27
593,41,-0.16797,2.6621,0.31836,0.66921,33
593,41,-0.16992,2.7168,0.10938,0.66921,17
593,41,-0.087891,2.7559,0.48242,0.66921,26
593,41,-0.23828,2.4727,0.50781,1.0038,30
593,41,-0.16016,2.5215,0.48047,1.0038,45
593,41,-0.16406,2.5605,0.48633,1.0038,36
593,41,-0.24805,2.5938,0.47266,1.0038,20
593,41,-0.23438,2.4473,0.4375,1.3384,15
593,41,-0.23828,2.4668,0.5332,1.3384,35
593,41,-0.16016,2.5,0.58594,1.3384,48
593,41,-0.24414,2.5273,0.60938,1.3384,35
593,41,-0.24805,2.5859,0.51758,1.3384,14
593,41,-0.20508,3.2852,0.0058594,1.3384,21
593,41,-0.23828,2.4551,0.58594,1.673,16
593,41,-0.24023,2.4727,0.66602,1.673,22
593,41,-0.24414,2.5176,0.64453,1.673,14
593,41,0,2.5938,-0.83203,-0.66921,14
593,41,0,2.666,-0.72266,-0.66921,16
593,41,0.087891,2.7832,-0.28711,-0.66921,12
593,41,0,2.5859,-0.72461,-0.33461,13
593,41,0,2.6504,-0.63086,-0.33461,38
593,41,-0.085938,2.707,-0.54102,-0.33461,42
593,41,0,2.7969,-0.11328,-0.33461,32
593,41,0.17773,2.7969,0.44922,-0.33461,19
593,41,-1.1367,0.099609,2.5566,-0.33461,17
594,35,0,2.6816,0.16797,0,11
594,35,0,2.7227,0.099609,0,12
594,35,-0.085938,2.7559,-0.17188,0,10
594,35,0,2.7969,-0.13477,0,21
594,35,0,2.8379,-0.021484,0,26
594,35,0,2.875,-0.015625,0,25
594,35,0,2.9141,-0.013672,0,18
594,35,-0.16797,2.6426,0.45703,0.33461,20
594,35,-0.33984,2.6445,0.55273,0.33461,13
594,35,0,2.7617,0.03125,0.33461,44
594,35,0,2.7949,0.15234,0.33461,52
594,35,-0.087891,2.8281,0.20898,0.33461,35
594,35,-0.17969,2.8613,0.23047,0.33461,37
594,35,-0.18164,2.8965,0.25586,0.33461,38
594,35,5.1426,1.666,0.93359,0.33461,20
594,35,-0.25586,2.6738,0.45898,0.66921,25
594,35,0,2.7852,0.28711,0.66921,16
594,35,-0.16406,2.5195,0.66211,1.0038,23
594,35,-0.16602,2.5625,0.65234,1.0038,49
594,35,0,2.6211,0.58594,1.0038,39
594,35,-0.16992,2.666,0.53516,1.0038,43
594,35,-0.17188,2.7109,0.5,1.0038,29
594,35,-0.16406,2.4531,0.87695,1.3384,17
594,35,-0.16602,2.4902,0.88477,1.3384,33
594,35,-0.16797,2.5527,0.82031,1.3384,36
594,35,-0.16992,2.6211,0.7207,1.3384,44
594,35,-0.17188,2.668,0.69531,1.3384,22
594,35,-0.25586,2.6055,0.75586,1.673,13
594,35,0,2.6465,-0.64844,-0.66921,11
594,35,0.085938,2.7227,-0.45898,-0.66921,15
594,35,0.085938,2.7012,-0.34375,-0.33461,32
594,35,0.085938,2.752,-0.20898,-0.33461,41
594,35,0.087891,2.7988,-0.035156,-0.33461,19
594,35,-1.3613,0,-2.7246,0.33461,7
594,35,0,5.459,-0.54492,0.33461,11
595,30,-0.16797,2.6504,0.39844,0,16
595,30,-0.085938,2.7031,0.32031,0,65
595,30,-0.085938,2.748,0.27148,0,112
595,30,0,2.791,0.21094,0,85
595,30,-0.087891,2.834,0.12891,0,26
595,30,-0.16797,2.6406,0.46289,0.33461,35
595,30,-0.085938,2.6875,0.43555,0.33461,125
595,30,-0.085938,2.7344,0.38281,0.33461,192
595,30,-0.087891,2.7734,0.37695,0.33461,144
595,30,0,2.8066,0.41797,0.33461,45
595,30,0.089844,2.8633,0.24805,0.33461,25
595,30,-0.25195,2.5684,0.74805,0.66921,26
595,30,-0.16992,2.6328,0.67383,0.66921,69
595,30,-0.085938,2.7148,0.50195,0.66921,74
595,30,-0.087891,2.7578,0.47656,0.66921,86
595,30,-0.17773,2.791,0.48047,0.66921,66
595,30,-0.26953,2.8379,0.37891,0.66921,19
595,30,-0.25586,2.5254,0.99023,1.0038,18
595,30,-0.17188,2.6523,0.75195,1.0038,54
595,30,-0.17578,2.7051,0.70313,1.0038,94
595,30,-0.17773,2.7578,0.64648,1.0038,72
595,30,-0.17969,2.8203,0.53125,1.0038,27
595,30,-0.25977,2.5684,0.98242,1.3384,23
595,30,-0.17578,2.6309,0.94141,1.3384,30
595,30,-0.26563,2.7188,0.77148,1.3384,19
595,30,-0.25977,2.5723,0.97266,-0.33461,16
595,30,0.087891,2.8301,-0.19531,-0.33461,23
595,30,0.089844,2.8691,-0.1543,-0.33461,30
595,30,0.091797,2.9121,-0.052734,-0.33461,14
595,30,-1.2578,1.2285,-2.2754,0.66921,10
596,21,-0.25977,2.5625,0.99414,0,9
596,21,-0.087891,2.752,0.50586,0,66
596,21,-0.087891,2.8066,0.41406,0,94
596,21,-0.17969,2.8457,0.37305,0,46
596,21,0,2.707,-0.31055,0.33461,19
596,21,0,2.748,0.26953,0.33461,45
596,21,-0.087891,2.7402,0.56445,0.33461,146
596,21,-0.17773,2.7715,0.57813,0.33461,188
596,21,-0.089844,2.832,0.49414,0.33461,88
596,21,-0.085938,2.6621,0.73242,0.66921,33
596,21,-0.17578,2.6797,0.78906,0.66921,119
596,21,-0.087891,2.7363,0.75,0.66921,146
596,21,-0.17969,2.7852,0.69336,0.66921,72
596,21,-0.17578,2.6348,0.92969,1.0038,26
596,21,-0.17773,2.6816,0.9082,1.0038,29
596,21,-0.17969,2.7578,0.79492,1.0038,15
596,21,0.16992,2.6777,-0.46875,-0.33461,26
596,21,0.085938,2.7031,-0.5625,-0.33461,31
596,21,0,2.6953,-0.75977,-0.33461,21
596,21,-0.087891,2.8008,0.44531,-0.33461,24
596,21,0,2.8574,0.32813,-0.33461,17
597,17,0,2.7402,0.57422,0,15
597,17,-0.17773,2.7715,0.58398,0,32
597,17,-0.17969,2.8125,0.56836,0,32
597,17,-0.091797,2.8418,0.63281,0,29
597,17,-0.091797,2.8418,0.78906,0,15
597,17,0,2.7617,0.078125,0.33461,13
597,17,-0.17578,2.7324,0.58398,0.33461,30
597,17,-0.17773,2.7402,0.71289,0.33461,64
597,17,-0.17969,2.7773,0.72266,0.33461,62
597,17,-0.18164,2.7734,0.87305,0.33461,49
597,17,-0.18359,2.8008,0.91211,0.33461,25
597,17,-0.26172,2.6719,0.79297,0.66921,13
597,17,-0.17773,2.6992,0.85938,0.66921,27
597,17,-0.26953,2.7129,0.91406,0.66921,26
597,17,-0.18164,2.7188,1.0313,0.66921,23
597,17,0,2.8262,0.25781,-0.33461,12
597,17,0,2.8574,0.32422,-0.33461,13
599,13,-0.26563,2.7246,0.74609,0,19
599,13,-0.17969,2.7695,0.75,0,25
599,13,-0.18164,2.8184,0.7168,0,18
599,13,-0.26563,2.6836,0.88281,0.33461,19
599,13,-0.17969,2.7285,0.88867,0.33461,25
599,13,-0.18164,2.7949,0.80273,0.33461,15
599,13,0,2.8242,0.27734,-0.66921,19
599,13,0,2.8555,0.3418,-0.66921,25
599,13,0,2.9004,0.27539,-0.66921,16
599,13,-0.087891,2.7617,0.45313,-0.33461,21
599,13,-0.087891,2.7852,0.5332,-0.33461,52
599,13,-0.17969,2.8242,0.51172,-0.33461,66
599,13,-0.091797,2.873,0.47852,-0.33461,45
626,10,0,2.8477,-0.61328,0,7
626,10,0,2.8496,-0.76758,0,9
626,10,0,2.834,0.12305,0.33461,16
626,10,0,2.875,0.060547,0.33461,21
626,10,0,2.9121,0.083984,0.33461,12
626,10,0,2.8398,-0.45117,-0.66921,11
626,10,0,2.8242,-0.27344,-0.33461,23
626,10,0,2.8555,-0.33594,-0.33461,30
626,10,0,2.8555,-0.57422,-0.33461,21
626,10,0,2.832,-0.82617,-0.33461,20
627,25,-0.087891,2.7852,-0.28125,0,20
627,25,-0.087891,2.8242,-0.25391,0,34
627,25,0,2.8633,-0.25586,0,34
627,25,-0.091797,2.9023,-0.24219,0,23
627,25,-5.75,0,-0.66016,0,12
627,25,-5.7891,0,-0.77148,0,14
627,25,5.6445,1.2656,-0.69727,0,10
627,25,0.17188,2.752,0.16016,0.33461,15
627,25,0.087891,2.793,0.16211,0.33461,19
627,25,0.17773,2.8281,0.14844,0.33461,19
627,25,0.089844,2.8711,0.12695,0.33461,16
627,25,0,2.7559,-0.82031,-1.0038,13
627,25,0,2.8066,-0.7832,-1.0038,12
627,25,0,2.7148,-0.68164,-0.66921,17
627,25,-0.087891,2.7559,-0.67188,-0.66921,36
627,25,-0.089844,2.8066,-0.62109,-0.66921,33
627,25,0,2.8691,-0.50195,-0.66921,13
627,25,-5.7891,0,-1.4473,-0.66921,14
627,25,-0.17578,2.7148,-0.6582,-0.33461,28
627,25,-0.087891,2.7949,-0.48047,-0.33461,58
627,25,-0.089844,2.8398,-0.43945,-0.33461,59
627,25,0,2.8789,-0.44727,-0.33461,32
627,25,-5.75,0,-0.91016,-0.33461,22
627,25,-5.7891,0,-1.0586,-0.33461,27
627,25,-5.8262,0,-1.1523,-0.33461,19
628,27,-0.25977,2.6738,-0.64258,0,7
628,27,-0.17578,2.7773,-0.31445,0,19
628,27,0,2.8262,-0.24609,0,28
628,27,0,2.8516,-0.36523,0,21
628,27,0,2.8926,-0.3457,0,11
628,27,0,2.6406,0.80859,0.33461,8
628,27,0,2.7441,0.55078,0.33461,13
628,27,0,2.8203,0.30664,0.33461,15
628,27,-0.17578,2.6426,-0.90625,-1.673,14
628,27,0,2.6816,-0.66211,-1.3384,19
628,27,-0.087891,2.7012,-0.72852,-1.3384,25
628,27,0,2.7344,-0.75781,-1.3384,13
628,27,0,2.7168,-0.5,-1.0038,31
628,27,-0.087891,2.7383,-0.57813,-1.0038,52
628,27,-0.087891,2.7598,-0.65234,-1.0038,39
628,27,0,2.8086,-0.61523,-1.0038,13
628,27,-0.16992,2.6836,-0.42969,-0.66921,13
628,27,-0.17188,2.7207,-0.44336,-0.66921,50
628,27,-0.087891,2.7734,-0.36719,-0.66921,78
628,27,-0.087891,2.8203,-0.29297,-0.66921,50
628,27,-0.17188,2.7441,-0.25195,-0.33461,24
628,27,-0.17578,2.791,-0.14648,-0.33461,35
628,27,-0.17773,2.7969,-0.44531,-0.33461,23
628,27,0,2.7598,-0.80664,-0.33461,22
628,27,0,2.8496,-0.60547,-0.33461,22
628,27,-1.2422,1.5176,2.0508,-1.3384,7
628,27,-1.168,1.1914,2.3418,-1.0038,8
629,39,-0.25977,2.75,-0.0078125,0,12
629,39,0,2.7949,-0.16406,0,18
629,39,0,2.8203,-0.31641,0,17
629,39,0,2.8613,-0.28125,0,15
629,39,0,2.6602,-0.36719,0.33461,13
629,39,0,2.7109,-0.27344,0.33461,24
629,39,0,2.75,-0.26172,0.33461,18
629,39,0.087891,2.834,0.13086,0.33461,32
629,39,0.17969,2.8691,0.0019531,0.33461,46
629,39,0.091797,2.9121,-0.0078125,0.33461,41
629,39,0.091797,2.9473,-0.10352,0.33461,19
629,39,0.089844,2.8711,0.14648,0.66921,17
629,39,0,2.9102,0.12305,0.66921,15
629,39,-0.32617,2.4453,-0.85547,-2.0076,15
629,39,-0.24805,2.4922,-0.85938,-2.0076,20
629,39,-0.25195,2.5449,-0.82031,-2.0076,11
629,39,-0.32617,2.4824,-0.74023,-1.673,22
629,39,-0.24805,2.543,-0.69336,-1.673,27
629,39,-0.16797,2.5977,-0.66016,-1.673,13
629,39,-0.33008,2.5684,-0.55469,-1.3384,14
629,39,-0.16797,2.6289,-0.52344,-1.3384,16
629,39,-0.25586,2.6406,-0.61914,-1.3384,14
629,39,-0.16602,2.6074,-0.43555,-1.0038,15
629,39,-0.16797,2.6523,-0.39648,-1.0038,29
629,39,-0.16992,2.6738,-0.49219,-1.0038,32
629,39,-0.085938,2.7188,-0.48047,-1.0038,19
629,39,-0.16797,2.666,-0.27734,-0.66921,24
629,39,-0.16992,2.7031,-0.29492,-0.66921,43
629,39,-0.085938,2.7285,-0.41797,-0.66921,41
629,39,0,2.7539,-0.50586,-0.66921,25
629,39,0,2.6797,-0.17578,-0.33461,12
629,39,0,2.7109,-0.25781,-0.33461,34
629,39,0,2.7461,-0.28516,-0.33461,46
629,39,-0.087891,2.7578,-0.47461,-0.33461,33
629,39,0.35547,2.8027,0.26758,-0.33461,11
629,39,0.17969,2.8652,-0.17773,-0.33461,22
629,39,0.18164,2.8926,-0.30273,-0.33461,23
629,39,-1.1367,1.0938,2.3125,-0.66921,13
629,39,-0.62109,1.8691,-2.043,-0.33461,10
630,22,0,2.7734,-0.38477,0,12
630,22,0,2.8281,-0.22461,0,12
630,22,0.085938,2.7148,-0.2168,0.33461,33
630,22,0.085938,2.7598,-0.044922,0.33461,55
630,22,0,2.7988,0.033203,0.33461,44
630,22,0.087891,2.834,0.11914,0.33461,22
630,22,0,2.8652,0.23438,0.33461,17
630,22,0,2.7617,0.076172,0.66921,20
630,22,0,2.7891,0.24805,0.66921,16
630,22,-0.30664,2.3379,-0.69531,-2.0076,14
630,22,-0.23438,2.3535,-0.79883,-2.0076,16
630,22,-0.22656,2.3301,-0.61719,-1.673,14
630,22,-0.30664,2.3652,-0.5957,-1.673,36
630,22,-0.23438,2.4141,-0.5957,-1.673,41
630,22,-0.23828,2.4609,-0.55664,-1.673,20
630,22,-0.30664,2.3906,-0.48828,-1.3384,28
630,22,-0.3125,2.4453,-0.39453,-1.3384,30
630,22,-0.31641,2.4844,-0.38672,-1.3384,13
630,22,-0.24023,2.5273,-0.41992,-1.0038,13
630,22,0.085938,2.6934,-0.4043,-0.33461,27
630,22,0,2.7441,-0.30859,-0.33461,44
630,22,0.087891,2.793,-0.18359,-0.33461,33
631,14,0,2.6816,-0.16797,0.33461,11
631,14,0,2.7168,-0.18945,0.33461,27
631,14,0.085938,2.752,-0.20703,0.33461,34
631,14,0,2.7539,-0.5,0.33461,21
631,14,-0.26563,2.7559,-0.625,0.33461,21
631,14,0.085938,2.7598,0.076172,0.66921,13
631,14,-0.23047,2.4297,-0.30664,-0.66921,16
631,14,-0.23438,2.4727,-0.25977,-0.66921,17
631,14,0,2.7148,-0.50586,-0.66921,15
631,14,-0.23047,2.4414,-0.17773,-0.33461,14
631,14,-0.3125,2.4727,-0.16406,-0.33461,15
631,14,0.085938,2.7422,-0.32031,-0.33461,27
631,14,0.17578,2.7773,-0.31445,-0.33461,14
631,14,0,4.584,0.54883,-0.33461,12
632,23,0,2.7383,-0.36719,0,19
632,23,0,2.7734,-0.38281,0,26
632,23,0,2.8086,-0.4082,0,17
632,23,-0.97461,7.707,-0.61719,0,10
632,23,-0.97852,7.7109,-0.96484,0,10
632,23,0.087891,2.7871,-0.25195,0.33461,13
632,23,0,2.8242,-0.27148,0.33461,20
632,23,0,2.8457,-0.41797,0.33461,15
632,23,-0.97461,7.7207,-0.42383,0.33461,21
632,23,-0.97852,7.7578,-0.42188,0.33461,21
632,23,-0.17773,2.8242,-0.19727,0.66921,13
632,23,0,2.6797,-0.66992,-0.66921,13
632,23,0,2.8535,-0.34766,-0.66921,11
632,23,0,2.6523,-0.62305,-0.33461,15
632,23,0,2.6973,-0.5918,-0.33461,34
632,23,0,2.7344,-0.59961,-0.33461,32
632,23,0,2.8164,-0.34375,-0.33461,16
632,23,0,2.8652,-0.24023,-0.33461,22
632,23,0,2.9004,-0.27539,-0.33461,17
632,23,0,4.8516,0.80273,-0.33461,18
632,23,-1.0508,0,2.6895,0.33461,8
632,23,-1.0781,0.27734,2.6504,-0.66921,6
632,23,-1.0781,0,2.7617,-0.33461,12
633,22,-0.22266,2.3711,-0.078125,0,9
633,22,-0.30273,2.3945,-0.18555,0,10
633,22,0,2.8691,-0.18164,0,11
633,22,-0.30273,2.3984,0.15234,0.33461,9
633,22,-0.24805,2.6367,0.046875,0.33461,23
633,22,-0.28906,2.2734,0.27539,0.66921,12
633,22,-0.29297,2.3066,0.30664,0.66921,22
633,22,-0.22266,2.3555,0.28516,0.66921,49
633,22,-0.22656,2.3945,0.2832,0.66921,54
633,22,-0.23047,2.4375,0.22656,0.66921,27
633,22,-0.28906,2.2266,0.53711,1.0038,15
633,22,-0.2207,2.2813,0.49805,1.0038,23
633,22,-0.29883,2.3203,0.45898,1.0038,48
633,22,-0.22656,2.375,0.41016,1.0038,56
633,22,-0.23047,2.4277,0.32422,1.0038,28
633,22,-0.29883,2.2891,0.5957,1.3384,12
633,22,-0.30273,2.3535,0.47852,1.3384,14
633,22,0,2.8359,-0.47461,-0.66921,14
633,22,0,2.0195,1.9395,-0.33461,16
633,22,0,2.8359,-0.10156,-0.33461,32
633,22,0,2.8574,-0.32422,-0.33461,34
633,22,0,2.8926,-0.3418,-0.33461,23
634,27,-0.16602,2.6426,-0.072266,0,14
634,27,-0.16797,2.6777,-0.11133,0,21
634,27,-0.16992,2.7148,-0.14844,0,22
634,27,-0.17188,2.7539,-0.10352,0,29
634,27,-0.087891,2.7969,-0.087891,0,33
634,27,0,2.8359,-0.10352,0,28
634,27,0,2.873,-0.11328,0,16
634,27,-0.24805,2.6348,0.085938,0.33461,30
634,27,-0.16797,2.6797,0.068359,0.33461,45
634,27,-0.16992,2.7168,0.11523,0.33461,36
634,27,-0.25977,2.75,0.0078125,0.33461,27
634,27,-0.26172,2.7793,-0.20117,0.33461,26
634,27,-0.24805,2.6289,0.21484,0.66921,24
634,27,-0.25195,2.668,0.18359,0.66921,36
634,27,-0.16992,2.709,0.2207,0.66921,30
634,27,-0.23438,2.4434,0.45313,1.0038,28
634,27,-0.23828,2.4727,0.50586,1.0038,26
634,27,-0.3125,2.4102,0.57227,1.3384,15
634,27,-0.23828,2.457,0.57617,1.3384,18
634,27,0,2.8223,-0.29102,-0.66921,13
634,27,0.089844,2.8574,-0.30859,-0.66921,13
634,27,0,2.6348,-0.68945,-0.33461,14
634,27,0,2.752,-0.22266,-0.33461,28
634,27,0,2.7988,-0.046875,-0.33461,35
634,27,0,2.8359,-0.10938,-0.33461,35
634,27,0.089844,2.8652,-0.23047,-0.33461,35
634,27,0.18164,2.8926,-0.28906,-0.33461,23
635,38,0,2.6113,0.029297,0,13
635,38,-0.082031,2.6465,0.050781,0,19
635,38,-0.083984,2.6836,0.082031,0,21
635,38,-0.16992,2.7168,0.074219,0,14
635,38,-0.17188,2.7559,0.085938,0,13
635,38,0,2.7988,-0.056641,0,26
635,38,0,2.8359,-0.11914,0,19
635,38,-0.16602,2.6074,0.43555,0.33461,11
635,38,-0.25195,2.6543,0.32031,0.33461,21
635,38,-0.085938,2.7227,-0.0019531,0.33461,18
635,38,0,2.7578,0.14648,0.33461,37
635,38,-0.17578,2.7871,0.20508,0.33461,49
635,38,-0.17773,2.8281,0.1543,0.33461,35
635,38,-0.16016,2.541,0.36914,0.66921,12
635,38,-0.16406,2.6035,0.11914,0.66921,14
635,38,0,2.6191,0.38672,0.66921,22
635,38,-0.16797,2.6602,0.32617,0.66921,40
635,38,-0.25586,2.6992,0.26172,0.66921,20
635,38,-0.17578,2.7637,0.41797,0.66921,22
635,38,-0.20898,2.7891,-1.8066,0.66921,25
635,38,-0.24023,2.5176,0.47656,1.0038,36
635,38,-0.24414,2.5703,0.38672,1.0038,53
635,38,-0.41406,2.6152,0.0097656,1.0038,11
635,38,-0.16797,2.6152,0.58594,1.0038,36
635,38,-0.16992,2.6797,0.45703,1.0038,29
635,38,-0.20508,3,-1.3379,1.0038,21
635,38,-0.20898,2.8652,-1.6836,1.0038,23
635,38,-0.24023,2.4746,0.66406,1.3384,31
635,38,-0.24414,2.5313,0.58789,1.3384,57
635,38,-0.24805,2.5762,0.5625,1.3384,39
635,38,-0.20898,2.8516,-1.707,1.3384,13
635,38,-0.32617,2.498,0.68164,1.673,15
635,38,-0.24805,2.5078,0.81445,1.673,16
635,38,0.16992,2.6836,-0.43359,-0.33461,17
635,38,0.17188,2.6641,-0.70898,-0.33461,28
635,38,0.087891,2.6836,-0.79492,-0.33461,27
635,38,-1.4902,0,-2.252,1.0038,6
635,38,-0.85156,0.19531,-2.5801,-0.33461,10
636,31,-0.16797,2.6641,0.29883,0,15
636,31,-0.16992,2.7129,0.18359,0,39
636,31,-0.17188,2.7441,0.25586,0,40
636,31,-0.26172,2.7754,0.25,0,17
636,31,-0.20898,2.8906,-1.6367,0,11
636,31,-0.10547,3.0117,-1.5,0,14
636,31,0,2.5957,0.52734,0.33461,11
636,31,-0.083984,2.6582,0.38086,0.33461,67
636,31,-0.085938,2.7031,0.32422,0.33461,139
636,31,-0.085938,2.7441,0.29492,0.33461,137
636,31,0,2.7891,0.24805,0.33461,69
636,31,0,2.8379,-0.035156,0.33461,26
636,31,-0.20898,2.9531,-1.5254,0.33461,22
636,31,-0.10547,3.0332,-1.4609,0.33461,23
636,31,-0.16602,2.584,0.55859,0.66921,21
636,31,-0.16797,2.627,0.5332,0.66921,89
636,31,-0.16992,2.6797,0.46094,0.66921,155
636,31,-0.17188,2.7227,0.42578,0.66921,134
636,31,-0.087891,2.7734,0.37695,0.66921,56
636,31,-0.16797,2.623,0.55273,1.0038,38
636,31,-0.085938,2.6719,0.52344,1.0038,59
636,31,-0.17188,2.7148,0.47461,1.0038,52
636,31,-0.17578,2.7656,0.39453,1.0038,20
636,31,-0.16992,2.5781,0.86523,1.3384,28
636,31,-0.085938,2.6445,0.79102,1.3384,32
636,31,-0.17578,2.7012,0.71484,1.3384,12
636,31,0.16992,2.707,-0.24805,-0.33461,12
636,31,0.17188,2.7461,-0.23047,-0.33461,21
636,31,0.17578,2.7813,-0.27344,-0.33461,22
636,31,0.26563,2.7988,-0.37891,-0.33461,18
636,31,-1.4727,2.3926,1.8574,0.33461,12
637,20,-0.085938,2.6992,0.35352,0,39
637,20,-0.17188,2.7363,0.32617,0,82
637,20,-0.087891,2.7852,0.26172,0,72
637,20,-0.17773,2.8184,0.26953,0,22
637,20,-0.16797,2.5781,0.73242,0.33461,11
637,20,-0.085938,2.6758,0.5,0.33461,80
637,20,-0.17188,2.7207,0.44531,0.33461,172
637,20,-0.087891,2.7715,0.38477,0.33461,144
637,20,0,2.8145,0.36133,0.33461,31
637,20,0,2.8594,0.30859,0.33461,21
637,20,-0.16992,2.6211,0.72461,0.66921,47
637,20,-0.17188,2.6738,0.67188,0.66921,101
637,20,-0.17578,2.7324,0.58398,0.66921,81
637,20,0,2.7949,0.67578,0.66921,21
637,20,-0.25977,2.5723,0.97266,1.0038,18
637,20,-0.26172,2.6504,0.86523,1.0038,22
637,20,0.085938,2.7285,-0.41992,-0.33461,17
637,20,0.26172,2.7402,-0.51367,-0.33461,20
637,20,0.087891,2.8145,-0.34766,-0.33461,19
637,20,0.17969,2.8301,-0.47266,-0.33461,15
638,19,0,2.7031,0.56641,0,7
638,19,-0.17578,2.75,0.49609,0,57
638,19,-0.087891,2.8008,0.45117,0,97
638,19,-0.17969,2.8418,0.39453,0,71
638,19,0,2.8906,0.35938,0,24
638,19,-0.16992,2.7168,-0.095703,0.33461,14
638,19,0,2.7598,0.11133,0.33461,7
638,19,-0.17578,2.7207,0.63867,0.33461,108
638,19,-0.17773,2.7734,0.57617,0.33461,197
638,19,-0.17969,2.8242,0.51172,0.33461,152
638,19,0,2.8887,0.38281,0.33461,59
638,19,-0.17578,2.6699,0.82227,0.66921,51
638,19,-0.17773,2.7246,0.77344,0.66921,90
638,19,-0.17969,2.7793,0.7168,0.66921,68
638,19,-0.18164,2.834,0.65234,0.66921,25
638,19,0,2.7891,-0.24414,-0.33461,12
638,19,0,2.8359,-0.091797,-0.33461,27
638,19,0,2.8691,-0.18164,-0.33461,28
638,19,0.091797,2.8887,-0.36523,-0.33461,18
639,1,-0.087891,2.7969,-0.083984,0.33461,16
640,4,0,2.7578,-0.16211,0.33461,17
640,4,0.087891,2.7988,-0.027344,0.33461,14
640,4,0.17188,2.7148,-0.48242,-0.33461,15
640,4,0,2.7695,-0.41406,-0.33461,11
663,3,0,2.8711,-0.16797,0.33461,10
663,3,0,2.7734,-0.59961,-0.33461,9
663,3,0.089844,2.8301,-0.50195,-0.33461,13
664,13,-0.087891,2.834,-0.095703,0,12
664,13,0,2.8672,-0.22852,0,15
664,13,0,2.8945,-0.32422,0,14
664,13,0.085938,2.7598,-0.019531,0.33461,15
664,13,0.087891,2.7969,0.091797,0.33461,13
664,13,-0.089844,2.7285,-0.90625,-1.0038,18
664,13,0,2.7441,-0.97852,-1.0038,17
664,13,-0.087891,2.6914,-0.89453,-0.66921,20
664,13,-0.17969,2.7793,-0.71289,-0.66921,34
664,13,-0.18164,2.8281,-0.67188,-0.66921,28
664,13,-0.17773,2.791,-0.47852,-0.33461,21
664,13,-0.17969,2.8477,-0.34961,-0.33461,29
664,13,0,2.875,-0.4707,-0.33461,19
665,35,-0.17188,2.7559,-0.0039063,0,15
665,35,-0.17578,2.793,-0.10547,0,34
665,35,-0.17773,2.8301,-0.125,0,46
665,35,-0.089844,2.8672,-0.20117,0,41
665,35,0,2.9043,-0.22656,0,17
665,35,0,2.7168,0.18945,0.33461,13
665,35,0,2.7617,0.074219,0.33461,35
665,35,0,2.7988,0.023438,0.33461,47
665,35,0,2.8379,0.048828,0.33461,42
665,35,0,2.8691,0.17383,0.33461,27
665,35,0,2.793,0.20703,0.66921,17
665,35,0,2.8203,0.30664,0.66921,16
665,35,-0.17578,2.584,-1.0664,-1.673,12
665,35,-0.25977,2.625,-0.81641,-1.3384,19
665,35,-0.087891,2.6367,-0.93555,-1.3384,27
665,35,0,2.6758,-0.94727,-1.3384,17
665,35,-0.085938,2.666,-0.71875,-1.0038,63
665,35,-0.087891,2.7168,-0.66992,-1.0038,117
665,35,-0.087891,2.7598,-0.6543,-1.0038,100
665,35,-0.089844,2.791,-0.6875,-1.0038,41
665,35,5.5352,0,-1.4375,-1.0038,19
665,35,5.5703,0,-1.4688,-1.0038,16
665,35,-0.17188,2.7129,-0.48438,-0.66921,55
665,35,-0.17578,2.7559,-0.4668,-0.66921,104
665,35,-0.17773,2.7969,-0.44141,-0.66921,82
665,35,-0.17969,2.8223,-0.52344,-0.66921,31
665,35,5.5352,0.70117,-1.2324,-0.66921,20
665,35,5.5703,0.95898,-1.0566,-0.66921,17
665,35,0.085938,2.7539,-0.17578,-0.33461,15
665,35,0,2.7988,-0.089844,-0.33461,43
665,35,0,2.8301,-0.21289,-0.33461,82
665,35,0,2.8633,-0.25977,-0.33461,83
665,35,0,2.8984,-0.28906,-0.33461,35
665,35,-3.7734,1.3848,4.1133,-0.66921,9
665,35,-0.86328,2.0938,-1.5801,-0.33461,9
666,26,-0.085938,2.7598,-0.072266,0,16
666,26,-0.087891,2.7949,-0.14648,0,32
666,26,0,2.8262,-0.25586,0,34
666,26,0,2.8477,-0.39453,0,17
666,26,0.17578,2.6914,0.75,0.33461,12
666,26,-0.26563,2.7852,-0.47852,0.33461,13
666,26,0,2.873,0.10156,0.33461,21
666,26,0,2.9082,0.17773,0.33461,17
666,26,-0.16406,2.4219,-0.96094,-2.0076,12
666,26,-0.24805,2.4941,-0.85547,-2.0076,12
666,26,-0.32617,2.4727,-0.77148,-1.673,12
666,26,-0.33008,2.5254,-0.72656,-1.673,14
666,26,-0.33594,2.6152,-0.51367,-1.3384,12
666,26,-0.16797,2.623,-0.55469,-1.0038,16
666,26,-0.16992,2.6621,-0.55078,-1.0038,20
666,26,-0.085938,2.707,-0.54492,-1.0038,14
666,26,-0.16992,2.6895,-0.39648,-0.66921,20
666,26,0,2.7559,-0.49805,-0.66921,18
666,26,0,2.7793,-0.57422,-0.66921,26
666,26,0,2.791,-0.68945,-0.66921,17
666,26,0,2.7422,-0.33203,-0.33461,14
666,26,0,2.7715,-0.39844,-0.33461,50
666,26,0,2.7988,-0.46289,-0.33461,69
666,26,0,2.8281,-0.51563,-0.33461,48
666,26,0.18164,2.8809,-0.39844,-0.33461,20
666,26,-0.69922,2.0801,-1.7383,0.33461,8
667,19,0,2.8945,-0.33398,0,11
667,19,0,2.584,0.97266,0.33461,12
667,19,0.087891,2.791,0.19727,0.33461,30
667,19,0.087891,2.834,-0.085938,0.33461,38
667,19,0.17969,2.8652,-0.14453,0.33461,34
667,19,0.27344,2.8965,-0.14258,0.33461,23
667,19,0.087891,2.8359,0.078125,0.66921,13
667,19,0.17969,2.8691,0.021484,0.66921,12
667,19,-0.23438,2.4512,-0.41406,-1.3384,17
667,19,-0.23828,2.4844,-0.44727,-1.3384,18
667,19,-0.24023,2.5156,-0.48242,-1.3384,12
667,19,-0.3125,2.4648,-0.25586,-1.0038,9
667,19,-0.31641,2.4941,-0.32227,-1.0038,13
667,19,-0.24023,2.5527,-0.21875,-1.0038,11
667,19,0.087891,2.7559,-0.66797,-0.66921,15
667,19,-0.16992,2.7148,-0.1543,-0.33461,17
667,19,0.087891,2.7598,-0.45898,-0.33461,31
667,19,0.087891,2.7949,-0.48242,-0.33461,44
667,19,0.089844,2.8359,-0.4707,-0.33461,31
668,16,-0.16406,2.6055,-0.027344,0,9
668,16,0,2.9082,0.15234,0,13
668,16,0,2.9492,0.085938,0,11
668,16,0,4.6992,0.80078,0,20
668,16,0,4.7285,0.85352,0,15
668,16,0,2.8281,-0.24023,0.33461,16
668,16,0,2.875,0.044922,0.33461,28
668,16,0,2.9121,0.033203,0.33461,21
668,16,0,4.7598,0.27148,-0.66921,17
668,16,-0.24414,2.5918,-0.18555,-0.33461,15
668,16,-0.18164,2.8984,-0.22461,-0.33461,18
668,16,-0.091797,2.9395,-0.25586,-0.33461,18
668,16,0,4.6914,0.5918,-0.33461,20
668,16,-0.14844,4.7461,0.42188,-0.33461,36
668,16,0,4.7832,0.45117,-0.33461,28
668,16,-1.1523,0,-2.8359,0.33461,9
669,32,-0.35547,2.2422,0.048828,0,11
669,32,-0.28906,2.2891,0.023438,0,15
669,32,-0.29297,2.3262,-0.033203,0,15
669,32,-0.29883,2.3652,-0.050781,0,11
669,32,0,2.7969,0.13281,0,21
669,32,0,2.834,-0.13086,0,28
669,32,0,2.8672,-0.20508,0,23
669,32,-0.35547,2.2344,0.1875,0.33461,21
669,32,-0.28906,2.2871,0.12695,0.33461,28
669,32,-0.36719,2.3145,0.12109,0.33461,28
669,32,-0.37305,2.3535,0.068359,0.33461,21
669,32,0,2.7617,-0.060547,0.33461,46
669,32,-0.087891,2.7949,-0.12109,0.33461,81
669,32,0,2.834,-0.13867,0.33461,79
669,32,0,2.873,-0.11328,0.33461,50
669,32,-0.36133,2.2617,0.28711,0.66921,13
669,32,-0.29297,2.3145,0.24023,0.66921,13
669,32,0,2.7988,0.0039063,0.66921,31
669,32,0,2.8379,0.029297,0.66921,30
669,32,0,2.8711,0.14258,0.66921,20
669,32,0,2.7129,-0.51758,-0.66921,20
669,32,0,2.7344,-0.59961,-0.66921,27
669,32,0,2.7676,-0.62695,-0.66921,18
669,32,-0.29492,4.6934,0.49219,-0.66921,16
669,32,-0.25586,2.6758,-0.44336,-0.33461,13
669,32,-0.17188,2.7168,-0.46484,-0.33461,42
669,32,0,2.7617,-0.46484,-0.33461,55
669,32,0,2.7793,-0.56836,-0.33461,37
669,32,0,2.791,-0.69531,-0.33461,13
669,32,-0.2832,4.4941,0.57422,-0.33461,18
669,32,-0.28516,4.5391,0.52734,-0.33461,20
669,32,-0.29492,4.6582,0.75586,-0.33461,21
670,33,0,2.6113,0.027344,0,8
670,33,0,2.7148,-0.22656,0,18
670,33,0.085938,2.752,-0.22461,0,26
670,33,0,2.7969,-0.12891,0,21
670,33,0,2.8379,-0.042969,0,13
670,33,-0.24414,2.5977,0.10352,0.33461,14
670,33,0,2.7207,-0.11914,0.33461,31
670,33,0,2.7578,-0.13281,0.33461,45
670,33,0,2.7988,-0.070313,0.33461,35
670,33,0,2.832,0.16016,0.33461,32
670,33,-0.089844,2.8672,0.20508,0.33461,38
670,33,0,2.9121,0.041016,0.33461,22
670,33,-0.30273,2.3887,0.24805,0.66921,21
670,33,-0.23047,2.4414,0.18359,0.66921,31
670,33,-0.3125,2.4727,0.16016,0.66921,23
670,33,-0.085938,2.7598,0.070313,0.66921,19
670,33,-0.17969,2.8418,0.39648,0.66921,18
670,33,-0.29297,2.293,0.4043,1.0038,13
670,33,-0.29883,2.3281,0.41797,1.0038,15
670,33,-0.30273,2.3691,0.39844,1.0038,32
670,33,-0.23047,2.4219,0.36328,1.0038,42
670,33,-0.23438,2.4609,0.35156,1.0038,26
670,33,-0.37891,2.3164,0.5918,1.3384,15
670,33,-0.30664,2.3887,0.5,1.3384,18
670,33,0,2.6445,-0.65234,-0.66921,21
670,33,0.085938,2.6934,-0.60156,-0.66921,34
670,33,0,2.7344,-0.60352,-0.66921,25
670,33,0,2.6777,-0.50195,-0.33461,49
670,33,0,2.7285,-0.43359,-0.33461,77
670,33,0,2.7559,-0.49023,-0.33461,58
670,33,0.087891,2.7949,-0.48438,-0.33461,28
670,33,0.089844,2.8535,-0.3457,-0.33461,25
670,33,-0.45703,4.7793,0.87305,-0.33461,12
671,41,0,2.7598,-0.082031,0,14
671,41,0,2.791,-0.2207,0,12
671,41,-0.16602,2.6426,0.082031,0.33461,16
671,41,-0.16797,2.6816,0.027344,0.33461,26
671,41,-0.085938,2.7207,-0.083984,0.33461,42
671,41,-0.085938,2.7598,-0.017578,0.33461,50
671,41,0,2.7988,0.089844,0.33461,53
671,41,0,2.8359,0.097656,0.33461,49
671,41,0.089844,2.8711,0.11914,0.33461,30
671,41,-0.23828,2.4883,0.42188,0.66921,15
671,41,-0.16016,2.5469,0.32617,0.66921,25
671,41,-0.16406,2.5957,0.23438,0.66921,30
671,41,-0.16602,2.6328,0.24219,0.66921,32
671,41,-0.16797,2.6719,0.22656,0.66921,27
671,41,-0.16992,2.7109,0.21094,0.66921,24
671,41,-0.17188,2.7461,0.24219,0.66921,26
671,41,-0.087891,2.7891,0.21875,0.66921,25
671,41,0,2.8301,0.19727,0.66921,20
671,41,-0.23438,2.4258,0.54297,1.0038,24
671,41,-0.23828,2.4805,0.46875,1.0038,63
671,41,-0.16016,2.5332,0.41406,1.0038,76
671,41,-0.16406,2.5781,0.37109,1.0038,58
671,41,-0.16602,2.625,0.30273,1.0038,36
671,41,-0.16797,2.6602,0.32617,1.0038,16
671,41,-0.23438,2.4102,0.61328,1.3384,32
671,41,-0.23828,2.4492,0.61133,1.3384,75
671,41,-0.16016,2.5039,0.56836,1.3384,77
671,41,-0.24414,2.5547,0.47656,1.3384,43
671,41,-0.24805,2.623,0.27539,1.3384,17
671,41,-0.23438,2.3438,0.82813,1.673,14
671,41,-0.23828,2.416,0.73242,1.673,28
671,41,-0.32227,2.4629,0.66797,1.673,25
671,41,0,2.6211,-0.74219,-0.66921,17
671,41,0,2.6992,-0.58594,-0.66921,18
671,41,0,2.7754,-0.36133,-0.66921,11
671,41,0,2.6035,-0.6582,-0.33461,21
671,41,0,2.666,-0.5625,-0.33461,47
671,41,0,2.7285,-0.42969,-0.33461,51
671,41,0,2.793,-0.20703,-0.33461,33
671,41,0,2.834,-0.1582,-0.33461,35
671,41,0,2.8672,-0.22461,-0.33461,27
672,31,-0.082031,2.6465,0.078125,0,11
672,31,-0.083984,2.6836,-0.097656,0,13
672,31,0,2.7129,-0.25,0,8
672,31,0,2.7422,-0.32422,0,8
672,31,0,2.7227,0.050781,0.33461,17
672,31,0,2.7598,0.11328,0.33461,23
672,31,0,2.7813,0.31641,0.33461,19
672,31,0,2.8066,0.41797,0.33461,15
672,31,0,2.8516,0.37305,0.33461,15
672,31,-0.24805,2.6133,0.34961,0.66921,20
672,31,-0.16797,2.6602,0.33203,0.66921,32
672,31,-0.085938,2.709,0.26953,0.66921,36
672,31,-0.17188,2.7324,0.36328,0.66921,30
672,31,-0.17578,2.7715,0.36133,0.66921,16
672,31,-0.16406,2.5469,0.54688,1.0038,31
672,31,-0.16602,2.5918,0.51367,1.0038,83
672,31,-0.16797,2.6387,0.47266,1.0038,94
672,31,-0.16992,2.6836,0.43359,1.0038,57
672,31,-0.17188,2.7109,0.49805,1.0038,25
672,31,-0.16406,2.5137,0.68359,1.3384,37
672,31,-0.16602,2.5605,0.65625,1.3384,102
672,31,-0.16797,2.6074,0.62109,1.3384,113
672,31,-0.16992,2.6563,0.58008,1.3384,54
672,31,-0.32617,2.4219,0.91992,1.673,12
672,31,-0.16602,2.5215,0.79492,1.673,36
672,31,-0.25195,2.5605,0.77344,1.673,40
672,31,-0.25586,2.5898,0.80664,1.673,19
672,31,0,2.6699,-0.53711,-0.33461,17
672,31,0.085938,2.7383,-0.3457,-0.33461,24
672,31,0.087891,2.7969,-0.099609,-0.33461,22
672,31,0,2.8379,0.044922,-0.33461,18
673,24,0,2.7598,0.125,0,28
673,24,-0.087891,2.7969,0.052734,0,42
673,24,-0.087891,2.8359,-0.0078125,0,28
673,24,0,2.875,0,0,12
673,24,-0.16992,2.7129,0.16992,0.33461,43
673,24,-0.085938,2.7559,0.14844,0.33461,78
673,24,-0.087891,2.7969,0.09375,0.33461,74
673,24,-0.087891,2.8359,-0.0058594,0.33461,40
673,24,0,2.875,0.082031,0.33461,21
673,24,-0.25195,2.5645,0.76172,0.66921,11
673,24,-0.16992,2.6543,0.58789,0.66921,53
673,24,-0.17188,2.7051,0.52734,0.66921,83
673,24,-0.17578,2.7578,0.45508,0.66921,53
673,24,0,2.6016,0.67188,1.0038,12
673,24,-0.16992,2.6152,0.74219,1.0038,56
673,24,-0.17188,2.6758,0.66602,1.0038,91
673,24,-0.17578,2.7266,0.61133,1.0038,62
673,24,-0.17773,2.7793,0.54492,1.0038,18
673,24,-0.25586,2.5664,0.87891,1.3384,26
673,24,-0.17188,2.6172,0.86133,1.3384,38
673,24,-0.26172,2.6641,0.82031,1.3384,22
673,24,0,2.668,-0.55273,-0.33461,16
673,24,0,2.7129,-0.51758,-0.33461,23
673,24,0.089844,2.8652,-0.2207,-0.33461,17
674,28,0,2.6934,-0.4082,0,10
674,28,0,2.7617,0.068359,0,19
674,28,-0.087891,2.7832,0.2832,0,42
674,28,-0.087891,2.8262,0.23047,0,45
674,28,-0.089844,2.8691,0.17578,0,21
674,28,0,2.6445,-0.47266,0.33461,11
674,28,0,2.709,-0.2832,0.33461,31
674,28,0,2.7617,-0.0097656,0.33461,42
674,28,-0.17578,2.7676,0.38672,0.33461,65
674,28,-0.087891,2.8066,0.41016,0.33461,75
674,28,-0.089844,2.8477,0.39063,0.33461,41
674,28,-0.085938,2.7129,-0.23633,0.66921,12
674,28,0,2.7617,0.072266,0.66921,12
674,28,-0.17578,2.6797,0.79102,0.66921,31
674,28,-0.17773,2.7246,0.76953,0.66921,74
674,28,-0.089844,2.7637,0.79102,0.66921,64
674,28,-0.18164,2.7578,0.91992,0.66921,22
674,28,-0.087891,2.6699,0.83789,1.0038,24
674,28,-0.17773,2.707,0.83203,1.0038,44
674,28,-0.17969,2.7305,0.88477,1.0038,39
674,28,0,2.8105,0.76367,1.0038,16
674,28,0,2.8184,-0.32813,-0.66921,10
674,28,0,2.6465,-0.64453,-0.33461,15
674,28,0,2.6953,-0.60742,-0.33461,20
674,28,0,2.7754,-0.36133,-0.33461,27
674,28,0,2.8242,-0.27734,-0.33461,36
674,28,0,2.8555,-0.34375,-0.33461,31
674,28,0.091797,2.8711,-0.48828,-0.33461,17
675,13,0,2.7188,-0.49023,0,9
675,13,-0.17969,2.6602,1.0781,0,11
675,13,-0.16992,2.7051,-0.27344,0.33461,13
675,13,-0.17188,2.7539,-0.12891,0.33461,21
675,13,-0.26172,2.7871,0.013672,0.33461,17
675,13,0,2.7168,0.81836,0.33461,30
675,13,0,2.7168,0.94531,0.33461,33
675,13,0.087891,2.6484,1.0156,0.66921,11
675,13,0,2.6074,1.2129,0.66921,12
675,13,0.34961,2.6719,-0.76172,-0.33461,13
675,13,0.17773,2.8047,-0.39844,-0.33461,21
675,13,0.089844,2.873,0.029297,-0.33461,17
675,13,-0.61328,2.4434,1.2227,-0.33461,8
676,10,-0.17578,2.6504,0.88477,0,15
676,10,-0.17773,2.7109,0.81641,0,28
676,10,-0.17969,2.748,0.82617,0,21
676,10,-0.26563,2.6914,0.85938,0.33461,18
676,10,-0.26953,2.8184,0.5,0.33461,19
676,10,-0.17773,2.7871,0.50391,-0.66921,24
676,10,0,2.8262,0.5293,-0.66921,19
676,10,-0.17578,2.7227,0.62891,-0.33461,26
676,10,-0.17773,2.7656,0.60938,-0.33461,64
676,10,-0.089844,2.8105,0.59766,-0.33461,52
677,2,-0.17773,2.7891,0.49609,0.33461,11
677,2,0,2.8242,0.26563,-0.33461,14
678,5,0,2.7949,0.15625,0.33461,12
678,5,0,2.8223,0.29102,0.33461,16
678,5,0,2.8438,0.42383,0.33461,14
678,5,0,2.7988,-0.097656,-0.33461,12
678,5,0,2.8301,-0.20117,-0.33461,14
679,6,0,2.7891,-0.23438,0.33461,12
679,6,0.17969,2.8438,-0.37891,0.33461,15
679,6,0.27344,2.877,-0.375,0.33461,16
679,6,0,2.7207,-0.47461,-0.33461,13
679,6,0,2.7305,-0.61523,-0.33461,13
679,6,0.26953,2.8223,-0.47461,-0.33461,12
703,11,0.17578,2.7949,0.0019531,0,11
703,11,0.26563,2.8203,0.16602,0,11
703,11,0.085938,2.7598,0.011719,0.33461,24
703,11,0.17578,2.7891,0.17578,0.33461,30
703,11,0.35547,2.7949,0.33984,0.33461,24
703,11,0.26172,2.7578,-0.4082,-0.66921,17
703,11,0.26563,2.8027,-0.34766,-0.66921,15
703,11,0.17188,2.7324,-0.36523,-0.33461,33
703,11,0.26172,2.7793,-0.20508,-0.33461,50
703,11,0.35547,2.8145,-0.09375,-0.33461,42
703,11,0.44922,2.8398,-0.017578,-0.33461,20
704,23,0,2.6836,0.10156,0,22
704,23,0.085938,2.7227,-0.044922,0,54
704,23,0.085938,2.7598,-0.09375,0,68
704,23,0.087891,2.7969,-0.085938,0,66
704,23,0.17773,2.8281,-0.13281,0,46
704,23,0,2.7246,-0.0058594,0.33461,36
704,23,0.085938,2.7598,0.076172,0.33461,54
704,23,0.087891,2.7949,0.12305,0.33461,56
704,23,0.087891,2.8359,0.0097656,0.33461,42
704,23,0.085938,2.7461,0.28125,0.66921,18
704,23,0,2.7793,0.34375,0.66921,18
704,23,0,2.8359,0.080078,0.66921,13
704,23,0.083984,2.6719,-0.26172,-0.66921,20
704,23,0.16992,2.6855,-0.41797,-0.66921,49
704,23,0.085938,2.7207,-0.46484,-0.66921,63
704,23,0.17578,2.7617,-0.41992,-0.66921,64
704,23,0.17773,2.7773,-0.55469,-0.66921,45
704,23,0.083984,2.6816,-0.12891,-0.33461,51
704,23,0.085938,2.7109,-0.25195,-0.33461,127
704,23,0.085938,2.7461,-0.2832,-0.33461,166
704,23,0.17578,2.7832,-0.24609,-0.33461,169
704,23,0.26563,2.8125,-0.27344,-0.33461,118
704,23,-0.17969,2.5918,-1.2324,-0.33461,37
705,34,0.082031,2.6367,0.23242,0,14
705,34,0.083984,2.6816,0.14844,0,60
705,34,0.085938,2.7207,0.097656,0,88
705,34,0.3457,2.6777,-0.58008,0,15
705,34,0.087891,2.7969,-0.09375,0,91
705,34,0.17773,2.8262,-0.18555,0,96
705,34,0.17969,2.8574,-0.26758,0,54
705,34,0.091797,2.9063,-0.16797,0,33
705,34,0,2.6816,-0.14258,0.33461,20
705,34,0,2.7207,-0.13281,0.33461,37
705,34,0.085938,2.7559,-0.14453,0.33461,29
705,34,0.087891,2.7871,-0.25586,0.33461,31
705,34,0.17773,2.8164,-0.29688,0.33461,32
705,34,0.089844,2.8633,-0.25391,0.33461,20
705,34,0,2.7148,0.22656,0.66921,12
705,34,0.082031,2.6426,-0.13672,-0.66921,12
705,34,0.083984,2.6797,-0.17383,-0.66921,53
705,34,0.085938,2.7129,-0.23438,-0.66921,78
705,34,0.43164,2.5273,-1.0254,-0.66921,15
705,34,0.17578,2.7598,-0.43359,-0.66921,79
705,34,0.26563,2.7715,-0.54883,-0.66921,83
705,34,0.17969,2.8008,-0.62305,-0.66921,48
705,34,0.091797,2.8672,-0.50977,-0.66921,29
705,34,0.082031,2.6465,0.025391,-0.33461,25
705,34,0.083984,2.6836,-0.064453,-0.33461,117
705,34,0.085938,2.7188,-0.12891,-0.33461,179
705,34,0.25977,2.6738,-0.64258,-0.33461,47
705,34,0.17578,2.7773,-0.30469,-0.33461,184
705,34,0.17773,2.8027,-0.40625,-0.33461,195
705,34,0.17969,2.8359,-0.44531,-0.33461,114
705,34,0.091797,2.8926,-0.3418,-0.33461,70
705,34,-1.0352,0,2.5625,0,12
705,34,-0.94922,1.2246,2.2852,-0.66921,12
705,34,-0.86328,1.4453,2.1895,-0.33461,32
706,28,0,2.6465,-0.10938,0,49
706,28,0.083984,2.6836,-0.068359,0,150
706,28,0,2.7207,-0.13867,0,185
706,28,0,2.7578,-0.16016,0,114
706,28,0.087891,2.7422,0.56055,0,54
706,28,0.087891,2.832,0.1543,0,24
706,28,0.083984,2.6836,-0.078125,0.33461,13
706,28,0,2.7207,0.12305,0.33461,18
706,28,0,2.7539,0.20703,0.33461,20
706,28,0,2.7988,0.054688,0.33461,20
706,28,0,2.8066,-0.41406,0.33461,16
706,28,0,2.6035,-0.49023,-0.66921,42
706,28,0.083984,2.6563,-0.39258,-0.66921,140
706,28,0,2.6855,-0.45508,-0.66921,173
706,28,0.085938,2.7363,-0.37109,-0.66921,110
706,28,0.087891,2.793,0.1582,-0.66921,61
706,28,0.17773,2.832,-0.044922,-0.66921,33
706,28,0.082031,2.6328,-0.28125,-0.33461,91
706,28,0,2.6738,-0.26563,-0.33461,283
706,28,0.085938,2.707,-0.28906,-0.33461,351
706,28,0,2.7383,-0.35742,-0.33461,209
706,28,0.087891,2.748,0.52734,-0.33461,89
706,28,0.087891,2.832,-0.16406,-0.33461,53
706,28,0.26953,2.8105,-0.54297,-0.33461,53
706,28,-5.75,0,-1.2637,-0.33461,21
706,28,5.6074,0.33789,-1.3945,-0.33461,16
706,28,-0.88672,0,-2.7871,-0.33461,28
706,28,-0.80859,0.63086,2.6855,-0.33461,28
707,35,0,2.4922,0.63672,0,17
707,35,0.082031,2.5898,0.31836,0,56
707,35,0.16602,2.6426,-0.082031,0,159
707,35,0,2.6699,-0.29492,0,238
707,35,0,2.6406,-0.66602,0,123
707,35,-0.085938,2.4727,1.2246,0,44
707,35,-0.17578,2.6113,0.99609,0,26
707,35,0.087891,2.8027,-0.43359,0,48
707,35,0.082031,2.4824,0.80469,0.33461,14
707,35,0.082031,2.5273,0.78711,0.33461,17
707,35,-0.085938,2.7324,0.39258,0.33461,14
707,35,0,2.5703,-0.087891,-1.0038,11
707,35,0.082031,2.6094,0.035156,-1.0038,40
707,35,0.082031,2.6465,0.039063,-1.0038,53
707,35,0.083984,2.6855,-0.023438,-1.0038,25
707,35,0,2.5605,0.25195,-0.66921,39
707,35,0.082031,2.6016,0.19531,-0.66921,127
707,35,0.082031,2.6445,-0.11328,-0.66921,190
707,35,0.16797,2.627,-0.53516,-0.66921,214
707,35,0.16992,2.4707,-1.1348,-0.66921,104
707,35,-0.17188,2.7012,0.55273,-0.66921,67
707,35,0,2.5332,0.44922,-0.33461,40
707,35,0.082031,2.5977,0.25,-0.33461,130
707,35,0.16602,2.6367,-0.17969,-0.33461,295
707,35,0.083984,2.6484,-0.43555,-0.33461,423
707,35,0.085938,2.5918,-0.83594,-0.33461,219
707,35,-0.085938,2.5684,1.0098,-0.33461,84
707,35,-0.26172,2.6406,0.89453,-0.33461,44
707,35,0.17773,2.7773,-0.55469,-0.33461,89
707,35,0.10156,3.2324,-0.35938,-0.33461,53
707,35,0.10352,3.2891,-0.048828,-0.33461,55
707,35,-1.0215,0.97266,2.3301,0,64
707,35,-0.83984,1.2188,2.2422,-0.66921,111
707,35,-0.85156,1.7793,1.8789,-0.66921,68
707,35,-0.93555,1.3965,2.1426,-0.33461,122
708,45,0,2.5,0.41602,0,27
708,45,0.080078,2.5488,0.34375,0,53
708,45,0.32617,1.1738,2.3086,0,17
708,45,0,2.6484,0.021484,0,76
708,45,0.083984,2.6855,0.013672,0,91
708,45,0,2.7227,0.10742,0,47
708,45,-0.25977,2.7031,-0.50586,0,38
708,45,-5.1309,1.1367,-0.66016,0,14
708,45,-5.002,1.7656,-0.57227,0,15
708,45,0,2.5273,0.48242,0.33461,11
708,45,0,2.6406,0.21289,0.33461,12
708,45,0.083984,2.6699,0.28125,0.33461,16
708,45,0.20508,6.2227,2.0195,0.33461,17
708,45,0,2.5352,0.029297,-1.0038,48
708,45,0.080078,2.5723,0,-1.0038,99
708,45,0.082031,2.6094,-0.064453,-1.0038,86
708,45,0.16602,2.6309,-0.25977,-1.0038,50
708,45,0.083984,2.6777,-0.20117,-1.0038,29
708,45,0,2.4902,0.19141,-0.66921,18
708,45,0,2.5293,0.17383,-0.66921,120
708,45,0.080078,2.5684,0.13867,-0.66921,245
708,45,0.082031,2.6035,0.16992,-0.66921,179
708,45,0,2.6348,0.27344,-0.66921,64
708,45,0,2.6836,0.10742,-0.66921,82
708,45,-0.085938,2.7227,0.066406,-0.66921,52
708,45,-5.1309,0,-1.5293,-0.66921,14
708,45,-5.168,0,-1.457,-0.66921,14
708,45,0,2.4688,0.36914,-0.33461,15
708,45,0.080078,2.5156,0.30469,-0.33461,95
708,45,0.080078,2.5566,0.26758,-0.33461,191
708,45,0.16406,2.5547,0.51172,-0.33461,107
708,45,0,2.6484,-0.019531,-0.33461,101
708,45,0.083984,2.6836,-0.048828,-0.33461,147
708,45,0,2.7227,0.066406,-0.33461,82
708,45,-0.25977,2.6758,-0.63086,-0.33461,80
708,45,-4.9648,1.5469,-1.002,-0.33461,25
708,45,-5.002,1.6426,-0.86523,-0.33461,26
708,45,-0.57031,2.5039,-0.46289,0,12
708,45,3.4766,0,4.9258,0,10
708,45,3.334,0,4.416,0,10
708,45,3.4766,0,4.1758,-0.66921,11
708,45,3.668,0,4.041,-0.66921,11
708,45,0.43164,2.6992,0.39844,-0.33461,51
708,45,3.6406,0,4.4922,-0.33461,19
708,45,3.5,0,4.4785,-0.33461,19
709,47,0,2.5254,-0.22852,0,17
709,47,0,2.5625,-0.21875,0,31
709,47,0,2.6094,-0.099609,0,54
709,47,0.082031,2.6465,-0.023438,0,67
709,47,0.083984,2.6836,-0.046875,0,50
709,47,-0.085938,2.7168,-0.16992,0,59
709,47,0,2.7578,-0.15234,0,57
709,47,0,2.7969,-0.14453,0,32
709,47,-4.9297,1.8301,0.0039063,0,13
709,47,-4.9648,1.8223,-0.27344,0,17
709,47,0,2.6055,0.14844,0.33461,11
709,47,0.082031,2.6445,0.09375,0.33461,14
709,47,0,2.459,0.066406,-1.0038,31
709,47,0.078125,2.4961,0.042969,-1.0038,79
709,47,0.080078,2.5313,-0.11914,-1.0038,79
709,47,0.16016,2.5059,-0.5625,-1.0038,92
709,47,0.16406,2.5098,-0.69727,-1.0038,105
709,47,0.082031,2.5918,-0.53711,-1.0038,110
709,47,0.083984,2.6387,-0.49414,-1.0038,88
709,47,0,2.6016,-0.80859,-1.0038,53
709,47,0,2.6563,-0.75781,-1.0038,51
709,47,0,2.4492,0.21289,-0.66921,56
709,47,0,2.4844,0.25586,-0.66921,135
709,47,0.080078,2.5332,0.066406,-0.66921,124
709,47,0.16016,2.5371,-0.39648,-0.66921,184
709,47,0.082031,2.5645,-0.48047,-0.66921,249
709,47,0.082031,2.6211,-0.36328,-0.66921,275
709,47,0.083984,2.6641,-0.33203,-0.66921,219
709,47,-0.085938,2.6602,-0.58203,-0.66921,158
709,47,0,2.707,-0.54883,-0.66921,161
709,47,-4.9648,1.6621,-0.79688,-0.66921,21
709,47,0,2.4238,0.41602,-0.33461,30
709,47,0,2.4492,0.48242,-0.33461,64
709,47,0.1582,2.5254,0.13867,-0.33461,47
709,47,0.16016,2.5547,-0.25977,-0.33461,123
709,47,0.082031,2.5938,-0.29297,-0.33461,195
709,47,0.082031,2.6406,-0.19531,-0.33461,224
709,47,0,2.6816,-0.16211,-0.33461,170
709,47,0,2.6992,-0.37305,-0.33461,155
709,47,0,2.7402,-0.34961,-0.33461,153
709,47,-4.9297,1.8125,-0.25,-0.33461,24
709,47,-4.9648,1.7676,-0.52148,-0.33461,32
709,47,3.2871,0,5.1855,0,8
709,47,3.6406,0,4.668,0,13
709,47,3.6406,0,4.3125,-0.66921,16
709,47,3.4512,0,4.8398,-0.33461,17
709,47,3.6406,0,4.5762,-0.33461,25
710,52,0,2.3535,0.56641,0,20
710,52,0,2.4199,0.43555,0,27
710,52,0,2.4941,0.10547,0,62
710,52,-0.080078,2.5332,0.0019531,0,84
710,52,-0.080078,2.5684,-0.10938,0,43
710,52,0,2.6074,0.11133,0,22
710,52,0.082031,2.6445,0.12305,0,31
710,52,0.16797,2.6816,0.025391,0,22
710,52,0,2.3652,0.67578,0.33461,12
710,52,0,2.4766,0.31836,0.33461,25
710,52,0,2.5293,0.18164,0.33461,35
710,52,-0.080078,2.5703,0.042969,0.33461,17
710,52,0,2.5938,0.30273,0.33461,10
710,52,0,2.6348,0.26172,0.33461,13
710,52,0,2.418,-0.75977,-1.673,12
710,52,0,2.4219,-0.041016,-1.3384,17
710,52,0.076172,2.4395,-0.30078,-1.3384,26
710,52,0.078125,2.4277,-0.57617,-1.3384,75
710,52,0.080078,2.4473,-0.65625,-1.3384,109
710,52,0.080078,2.4551,-0.76563,-1.3384,60
710,52,0.082031,2.5332,-0.62305,-1.3384,22
710,52,0.16602,2.5762,-0.59375,-1.3384,33
710,52,0.16797,2.6094,-0.61914,-1.3384,25
710,52,0,2.3809,0.11914,-1.0038,35
710,52,0,2.4199,0.095703,-1.0038,111
710,52,0.076172,2.457,-0.025391,-1.0038,148
710,52,0.078125,2.4688,-0.37305,-1.0038,319
710,52,0.080078,2.4902,-0.4668,-1.0038,449
710,52,0,2.5098,-0.57031,-1.0038,246
710,52,0,2.5664,-0.47461,-1.0038,130
710,52,0.16602,2.6094,-0.42383,-1.0038,163
710,52,0.16797,2.6348,-0.49219,-1.0038,123
710,52,0.25586,2.6621,-0.51953,-1.0038,59
710,52,0,2.3672,0.2832,-0.66921,45
710,52,0.076172,2.4082,0.23633,-0.66921,146
710,52,0,2.4531,0.16016,-0.66921,187
710,52,0,2.4902,-0.19141,-0.66921,331
710,52,0,2.5176,-0.29883,-0.66921,455
710,52,-0.080078,2.5449,-0.36328,-0.66921,258
710,52,-0.082031,2.5898,-0.32422,-0.66921,168
710,52,0.082031,2.6328,-0.26953,-0.66921,193
710,52,0.16797,2.6582,-0.3457,-0.66921,145
710,52,-4.7324,2.1563,-0.47461,-0.66921,22
710,52,0,2.3301,0.50391,-0.33461,14
710,52,0,2.3906,0.37891,-0.33461,46
710,52,0.076172,2.4336,0.3457,-0.33461,59
710,52,0,2.4961,0.060547,-0.33461,67
710,52,0,2.5332,-0.082031,-0.33461,87
710,52,-0.16016,2.5664,-0.085938,-0.33461,59
710,52,-0.16406,2.6016,-0.12891,-0.33461,53
710,52,0,2.6445,-0.15234,-0.33461,52
710,52,3.5898,0,4.8203,-0.66921,16
711,42,0,2.2344,0.57617,0,8
711,42,0,2.2852,0.5293,0,21
711,42,0,2.207,0.89844,0,18
711,42,0.076172,2.4043,-0.27344,0,13
711,42,0,2.4512,0.18945,0,30
711,42,0,2.416,0.62891,0,23
711,42,0,2.418,0.75977,0,12
711,42,0,2.4199,0.09375,0.33461,8
711,42,0,2.4395,0.31445,0.33461,16
711,42,0,2.418,0.625,0.33461,12
711,42,0.074219,2.1543,-1.0176,-1.673,10
711,42,0.15039,2.3184,-0.68164,-1.673,35
711,42,0.076172,2.4102,-0.48242,-1.673,46
711,42,0.078125,2.4863,-0.22461,-1.673,26
711,42,0.072266,2.3066,-0.029297,-1.3384,18
711,42,0.074219,2.3438,-0.027344,-1.3384,44
711,42,0.14844,2.3555,-0.32617,-1.3384,103
711,42,0.15039,2.3848,-0.38867,-1.3384,223
711,42,0.1543,2.4355,-0.31055,-1.3384,290
711,42,0,2.4941,-0.12695,-1.3384,202
711,42,-0.080078,2.5313,-0.097656,-1.3384,92
711,42,-0.080078,2.543,-0.375,-1.3384,44
711,42,0.072266,2.3027,0.14453,-1.0038,54
711,42,0.14648,2.3359,0.1543,-1.0038,132
711,42,0.074219,2.3828,-0.017578,-1.0038,196
711,42,0.076172,2.4141,-0.17773,-1.0038,316
711,42,0.076172,2.4531,-0.13867,-1.0038,387
711,42,0,2.4961,-0.0019531,-1.0038,289
711,42,-0.080078,2.5332,-0.035156,-1.0038,173
711,42,0,2.5703,-0.091797,-1.0038,98
711,42,0.072266,2.291,0.26758,-0.66921,46
711,42,0.074219,2.3242,0.30078,-0.66921,111
711,42,0.074219,2.373,0.21875,-0.66921,126
711,42,0.076172,2.4199,0.011719,-0.66921,146
711,42,0.076172,2.457,-0.019531,-0.66921,159
711,42,0,2.4941,0.11914,-0.66921,127
711,42,0,2.5313,0.12305,-0.66921,103
711,42,0,2.5723,0.056641,-0.66921,64
711,42,0,2.3281,0.2832,-0.33461,10
711,42,0,2.3809,0.10742,-0.33461,11
711,42,0,2.4023,-0.29688,-0.33461,14
711,42,0.076172,2.4238,-0.40625,-0.33461,17
712,51,0,2.1641,0.54492,0,9
712,51,0,2.2324,0.41016,0,28
712,51,0.072266,2.2813,0.3457,0,57
712,51,0.074219,2.3223,0.32617,0,65
712,51,0.074219,2.3613,0.32227,0,54
712,51,0.076172,2.4043,0.28125,0,35
712,51,0,2.4512,0.20117,0,14
712,51,0,2.2129,0.50195,0.33461,11
712,51,0,2.2461,0.52734,0.33461,25
712,51,0.074219,2.2793,0.54688,0.33461,32
712,51,0,2.3457,0.42188,0.33461,27
712,51,0,2.4004,0.31445,0.33461,16
712,51,0.074219,2.2969,-0.47461,-2.0076,12
712,51,0.074219,2.3262,-0.50977,-2.0076,11
712,51,0.14258,2.1914,-0.57227,-1.673,31
712,51,0.14453,2.25,-0.49219,-1.673,84
712,51,0.074219,2.2988,-0.45703,-1.673,99
712,51,0.074219,2.3457,-0.41211,-1.673,72
712,51,0.15039,2.3828,-0.40625,-1.673,46
712,51,0.1543,2.3809,-0.5957,-1.673,21
712,51,0,2.3867,-0.73633,-1.673,17
712,51,0.070313,2.2246,0.17578,-1.3384,43
712,51,0.070313,1.9102,-1.2246,-1.3384,53
712,51,0.072266,2.2637,-0.43945,-1.3384,250
712,51,0.14648,2.3223,-0.28906,-1.3384,362
712,51,0.074219,2.373,-0.20117,-1.3384,336
712,51,0.15039,2.4043,-0.23438,-1.3384,234
712,51,0.076172,2.4375,-0.3125,-1.3384,104
712,51,0,2.4395,-0.53516,-1.3384,70
712,51,0.068359,2.1895,0.13672,-1.0038,22
712,51,0.070313,2.2188,0.24023,-1.0038,103
712,51,0.070313,2.1992,0.55664,-1.0038,126
712,51,0.072266,2.2422,-0.54492,-1.0038,173
712,51,0.074219,2.3398,-0.13672,-1.0038,320
712,51,0.074219,2.3828,0,-1.0038,362
712,51,0.076172,2.4199,-0.029297,-1.0038,269
712,51,0.076172,2.4551,-0.10352,-1.0038,115
712,51,-0.078125,2.4727,-0.3457,-1.0038,72
712,51,5.3145,0.71289,-1.1582,-1.0038,26
712,51,-5.3516,0.83008,-1.0898,-1.0038,29
712,51,0,2.1797,0.25586,-0.66921,14
712,51,0.070313,2.2051,0.34375,-0.66921,70
712,51,0.070313,2.2344,0.39648,-0.66921,117
712,51,0.072266,2.3027,-0.12109,-0.66921,80
712,51,0,2.3457,0.023438,-0.66921,38
712,51,0,2.3613,0.32422,-0.66921,103
712,51,0.076172,2.4082,0.24023,-0.66921,87
712,51,0,2.4492,0.21875,-0.66921,38
712,51,-5.5234,0,-0.66406,-0.66921,49
712,51,-5.5625,0,-0.58594,-0.66921,39
712,51,0,2.3516,0.38672,-0.33461,9
713,37,0,2.1875,-0.17578,0,15
713,37,0,2.2324,-0.056641,0,21
713,37,0.070313,2.2676,-0.041016,0,20
713,37,0,2.3008,0.19141,0,16
713,37,0,2.3438,0.09375,0,11
713,37,0.072266,2.1641,-0.79883,-1.673,13
713,37,0,2.2148,-0.77148,-1.673,18
713,37,0,2.2773,-0.70117,-1.673,17
713,37,0.13281,2.1094,0.14258,-1.3384,15
713,37,0.068359,2.1504,-0.1543,-1.3384,29
713,37,0,2.0781,-0.70508,-1.3384,43
713,37,0.13867,2.1367,-0.62891,-1.3384,75
713,37,0,2.0664,-0.93945,-1.3384,73
713,37,-0.072266,2.1426,-0.85352,-1.3384,129
713,37,0,2.2559,-0.64258,-1.3384,143
713,37,0,2.3184,-0.55469,-1.3384,90
713,37,0.13281,2.0938,0.29492,-1.0038,36
713,37,0.20313,2.1211,0.33789,-1.0038,53
713,37,0,2.0527,-0.77734,-1.0038,77
713,37,0.070313,2.1758,-0.49609,-1.0038,168
713,37,0.070313,2.1797,-0.63086,-1.0038,168
713,37,-0.072266,2.2324,-0.58008,-1.0038,245
713,37,0,2.3008,-0.45313,-1.0038,226
713,37,0,2.3535,-0.38281,-1.0038,119
713,37,0.066406,2.0645,0.46875,-0.66921,24
713,37,0.20313,2.043,0.66211,-0.66921,35
713,37,0,2.041,-0.80664,-0.66921,50
713,37,0.070313,2.2012,-0.36133,-0.66921,116
713,37,0.070313,2.2266,-0.4375,-0.66921,130
713,37,0,2.2832,-0.33398,-0.66921,158
713,37,0,2.332,-0.25586,-0.66921,118
713,37,0,2.377,-0.17383,-0.66921,50
713,37,0.13867,2.1992,-0.35352,-0.33461,13
713,37,0.070313,2.2344,-0.38867,-0.33461,21
713,37,0.072266,2.2617,-0.45117,-0.33461,19
713,37,-0.87695,0.39453,1.9316,-1.3384,15
713,37,-0.74219,0.6543,-1.916,-1.0038,27
714,46,0,1.8984,0.75391,0,8
714,46,0.19531,1.9922,0.56641,0,9
714,46,0.066406,2.1172,0.029297,0,31
714,46,0.068359,2.1563,0.0097656,0,44
714,46,0.13672,2.1855,-0.14453,0,18
714,46,0,2.1953,0.40234,0,10
714,46,-0.21289,2.2559,-0.13477,0,13
714,46,-0.2168,2.2891,-0.19727,0,12
714,46,0,2.1191,0.027344,0.33461,12
714,46,0,2.1563,0.056641,0.33461,16
714,46,0.0625,2.0039,-0.058594,-1.3384,11
714,46,0.12695,2.0391,0.025391,-1.3384,70
714,46,0.13086,2.0742,0.11328,-1.3384,113
714,46,0.19922,2.1074,-0.10352,-1.3384,94
714,46,0.20313,2.1211,-0.33008,-1.3384,139
714,46,0.20508,2.1445,-0.41992,-1.3384,97
714,46,0.13867,2.1484,-0.58789,-1.3384,54
714,46,0,2.1504,-0.72852,-1.3384,58
714,46,0,2.1914,-0.72656,-1.3384,50
714,46,0,2.2148,-0.77539,-1.3384,20
714,46,0.0625,2.0039,0.068359,-1.0038,24
714,46,0.064453,2.0332,0.18164,-1.0038,150
714,46,0.13086,2.0547,0.29883,-1.0038,218
714,46,0.19922,2.1074,-0.085938,-1.0038,217
714,46,0.13477,2.1328,-0.28516,-1.0038,358
714,46,0.13672,2.1504,-0.41602,-1.0038,223
714,46,0.070313,2.1836,-0.46094,-1.0038,110
714,46,0,2.2031,-0.54492,-1.0038,146
714,46,-0.072266,2.2344,-0.57227,-1.0038,125
714,46,0.0625,1.998,0.16602,-0.66921,16
714,46,0.064453,2.0137,0.33789,-0.66921,96
714,46,0.064453,2.0176,0.50391,-0.66921,122
714,46,0.19922,2.1094,-0.044922,-0.66921,163
714,46,0.13477,2.1426,-0.19922,-0.66921,279
714,46,0.13672,2.1543,-0.39063,-0.66921,159
714,46,0,2.2109,-0.31055,-0.66921,64
714,46,-0.070313,2.2383,-0.375,-0.66921,111
714,46,-0.072266,2.2715,-0.40039,-0.66921,92
714,46,0.066406,2.1113,-0.16992,-0.33461,19
714,46,0.068359,2.1367,-0.28125,-0.33461,34
714,46,0.20508,2.1094,-0.56836,-0.33461,27
714,46,0.2793,1.9238,-1.0977,-0.33461,12
714,46,-0.14258,2.2656,-0.041016,-0.33461,13
714,46,-0.61719,1.1895,1.7383,0,10
714,46,-0.61719,1.3984,1.5742,-0.33461,14
714,46,-0.48828,1.9941,0.87695,-0.33461,10
715,36,0,1.9238,0.41406,0,22
715,36,0,1.9805,0.31445,0,46
715,36,0.064453,2.0293,0.2207,0,56
715,36,0.064453,2.0742,0.16016,0,44
715,36,0.066406,2.1113,0.1543,0,30
715,36,0.13477,2.1348,0.26953,0,18
715,36,0,1.9551,0.44531,0.33461,15
715,36,0,2.0137,0.34961,0.33461,19
715,36,0.064453,2.0586,0.29297,0.33461,16
715,36,0,2.1094,0.19336,0.33461,11
715,36,0.060547,1.9277,0.021484,-1.3384,32
715,36,0.12305,1.9629,-0.013672,-1.3384,136
715,36,0.125,1.998,-0.12305,-1.3384,252
715,36,0.12695,2.0195,-0.28516,-1.3384,260
715,36,0.19531,2.0254,-0.43359,-1.3384,159
715,36,0.13281,2.084,-0.35547,-1.3384,86
715,36,0,2.1348,-0.30078,-1.3384,57
715,36,0.060547,1.9238,0.13086,-1.0038,73
715,36,0.060547,1.9629,0.10156,-1.0038,307
715,36,0.0625,2.0039,0,-1.0038,577
715,36,0.12695,2.0332,-0.14258,-1.0038,609
715,36,0.19531,2.0566,-0.25,-1.0038,383
715,36,0.13281,2.1074,-0.16797,-1.0038,232
715,36,0.068359,2.1543,-0.068359,-1.0038,148
715,36,0.060547,1.9141,0.23438,-0.66921,48
715,36,0.060547,1.9531,0.2207,-0.66921,205
715,36,0.0625,2,0.125,-0.66921,383
715,36,0.12695,2.0391,0.0039063,-0.66921,408
715,36,0.19531,2.0703,-0.076172,-0.66921,268
715,36,0.13281,2.1152,-0.019531,-0.66921,180
715,36,0.13477,2.1504,0.10352,-0.66921,119
715,36,0,1.9453,0.29102,-0.33461,11
715,36,0,1.9707,0.37305,-0.33461,18
715,36,0,2.0234,0.28906,-0.33461,17
715,36,0.13086,2.0566,0.28516,-0.33461,13
715,36,0.13281,2.1074,0.17383,-0.33461,17
716,43,0.058594,1.8906,0.044922,0,12
716,43,0,1.9297,0.023438,0,21
716,43,0.060547,1.9629,0.10547,0,26
716,43,0,2.002,0.097656,0,19
716,43,-0.12695,2.0371,-0.068359,0,18
716,43,0,2.0781,-0.10352,0,14
716,43,0.11914,3.7715,-0.26953,-2.0076,12
716,43,0.23828,3.7949,-0.37695,-2.0076,14
716,43,0.11914,1.8789,-0.18359,-1.673,14
716,43,0.12109,1.9199,-0.1582,-1.673,13
716,43,0,1.9434,-0.49414,-1.673,13
716,43,0,1.9824,-0.49805,-1.673,14
716,43,0.056641,1.8066,0.17578,-1.3384,17
716,43,0.11523,1.8496,0.066406,-1.3384,118
716,43,0.11914,1.8867,-0.060547,-1.3384,292
716,43,0.12109,1.9121,-0.22656,-1.3384,362
716,43,0.12305,1.918,-0.41992,-1.3384,262
716,43,0.125,1.9961,-0.13867,-1.3384,113
716,43,0,2.043,-0.035156,-1.3384,139
716,43,0.064453,2.0664,-0.24219,-1.3384,106
716,43,0.19922,2.0762,-0.375,-1.3384,52
716,43,0.11328,1.7969,0.23242,-1.0038,30
716,43,0.11523,1.8438,0.16406,-1.0038,217
716,43,0.058594,1.8906,0.039063,-1.0038,548
716,43,0.12109,1.9219,-0.12695,-1.0038,723
716,43,0.18359,1.9395,-0.27734,-1.0038,543
716,43,0.25,1.9609,-0.33203,-1.0038,197
716,43,0,2.041,0.082031,-1.0038,214
716,43,0.13086,2.0645,-0.2207,-1.0038,217
716,43,0.19922,2.0879,-0.30469,-1.0038,116
716,43,0.056641,1.7813,0.34961,-0.66921,15
716,43,0.11523,1.832,0.25586,-0.66921,120
716,43,0.058594,1.8867,0.12305,-0.66921,314
716,43,0.060547,1.9277,-0.035156,-0.66921,428
716,43,0.12305,1.9551,-0.17188,-0.66921,346
716,43,0.1875,1.9414,-0.46875,-0.66921,125
716,43,0.064453,2.0391,0.10547,-0.66921,106
716,43,0.13086,2.0703,-0.15625,-0.66921,140
716,43,0.13281,2.1055,-0.20117,-0.66921,77
716,43,0.058594,1.8887,0.082031,-0.33461,18
716,43,0.060547,1.9277,-0.0058594,-0.33461,27
716,43,0.12305,1.9629,-0.072266,-0.33461,23
716,43,-0.60352,0.71289,1.6875,-1.673,7
717,56,0,1.7734,-0.125,0,17
717,56,0.056641,1.8145,0.017578,0,59
717,56,0,1.8535,0.050781,0,81
717,56,0,1.8906,0.072266,0,56
717,56,-0.060547,1.9277,0.0039063,0,28
717,56,-0.12305,1.9609,-0.10938,0,20
717,56,-0.1875,1.9805,-0.25,0,13
717,56,0,1.8086,0.16016,0.33461,29
717,56,0,1.8438,0.1875,0.33461,40
717,56,0,1.875,0.24609,0.33461,26
717,56,0,1.9199,0.19531,0.33461,14
717,56,0.056641,1.6934,-0.65234,-2.0076,13
717,56,0.058594,1.7344,-0.6543,-2.0076,18
717,56,0.058594,1.7227,-0.77734,-2.0076,11
717,56,0.11328,3.5918,-0.044922,-2.0076,14
717,56,0.11133,1.6973,-0.51953,-1.673,26
717,56,0.11328,1.7422,-0.49805,-1.673,100
717,56,0.11523,1.7793,-0.50781,-1.673,141
717,56,0.058594,1.8027,-0.57227,-1.673,93
717,56,0.060547,1.834,-0.5957,-1.673,46
717,56,0,1.8652,-0.62695,-1.673,34
717,56,0,1.8926,-0.66406,-1.673,20
717,56,0.10938,1.7285,0.17773,-1.3384,50
717,56,0.16602,1.7695,-0.0625,-1.3384,189
717,56,0.11328,1.791,-0.27344,-1.3384,511
717,56,0.11523,1.8125,-0.37109,-1.3384,651
717,56,0.11914,1.832,-0.45508,-1.3384,389
717,56,0.12109,1.8984,-0.32031,-1.3384,258
717,56,0.060547,1.9414,-0.31836,-1.3384,189
717,56,0,1.9492,-0.46875,-1.3384,100
717,56,0.10938,1.7168,0.26953,-1.0038,101
717,56,0.16602,1.7656,0.12891,-1.0038,321
717,56,0.11328,1.8105,-0.076172,-1.0038,673
717,56,0.11523,1.8379,-0.21289,-1.0038,758
717,56,0.11914,1.8672,-0.27344,-1.0038,460
717,56,0.12109,1.9219,-0.10547,-1.0038,402
717,56,0.12305,1.9629,-0.072266,-1.0038,284
717,56,0.0625,1.9922,-0.21094,-1.0038,132
717,56,0.054688,1.7012,0.36523,-0.66921,58
717,56,0.11133,1.752,0.28711,-0.66921,181
717,56,0.11328,1.8086,0.13086,-0.66921,299
717,56,0.11523,1.8496,-0.025391,-0.66921,289
717,56,0.17773,1.8828,-0.035156,-0.66921,209
717,56,0.18164,1.9199,0.068359,-0.66921,211
717,56,0.18359,1.9551,0.11719,-0.66921,138
717,56,0.125,2,0.039063,-0.66921,59
717,56,-0.24023,2.3691,-0.9707,-0.66921,29
717,56,5.0215,1.0977,-0.66797,-0.66921,46
717,56,-5.2207,0,-0.69531,-0.66921,41
717,56,0,1.752,0.30664,-0.33461,8
717,56,0.056641,1.8105,0.11914,-0.33461,20
717,56,0.058594,1.8516,0.042969,-0.33461,24
717,56,0.058594,1.8887,-0.10156,-0.33461,15
717,56,0.060547,1.9277,-0.019531,-0.33461,11
717,56,-0.70898,1.332,1.1387,-2.0076,6
717,56,-0.65039,1.1328,1.3691,-1.673,47
