Frame #,# Obj,X,Y,Z,Doppler,Intensity
140,27,0,1.3574,0.10742,0,10
140,27,-0.087891,1.3965,-0.027344,0,16
140,27,0,1.4355,-0.083984,0,39
140,27,0,1.4707,-0.11523,0,38
140,27,0,1.5059,-0.14258,0,14
140,27,-0.085938,1.3438,0.20313,0.33461,17
140,27,-0.087891,1.3965,0.042969,0.33461,31
140,27,0,1.4375,0.0058594,0.33461,74
140,27,0,1.4746,-0.0078125,0.33461,72
140,27,0,1.5098,-0.091797,0.33461,26
140,27,0,1.8906,-0.023438,0.33461,50
140,27,0,1.9297,0.0058594,0.33461,41
140,27,0.125,1.9668,-0.36523,0.33461,14
140,27,-0.13867,1.25,-1.8438,0.33461,19
140,27,-0.14258,0.31055,2.2441,0.33461,18
140,27,-0.042969,1.334,0.27539,0.66921,12
140,27,-0.13086,1.3848,0.15039,0.66921,18
140,27,0,1.4355,0.085938,0.66921,32
140,27,0,1.4727,0.087891,0.66921,33
140,27,0,1.5137,0,0.66921,13
140,27,0.058594,1.8496,-0.39063,-0.66921,20
140,27,0.060547,1.8926,-0.37109,-0.66921,17
140,27,0.058594,1.832,-0.27539,-0.33461,31
140,27,0.058594,1.873,-0.26172,-0.33461,62
140,27,0.060547,1.9121,-0.25391,-0.33461,54
140,27,0.060547,1.9395,-0.32227,-0.33461,19
140,27,0.125,1.8965,-0.63867,-0.33461,13
141,42,0,1.4688,-0.13477,0,11
141,42,0,1.502,-0.18359,0,13
141,42,0,1.5352,-0.22852,0,8
141,42,0,1.8887,-0.39453,0,15
141,42,0,1.9512,-0.25391,0,21
141,42,0.125,1.9785,-0.30664,0,22
141,42,0.058594,1.8887,-0.076172,0.33461,32
141,42,0.060547,1.9277,-0.013672,0.33461,43
141,42,0.12305,1.9629,0.0058594,0.33461,44
141,42,0.25,1.9883,0.048828,0.33461,36
141,42,0,1.4375,0.0058594,0.66921,15
141,42,0,1.4746,-0.025391,0.66921,44
141,42,0,1.5117,-0.072266,0.66921,55
141,42,0,1.5449,-0.12891,0.66921,29
141,42,0,1.9512,-1.1602,0.66921,28
141,42,-0.072266,1.9316,-1.2617,0.66921,43
141,42,0,1.3457,-1.9199,0.66921,30
141,42,0,1.4316,0.13477,1.0038,43
141,42,0,1.4727,0.091797,1.0038,123
141,42,0,1.5117,0.046875,1.0038,149
141,42,0,1.5508,-0.019531,1.0038,83
141,42,0,1.5801,-0.16211,1.0038,17
141,42,-0.070313,2.0586,-0.95313,1.0038,28
141,42,0,2.0371,-1.084,1.0038,40
141,42,-0.14648,1.7305,-1.5762,1.0038,28
141,42,0,3.291,-0.70898,1.0038,16
141,42,-0.044922,1.4141,0.25586,1.3384,37
141,42,-0.046875,1.4609,0.19727,1.3384,102
141,42,0,1.5059,0.15234,1.3384,120
141,42,0,1.5488,0.095703,1.3384,67
141,42,0.048828,1.5879,-0.023438,1.3384,15
141,42,-0.091797,1.4395,0.3125,1.673,19
141,42,0,1.4863,0.28711,1.673,22
141,42,0.12109,1.8867,-0.38867,-0.66921,16
141,42,0.18359,1.9277,-0.34375,-0.66921,25
141,42,0.25,1.9395,-0.43945,-0.66921,25
141,42,0.058594,1.8105,-0.54102,-0.33461,29
141,42,0.12109,1.9121,-0.22461,-0.33461,51
141,42,0.18359,1.9414,-0.25586,-0.33461,74
141,42,0.1875,1.9707,-0.31445,-0.33461,71
141,42,0.25586,2.002,-0.31445,-0.33461,35
141,42,0.89453,0,1.5059,1.0038,9
142,60,0,1.5723,-0.23438,0,11
142,60,0,1.5938,-0.33008,0,19
142,60,0,1.6211,-0.375,0,16
142,60,0,1.8652,-0.31641,0,33
142,60,-0.060547,1.9102,-0.26367,0,47
142,60,-0.060547,1.9414,-0.3125,0,55
142,60,0.0625,1.9746,-0.3457,0,54
142,60,0.064453,2.002,-0.40234,0,38
142,60,0.064453,2.043,-0.39453,0,18
142,60,0,1.5918,-0.33398,0.33461,11
142,60,0,1.7754,-0.53711,0.33461,39
142,60,0,1.8223,-0.50586,0.33461,53
142,60,-0.18164,1.9043,-0.25586,0.33461,67
142,60,-0.24609,1.9473,-0.125,0.33461,76
142,60,-0.25,1.9863,0.11523,0.33461,60
142,60,0,1.6426,-0.27344,0.66921,13
142,60,-0.24609,1.9512,-0.027344,0.66921,36
142,60,-0.2207,1.8965,-1.3613,0.66921,32
142,60,-0.14844,1.8555,-1.4902,0.66921,54
142,60,-0.22656,1.7246,-1.6836,0.66921,40
142,60,3.2988,0.83594,0.12305,0.66921,18
142,60,3.3359,0.85156,-0.0625,0.66921,20
142,60,0,1.5488,0.097656,1.0038,22
142,60,0,1.5898,0.019531,1.0038,106
142,60,0,1.627,-0.029297,1.0038,186
142,60,-0.052734,1.6621,-0.0625,1.0038,140
142,60,0,1.6973,-0.13867,1.0038,43
142,60,-0.22266,2.041,-1.2109,1.0038,32
142,60,3.1914,1.1582,0.25,1.0038,13
142,60,3.3359,0.76563,0.37695,1.0038,12
142,60,-0.048828,1.5332,0.23047,1.3384,56
142,60,-0.048828,1.582,0.13477,1.3384,251
142,60,0,1.625,0.082031,1.3384,429
142,60,-0.052734,1.6641,0.044922,1.3384,326
142,60,0,1.7031,-0.011719,1.3384,98
142,60,-0.097656,1.5059,0.35938,1.673,40
142,60,-0.048828,1.5703,0.24023,1.673,176
142,60,-0.050781,1.6152,0.19141,1.673,298
142,60,-0.052734,1.6563,0.15234,1.673,227
142,60,-0.052734,1.6992,0.10742,1.673,68
142,60,-0.099609,1.5234,0.44141,2.0076,23
142,60,-0.10156,1.5918,0.31836,2.0076,39
142,60,0,1.6406,0.2793,2.0076,28
142,60,0.058594,1.7246,-0.67969,-0.66921,14
142,60,0.058594,1.707,-0.81445,-0.66921,18
142,60,0.12109,1.8145,-0.64648,-0.66921,15
142,60,0.18359,1.8594,-0.61523,-0.66921,21
142,60,0.25,1.8672,-0.68945,-0.66921,36
142,60,0.25586,1.8926,-0.72656,-0.66921,31
142,60,0.19531,1.9316,-0.74805,-0.66921,12
142,60,0.11523,1.7539,-0.58984,-0.33461,42
142,60,0.058594,1.7734,-0.6543,-0.33461,55
142,60,0.18164,1.8613,-0.47852,-0.33461,46
142,60,0.24609,1.8984,-0.45508,-0.33461,62
142,60,0.25,1.9063,-0.56836,-0.33461,104
142,60,0.19141,1.9434,-0.59961,-0.33461,88
142,60,0.25977,1.959,-0.6543,-0.33461,36
142,60,-0.11914,1.7949,-0.58398,0.33461,52
142,60,0.375,1.75,-0.90234,0.33461,38
142,60,-1.2773,0.78906,3.0566,0.66921,10
143,49,-0.052734,1.6836,-0.24805,0,16
143,49,-0.054688,1.6992,-0.37695,0,34
143,49,-0.054688,1.7305,-0.40625,0,33
143,49,-0.11328,1.7578,-0.44141,0,13
143,49,-0.18164,1.8633,-0.4707,0,29
143,49,-0.12305,1.8965,-0.50586,0,24
143,49,-0.30273,1.8242,-1.5625,0,22
143,49,0.058594,1.8184,-0.35547,0.33461,34
143,49,0,1.877,-0.23633,0.33461,73
143,49,-0.060547,1.9102,-0.27148,0.33461,79
143,49,-0.12305,1.916,-0.42578,0.33461,41
143,49,-0.30273,2.0547,-1.2461,0.33461,37
143,49,-0.30664,2.209,-1.0352,0.33461,33
143,49,3.0117,1.5762,-0.54492,0.33461,14
143,49,-0.052734,1.6973,-0.11914,0.66921,43
143,49,-0.054688,1.7344,-0.14258,0.66921,83
143,49,0,1.7695,-0.17969,0.66921,65
143,49,0,1.7988,-0.25391,0.66921,21
143,49,-0.058594,1.8906,-0.060547,0.66921,30
143,49,-0.12109,1.9199,-0.15234,0.66921,36
143,49,-0.23047,2.0781,-1.2949,0.66921,28
143,49,-0.078125,1.9297,-1.584,0.66921,22
143,49,-0.10352,1.6582,0.085938,1.0038,26
143,49,-0.10547,1.6992,0.019531,1.0038,150
143,49,-0.10938,1.7363,-0.021484,1.0038,303
143,49,-0.054688,1.7754,-0.064453,1.0038,266
143,49,-0.11328,1.8086,-0.11133,1.0038,97
143,49,-0.10352,1.6465,0.22656,1.3384,25
143,49,-0.10547,1.6934,0.13477,1.3384,138
143,49,-0.054688,1.7363,0.087891,1.3384,285
143,49,-0.11133,1.7734,0.052734,1.3384,264
143,49,-0.11328,1.8125,0.0058594,1.3384,102
143,49,-0.17383,1.8457,-0.042969,1.3384,14
143,49,-0.10547,1.6816,0.24805,1.673,32
143,49,-0.10938,1.7246,0.21094,1.673,68
143,49,-0.16602,1.7617,0.16602,1.673,63
143,49,-0.16992,1.8027,0.13086,1.673,25
143,49,0.11523,1.6777,-0.78125,-0.66921,14
143,49,0.058594,1.7539,-0.70703,-0.66921,20
143,49,0.060547,1.7344,-0.84375,-0.66921,11
143,49,0,1.6758,-0.4707,-0.33461,16
143,49,0,1.6992,-0.52344,-0.33461,16
143,49,0.11328,1.5703,-0.9043,-0.33461,11
143,49,0.11523,1.7207,-0.67969,-0.33461,40
143,49,0.058594,1.7969,-0.58984,-0.33461,58
143,49,0.060547,1.7832,-0.73633,-0.33461,31
143,49,0.125,1.9609,-0.39844,-0.33461,12
143,49,-2.582,0,2.6504,0.33461,10
143,49,-0.625,1.4004,0.97266,-0.33461,6
144,50,-0.10938,1.7344,-0.099609,0,25
144,50,-0.16602,1.7617,-0.17383,0,154
144,50,-0.16992,1.7949,-0.2207,0,343
144,50,-0.11523,1.8281,-0.28125,0,349
144,50,-0.11914,1.8574,-0.33984,0,163
144,50,-0.12109,1.8828,-0.40625,0,43
144,50,0,1.9277,-0.39453,0,23
144,50,0,1.9805,-0.3125,0,17
144,50,0,2.6758,0.24609,0,11
144,50,-0.2168,1.7266,0.050781,0.33461,45
144,50,-0.16602,1.7695,-0.0625,0.33461,289
144,50,-0.16992,1.8047,-0.11133,0.33461,650
144,50,-0.17383,1.8398,-0.15625,0.33461,635
144,50,-0.17773,1.8711,-0.22266,0.33461,279
144,50,-0.24023,1.8848,-0.33203,0.33461,85
144,50,-0.18359,1.9219,-0.375,0.33461,61
144,50,-0.0625,1.957,-0.42969,0.33461,41
144,50,0,1.9902,-0.46094,0.33461,21
144,50,0,2.6426,0.48047,0.33461,22
144,50,3.2637,1.1621,-0.33984,0.33461,16
144,50,-0.2168,1.7207,0.13477,0.66921,27
144,50,-0.16602,1.7695,0.042969,0.66921,179
144,50,-0.16992,1.8086,0.0019531,0.66921,408
144,50,-0.17383,1.8457,-0.039063,0.66921,411
144,50,-0.17773,1.8809,-0.087891,0.66921,186
144,50,-0.24023,1.9082,-0.16406,0.66921,46
144,50,-0.18359,1.9414,-0.26367,0.66921,24
144,50,-0.125,1.9805,-0.29297,0.66921,15
144,50,0,2.6055,0.65234,0.66921,17
144,50,-0.22266,1.7578,0.15039,1.0038,18
144,50,-0.16992,1.8047,0.10742,1.0038,45
144,50,-0.17383,1.8438,0.097656,1.0038,49
144,50,-0.17773,1.8828,0.041016,1.0038,26
144,50,0.058594,1.7852,-0.49805,-0.66921,27
144,50,0.11914,1.8145,-0.51953,-0.66921,35
144,50,0.12109,1.834,-0.58398,-0.66921,22
144,50,0.12305,1.8418,-0.68164,-0.66921,15
144,50,0.125,1.8789,-0.68945,-0.66921,17
144,50,0.064453,1.9512,-0.60156,-0.66921,12
144,50,-0.054688,1.7441,-0.33984,-0.33461,17
144,50,0,1.7734,-0.39258,-0.33461,52
144,50,0.058594,1.8008,-0.43555,-0.33461,103
144,50,0.058594,1.8359,-0.45313,-0.33461,111
144,50,0.12109,1.8691,-0.4668,-0.33461,68
144,50,0.18359,1.9004,-0.47461,-0.33461,44
144,50,0.1875,1.9297,-0.51563,-0.33461,46
144,50,0.19141,1.9453,-0.5957,-0.33461,32
144,50,0.19531,1.9648,-0.6582,-0.33461,14
144,50,0.12695,1.9922,-0.43555,0.33461,21
144,50,-2.3926,0,3.0449,0.33461,9
145,13,-0.11328,1.8047,-0.1582,0.33461,25
145,13,-0.058594,1.8262,-0.31445,0.33461,48
145,13,0,1.8262,-0.49219,0.33461,49
145,13,0.12109,1.8652,-0.48242,0.33461,31
145,13,0.12305,1.9434,-0.28516,0.33461,17
145,13,0,1.7695,-0.55469,-0.66921,17
145,13,0.058594,1.7246,-0.77344,-0.66921,16
145,13,-0.11328,1.7832,-0.32617,-0.33461,30
145,13,0,1.7949,-0.4668,-0.33461,51
145,13,0,1.7832,-0.62891,-0.33461,49
145,13,0.12109,1.8262,-0.60742,-0.33461,35
145,13,0.18359,1.916,-0.4043,-0.33461,24
145,13,0.1875,1.9551,-0.40625,-0.33461,19
148,4,0,1.8086,-0.4043,0.33461,23
148,4,0,1.7363,-0.75195,0.33461,19
148,4,0,1.6641,-0.81836,-0.33461,19
148,4,0.058594,1.5684,-1.0566,-0.33461,16
149,10,0,1.832,-0.2832,0.33461,13
149,10,0,1.8711,-0.27539,0.33461,16
149,10,0.12109,1.9023,-0.29688,0.33461,16
149,10,0.18359,1.9316,-0.32813,0.33461,16
149,10,0.1875,1.9512,-0.42578,0.33461,11
149,10,0,1.7949,-0.46289,-0.33461,12
149,10,0.058594,1.8027,-0.56836,-0.33461,14
149,10,0.18164,1.8477,-0.52734,-0.33461,14
149,10,0.18359,1.8555,-0.62891,-0.33461,13
149,10,0.1875,1.8359,-0.7832,-0.33461,10
184,2,0,1.8789,-0.21875,0.33461,12
184,2,0.058594,1.8262,-0.49023,-0.33461,14
185,8,0,1.3516,0.17578,0.33461,11
185,8,-0.087891,1.3906,0.14258,0.33461,20
185,8,-0.089844,1.4336,0.033203,0.33461,18
185,8,0.060547,1.9199,-0.17383,0.33461,18
185,8,0,1.9629,-0.11719,0.33461,13
185,8,0.12109,1.8711,-0.45508,-0.33461,19
185,8,0.060547,1.9258,-0.39844,-0.33461,15
185,8,0.125,1.9395,-0.49414,-0.33461,12
186,29,0,1.3984,-0.080078,0,45
186,29,-0.044922,1.4316,-0.11523,0,104
186,29,-0.046875,1.4668,-0.15234,0,101
186,29,0,1.5,-0.20117,0,41
186,29,-0.085938,1.3535,0.11719,0.33461,20
186,29,-0.042969,1.3984,0.019531,0.33461,127
186,29,-0.044922,1.4375,-0.021484,0.33461,270
186,29,-0.046875,1.4727,-0.058594,0.33461,254
186,29,-0.046875,1.5098,-0.10547,0.33461,102
186,29,0,1.8887,-0.09375,0.33461,55
186,29,0,1.9199,-0.19141,0.33461,44
186,29,-0.085938,1.3418,0.22266,0.66921,25
186,29,-0.087891,1.3926,0.11328,0.66921,141
186,29,-0.044922,1.4355,0.076172,0.66921,288
186,29,-0.046875,1.4746,0.041016,0.66921,257
186,29,-0.046875,1.5117,-0.0039063,0.66921,100
186,29,-0.087891,1.3809,0.21289,1.0038,54
186,29,-0.089844,1.4238,0.17773,1.0038,100
186,29,-0.091797,1.4648,0.14648,1.0038,85
186,29,-0.14258,1.5039,0.095703,1.0038,30
186,29,0.058594,1.8359,-0.44922,-0.66921,18
186,29,0,1.834,-0.59961,-0.66921,13
186,29,0,1.4277,-0.16211,-0.33461,21
186,29,-0.046875,1.457,-0.22461,-0.33461,20
186,29,0.058594,1.8379,-0.23438,-0.33461,32
186,29,0,1.8672,-0.30273,-0.33461,54
186,29,0,1.8887,-0.39453,-0.33461,39
186,29,0.25,1.8887,-0.625,-0.33461,24
186,29,0.19141,1.9277,-0.64844,-0.33461,26
187,30,0,1.998,-0.16406,0,12
187,30,0.058594,1.8398,-0.22461,0.33461,26
187,30,0.058594,1.8906,-0.048828,0.33461,37
187,30,0.060547,1.9277,0.074219,0.33461,35
187,30,0.12305,1.959,0.12695,0.33461,30
187,30,-0.09375,1.5078,-0.082031,0.66921,23
187,30,-0.097656,1.541,-0.15234,0.66921,31
187,30,0,1.5742,-0.21289,0.66921,18
187,30,-0.091797,1.4551,0.22266,1.0038,31
187,30,-0.09375,1.5039,0.14648,1.0038,76
187,30,-0.097656,1.5469,0.074219,1.0038,83
187,30,-0.099609,1.5859,-0.046875,1.0038,40
187,30,-0.091797,1.4414,0.29688,1.3384,48
187,30,-0.09375,1.4902,0.24219,1.3384,109
187,30,-0.097656,1.5332,0.20898,1.3384,105
187,30,-0.099609,1.5781,0.16211,1.3384,43
187,30,-0.13867,1.4258,0.35352,1.673,22
187,30,-0.09375,1.4824,0.28711,1.673,51
187,30,-0.097656,1.5234,0.27734,1.673,50
187,30,-0.099609,1.5742,0.19336,1.673,20
187,30,0.058594,1.8691,-0.28516,-0.66921,13
187,30,0.12109,1.8867,-0.38086,-0.66921,15
187,30,0.060547,1.9043,-0.49219,-0.66921,12
187,30,0.058594,1.8379,-0.24023,-0.33461,19
187,30,0.058594,1.8828,-0.16797,-0.33461,36
187,30,0.060547,1.9199,-0.18164,-0.33461,42
187,30,0.12305,1.9238,-0.39453,-0.33461,36
187,30,0.1875,1.9102,-0.58008,-0.33461,30
187,30,0.25586,1.8789,-0.75781,-0.33461,17
187,30,-0.61523,0.95508,-1.6074,0.33461,16
188,63,0,1.5977,-0.30469,0,16
188,63,0,1.623,-0.36523,0,21
188,63,-0.052734,1.668,-0.33984,0,14
188,63,0,1.7012,-0.73633,0,19
188,63,-0.24023,1.9141,0.019531,0,21
188,63,-0.12305,1.9453,-0.26172,0,38
188,63,0,1.9727,-0.35938,0,30
188,63,0.064453,1.9824,-0.49023,0,18
188,63,-3.4043,0,-0.49219,0,14
188,63,3.2285,1.0078,-0.64648,0,11
188,63,0,1.7793,-0.36719,0.33461,21
188,63,0,1.7949,-0.4668,0.33461,58
188,63,-0.058594,1.8105,-0.54492,0.33461,85
188,63,-0.12109,1.877,-0.42969,0.33461,100
188,63,-0.12305,1.9531,-0.19336,0.33461,94
188,63,-0.125,2,-0.072266,0.33461,54
188,63,0,2.0391,-0.13281,0.33461,30
188,63,-0.13086,2.0762,-0.066406,0.33461,27
188,63,3.1914,1.1484,-0.29102,0.33461,16
188,63,3.3359,0.74805,-0.41406,0.33461,18
188,63,-0.10156,1.6191,-0.13086,0.66921,31
188,63,-0.10352,1.6543,-0.15234,0.66921,42
188,63,-0.10547,1.6934,-0.13086,0.66921,26
188,63,-0.14844,1.7891,-1.5664,0.66921,39
188,63,-0.15039,1.9023,-1.4902,0.66921,32
188,63,3.1191,1.4434,-0.19336,0.66921,11
188,63,-0.099609,1.5859,0.039063,1.0038,34
188,63,-0.10156,1.623,-0.0058594,1.0038,113
188,63,-0.10352,1.6602,-0.046875,1.0038,147
188,63,-0.10547,1.6973,-0.095703,1.0038,85
188,63,-0.16406,1.7285,-0.11914,1.0038,18
188,63,-0.099609,1.582,0.12305,1.3384,31
188,63,-0.10156,1.623,0.068359,1.3384,101
188,63,-0.10352,1.6621,0.027344,1.3384,130
188,63,-0.10547,1.6992,-0.019531,1.3384,72
188,63,-0.10938,1.7344,-0.095703,1.3384,15
188,63,-0.15234,1.6191,0.064453,1.673,16
188,63,-0.15625,1.6563,-0.041016,1.673,19
188,63,0,1.6387,-0.86719,-0.66921,28
188,63,0,1.623,-0.9707,-0.66921,37
188,63,0,1.5859,-1.0996,-0.66921,23
188,63,-0.18359,1.9395,-0.27344,-0.66921,13
188,63,0.1875,1.8125,-0.83594,-0.66921,15
188,63,0,1.6035,-0.44531,-0.33461,10
188,63,0.056641,1.6699,-0.71289,-0.33461,28
188,63,0,1.6875,-0.76953,-0.33461,83
188,63,0,1.6895,-0.84961,-0.33461,102
188,63,-0.060547,1.6387,-1.0156,-0.33461,66
188,63,-0.18359,1.9355,-0.29688,-0.33461,35
188,63,0.25,1.8398,-0.75781,-0.33461,44
188,63,0.25586,1.8789,-0.76172,-0.33461,40
188,63,0.19531,1.9004,-0.82422,-0.33461,17
188,63,-2.2598,0,2.7188,0,6
188,63,-0.87695,0.30469,1.7773,0.33461,28
188,63,-0.83008,0.70703,1.7285,0.33461,16
188,63,-1.1699,0,3.2617,0.33461,13
188,63,0,3.4375,-0.18945,0.33461,11
188,63,-1.1836,0.92578,3.0977,0.66921,9
188,63,-0.86133,1.1387,1.3535,-0.66921,7
188,63,-0.43945,1.8359,0.67578,-0.66921,9
188,63,-0.67578,1.0469,1.1035,-0.33461,6
188,63,-0.86133,1.0273,1.4395,-0.33461,18
188,63,-0.375,1.873,0.60938,-0.33461,23
189,51,-0.054688,1.7012,-0.36523,0,9
189,51,0.12109,1.9141,-0.21875,0,23
189,51,0.12305,1.9492,-0.24219,0,37
189,51,0,1.9668,-0.39063,0,29
189,51,-0.30273,1.377,-1.9688,0,21
189,51,-0.30664,1.5254,-1.9043,0,25
189,51,2.9785,1.6172,-0.32031,0,9
189,51,3.2285,1.0859,-0.50391,0,18
189,51,3.2637,1.0879,-0.53125,0,15
189,51,-0.18164,1.877,-0.4082,0.33461,24
189,51,-0.24609,1.9102,-0.40234,0.33461,42
189,51,-0.25,1.9648,-0.3125,0.33461,44
189,51,-0.12695,2.0176,-0.30078,0.33461,30
189,51,-0.30273,1.4785,-1.8926,0.33461,41
189,51,-0.30664,1.7832,-1.6641,0.33461,49
189,51,3.0859,1.4199,-0.23633,0.33461,20
189,51,3.2285,1.166,-0.27734,0.33461,40
189,51,3.3711,0.77148,-0.38867,0.33461,35
189,51,-0.10547,1.6973,-0.09375,0.66921,36
189,51,-0.10938,1.7305,-0.14844,0.66921,70
189,51,-0.16602,1.7617,-0.18164,0.66921,64
189,51,-0.16992,1.7891,-0.26367,0.66921,30
189,51,3.0859,1.4375,0.078125,0.66921,16
189,51,3.2285,1.1973,-0.0039063,0.66921,33
189,51,3.2637,1.2051,-0.11914,0.66921,30
189,51,-0.16016,1.6953,0.025391,1.0038,54
189,51,-0.16406,1.7324,-0.041016,1.0038,106
189,51,-0.16602,1.7676,-0.085938,1.0038,95
189,51,-0.16992,1.8008,-0.1582,1.0038,43
189,51,-0.16016,1.6934,0.070313,1.3384,24
189,51,-0.16406,1.7305,0.072266,1.3384,47
189,51,-0.16602,1.7695,0.025391,1.3384,44
189,51,-0.22656,1.8008,-0.052734,1.3384,19
189,51,0.24023,1.8711,-0.4082,-0.66921,16
189,51,0.30664,1.875,-0.50977,-0.66921,24
189,51,0.3125,1.9121,-0.51172,-0.66921,17
189,51,0,1.791,-0.47656,-0.33461,8
189,51,0.29492,1.832,0.36914,-0.33461,14
189,51,0.24023,1.9004,-0.23438,-0.33461,42
189,51,0.30664,1.9121,-0.34961,-0.33461,60
189,51,0.25,1.9375,-0.44727,-0.33461,40
189,51,-2.4473,0,3.1484,0,6
189,51,-2.3672,0,2.9629,0,10
189,51,-2.2852,0,2.7695,0,8
189,51,-2.3418,0,3.3047,0.33461,14
189,51,-2.3672,0,3.2539,0.33461,23
189,51,-2.3926,0,3.1348,0.33461,18
189,51,-2.4473,0,-3.1914,0.66921,9
189,51,-2.3672,0,-3.3613,0.66921,18
189,51,-0.35547,1.7324,-0.67383,-0.33461,11
189,51,-0.375,0,-1.9824,-0.33461,22
190,39,-0.11328,1.7891,-0.29102,0,19
190,39,-0.17383,1.8125,-0.34961,0,30
190,39,-0.17773,1.8672,-0.24023,0,37
190,39,-0.12109,1.9141,-0.21094,0,32
190,39,0,1.9941,-0.20508,0,23
190,39,-0.12695,2.0254,-0.23242,0,18
190,39,3.0117,1.4043,-0.89648,0,8
190,39,-1.0879,0.67188,3.2383,0,10
190,39,-0.45703,4.8047,0.71875,0,11
190,39,-0.16602,1.7656,-0.13086,0.33461,32
190,39,-0.11328,1.8066,-0.15234,0.33461,101
190,39,-0.11523,1.8418,-0.17188,0.33461,159
190,39,-0.11914,1.8809,-0.17383,0.33461,149
190,39,-0.12109,1.9219,-0.13477,0.33461,90
190,39,-0.060547,1.9531,-0.22266,0.33461,26
190,39,2.9043,1.5586,-0.99219,0.33461,13
190,39,-1.1973,0,3.3867,0.33461,18
190,39,-0.16602,1.7695,0,0.66921,48
190,39,-0.11328,1.8125,-0.015625,0.66921,161
190,39,-0.11523,1.8496,-0.052734,0.66921,245
190,39,-0.11914,1.8867,-0.083984,0.66921,184
190,39,-0.12109,1.9238,-0.091797,0.66921,74
190,39,-0.16602,1.7598,0.20117,1.0038,22
190,39,-0.16992,1.8047,0.11914,1.0038,80
190,39,-0.17383,1.8438,0.082031,1.0038,122
190,39,-0.17773,1.8828,0.023438,1.0038,83
190,39,-0.18164,1.9199,-0.029297,1.0038,22
190,39,0,1.9395,-0.50586,-0.66921,19
190,39,0,1.998,-0.42773,-0.66921,15
190,39,0,1.8789,-0.21289,-0.33461,16
190,39,0,1.9434,-0.30078,-0.33461,17
190,39,0.0625,1.9551,-0.44531,-0.33461,38
190,39,0,2.0039,-0.39844,-0.33461,30
190,39,-0.45313,4.8164,0.22852,-0.33461,15
190,39,-0.15234,4.8652,0.3418,-0.33461,21
190,39,-2.4746,1.0859,2.1328,0,7
190,39,3.0449,1.082,-1.291,0,9
190,39,-2.4746,0,2.5293,0.33461,13
190,39,3.0449,1.3262,-1.0391,0.33461,16
191,22,-0.11328,1.8125,0.025391,0,17
191,22,-0.17383,1.8457,-0.054688,0,30
191,22,-0.17773,1.8828,-0.046875,0,25
191,22,-0.24023,1.9082,-0.16406,0,14
191,22,-0.24609,1.9219,-0.33789,0,11
191,22,-0.16992,1.7969,0.20313,0.33461,20
191,22,-0.11523,1.8379,0.21484,0.33461,32
191,22,0,1.8613,0.3418,0.33461,13
191,22,-0.12109,1.9219,-0.125,0.33461,36
191,22,-0.12305,1.9512,-0.21484,0.33461,49
191,22,-0.0625,1.9824,-0.28906,0.33461,28
191,22,-0.18164,1.9219,0.0058594,0.66921,13
191,22,-0.18359,1.957,-0.078125,0.66921,17
191,22,-0.11328,1.8027,-0.19531,-0.66921,16
191,22,-0.058594,1.8379,-0.23438,-0.66921,28
191,22,-0.11914,1.8711,-0.25781,-0.66921,20
191,22,-0.16992,1.8086,-0.029297,-0.33461,42
191,22,-0.11523,1.8477,-0.10742,-0.33461,74
191,22,-0.11914,1.8809,-0.16602,-0.33461,54
191,22,0,1.9102,-0.27734,-0.33461,22
191,22,0,1.9082,-0.47852,-0.33461,30
191,22,0,1.9238,-0.56836,-0.33461,19
192,10,-0.17383,1.8438,-0.097656,0,11
192,10,-0.22656,1.8008,0.082031,0.33461,25
192,10,-0.23242,1.8398,0.025391,0.33461,35
192,10,-0.29492,1.8672,-0.054688,0.33461,22
192,10,-0.16992,1.7695,-0.36719,-0.66921,13
192,10,-0.17383,1.8145,-0.33984,-0.66921,18
192,10,-0.16992,1.8027,-0.13477,-0.33461,37
192,10,-0.17383,1.8359,-0.1875,-0.33461,53
192,10,-0.17773,1.8633,-0.26953,-0.33461,35
192,10,0,1.9004,-0.33594,-0.33461,11
224,2,0,1.8672,-0.30273,0.33461,9
224,2,0,1.8281,-0.48633,-0.33461,9
226,6,-0.16992,1.3438,0.13867,0.33461,9
226,6,-0.13086,1.3867,0.13672,0.33461,13
226,6,-0.13477,1.4297,0.0625,0.33461,12
226,6,0,1.8652,-0.31836,0.33461,14
226,6,0.058594,1.8203,-0.51367,-0.33461,14
226,6,0,1.8438,-0.57031,-0.33461,13
227,31,-0.042969,1.3574,-0.099609,0,9
227,31,-0.087891,1.3965,-0.0625,0,38
227,31,-0.089844,1.4316,-0.09375,0,68
227,31,-0.046875,1.4688,-0.13672,0,54
227,31,-0.09375,1.498,-0.19531,0,18
227,31,0,1.9551,-0.2207,0,15
227,31,-0.0625,1.9746,-0.34375,0,11
227,31,-0.13672,1.9902,-0.91602,0,21
227,31,-0.13867,2.2266,0.078125,0,36
227,31,-0.070313,2.2051,0.5332,0,29
227,31,-0.085938,1.3574,0.064453,0.33461,15
227,31,-0.042969,1.3984,0.039063,0.33461,72
227,31,-0.089844,1.4355,-0.0019531,0.33461,127
227,31,-0.091797,1.4727,-0.035156,0.33461,100
227,31,-0.09375,1.5078,-0.080078,0.33461,33
227,31,-0.12109,1.9219,-0.12109,0.33461,45
227,31,-0.18359,1.9473,-0.20508,0.33461,35
227,31,-0.3125,1.9727,-0.17383,0.33461,18
227,31,-0.13672,2.0195,-0.84766,0.33461,39
227,31,-0.13867,2.2031,0.32813,0.33461,67
227,31,-0.070313,2.1406,0.75195,0.33461,54
227,31,-0.087891,1.3906,0.13867,0.66921,40
227,31,-0.089844,1.4297,0.11133,0.66921,68
227,31,-0.091797,1.4707,0.058594,0.66921,52
227,31,-0.09375,1.5098,0.041016,0.66921,17
227,31,-0.13867,2.1348,0.63672,0.66921,40
227,31,-0.14258,2.0996,0.85156,0.66921,32
227,31,-0.18164,1.873,-0.42773,-0.33461,22
227,31,0.25,1.9609,-0.33398,-0.33461,19
227,31,0.375,1.8203,0.75195,0.33461,12
227,31,-0.43945,1.3418,1.4238,-0.33461,11
228,53,-0.044922,1.4316,-0.125,0,13
228,53,-0.046875,1.4648,-0.17383,0,27
228,53,-0.046875,1.498,-0.20313,0,31
228,53,0,1.5293,-0.25586,0,16
228,53,0.058594,1.7207,-0.6875,0,22
228,53,0,1.8379,-0.44336,0,17
228,53,-0.18164,1.9199,-0.083984,0,24
228,53,-0.12305,1.9551,-0.17383,0,19
228,53,-0.125,1.9863,-0.24414,0,15
228,53,-0.091797,1.4727,-0.011719,0.33461,21
228,53,-0.046875,1.5078,-0.125,0.33461,22
228,53,0,1.7598,-0.44531,0.33461,47
228,53,0.058594,1.7949,-0.46289,0.33461,108
228,53,0.058594,1.7773,-0.64258,0.33461,76
228,53,-0.24023,1.9121,0.078125,0.33461,53
228,53,-0.18359,1.9551,-0.12109,0.33461,45
228,53,-0.13086,1.3828,0.17578,0.66921,14
228,53,-0.089844,1.4316,0.085938,0.66921,71
228,53,-0.091797,1.4727,0.035156,0.66921,156
228,53,-0.046875,1.5117,-0.029297,0.66921,174
228,53,-0.048828,1.5488,-0.080078,0.66921,93
228,53,0,1.582,-0.1582,0.66921,17
228,53,0,1.8184,-0.36523,0.66921,37
228,53,-0.14258,1.6602,-1.541,0.66921,29
228,53,-0.072266,0.92969,-2.1113,0.66921,29
228,53,-3.291,0,0.25,0.66921,20
228,53,3.1211,1.1348,0.23828,0.66921,17
228,53,-0.087891,1.3672,0.28906,1.0038,17
228,53,-0.089844,1.4238,0.18164,1.0038,82
228,53,-0.046875,1.4707,0.10352,1.0038,175
228,53,-0.09375,1.5098,0.066406,1.0038,201
228,53,-0.097656,1.5488,0.015625,1.0038,109
228,53,-0.048828,1.5879,-0.015625,1.0038,23
228,53,-0.13477,1.4043,0.28125,1.3384,23
228,53,-0.091797,1.459,0.20117,1.3384,53
228,53,-0.09375,1.502,0.15234,1.3384,63
228,53,-0.097656,1.543,0.11523,1.3384,35
228,53,0.058594,1.7207,-0.68555,-0.66921,23
228,53,0.058594,1.6816,-0.86523,-0.66921,19
228,53,0,1.4375,-0.33008,-0.33461,11
228,53,0,1.4746,-0.33984,-0.33461,12
228,53,0.056641,1.7266,-0.5625,-0.33461,31
228,53,0.058594,1.7578,-0.58398,-0.33461,71
228,53,0.058594,1.7344,-0.75195,-0.33461,59
228,53,0.30078,0.48438,-1.8438,-0.33461,21
228,53,-0.30664,1.9023,-0.39648,-0.33461,21
228,53,0.3125,1.8379,-0.73633,-0.33461,17
228,53,0.064453,1.9414,-0.63477,-0.33461,14
228,53,-3.4824,0,-1.0254,-0.33461,14
228,53,-0.59961,0.73633,1.1289,-0.33461,6
228,53,-0.36133,1.8828,-0.21875,-0.33461,20
228,53,0.36914,1.4531,-1.2734,-0.33461,14
228,53,-0.43945,1.748,0.87891,-0.33461,11
229,43,0,1.5273,-0.27148,0,9
229,43,-0.048828,1.5664,-0.25977,0,20
229,43,0,1.5938,-0.32813,0,18
229,43,-0.11914,1.8555,-0.35352,0,25
229,43,-0.12109,1.8945,-0.34375,0,37
229,43,-0.12305,1.9219,-0.40625,0,34
229,43,-0.125,1.9531,-0.4375,0,22
229,43,0,2.0078,-0.37891,0,14
229,43,-0.13086,2.0488,-0.3418,0,14
229,43,0.058594,1.8535,-0.025391,0.33461,33
229,43,-0.058594,1.8828,0.18164,0.33461,50
229,43,-0.18164,1.9199,-0.052734,0.33461,73
229,43,-0.12305,1.9551,-0.18359,0.33461,78
229,43,-0.125,1.9941,-0.16797,0.33461,52
229,43,-0.12695,2.0273,-0.21484,0.33461,36
229,43,-0.13086,2.0527,-0.32031,0.33461,32
229,43,-0.13281,2.0762,-0.4043,0.33461,18
229,43,-0.097656,1.5488,0.0058594,0.66921,17
229,43,-0.048828,1.5859,-0.080078,0.66921,37
229,43,-0.10156,1.6191,-0.12109,0.66921,38
229,43,-0.10352,1.6563,-0.14063,0.66921,20
229,43,-0.09375,1.5039,0.14453,1.0038,12
229,43,-0.097656,1.5469,0.074219,1.0038,75
229,43,-0.099609,1.5859,0.023438,1.0038,168
229,43,-0.10156,1.623,-0.025391,1.0038,167
229,43,-0.10352,1.6602,-0.064453,1.0038,73
229,43,-0.097656,1.5371,0.18359,1.3384,82
229,43,-0.099609,1.582,0.12305,1.3384,186
229,43,-0.10156,1.6211,0.078125,1.3384,186
229,43,-0.10352,1.6621,0.023438,1.3384,80
229,43,-0.14453,1.5098,0.32227,1.673,23
229,43,-0.14844,1.5645,0.23047,1.673,56
229,43,-0.10156,1.6133,0.17969,1.673,57
229,43,-0.15625,1.6504,0.14258,1.673,24
229,43,0.058594,1.7988,-0.44727,-0.66921,18
229,43,0.11914,1.8516,-0.36719,-0.66921,23
229,43,0.060547,1.9199,-0.18945,-0.66921,12
229,43,0.056641,1.7676,-0.41016,-0.33461,19
229,43,0.058594,1.8262,-0.31836,-0.33461,55
229,43,0.058594,1.875,-0.24219,-0.33461,68
229,43,0,1.9258,-0.10547,-0.33461,37
229,43,0,1.9551,-0.21484,-0.33461,21
229,43,-0.1875,1.9922,-0.13867,-0.33461,16
230,64,-0.10352,1.6523,-0.16992,0,17
230,64,-0.10547,1.6816,-0.23828,0,36
230,64,-0.10938,1.7148,-0.2793,0,32
230,64,-0.054688,1.7383,-0.37305,0,13
230,64,-0.24023,1.8711,-0.40625,0,20
230,64,-0.24609,1.8887,-0.49219,0,23
230,64,-0.30273,1.623,-1.7715,0,22
230,64,3.0508,1.3887,-0.31641,0,12
230,64,3.1914,1.0918,-0.46094,0,30
230,64,3.2285,1.0313,-0.61133,0,34
230,64,3.2637,0.85547,-0.85742,0,17
230,64,0.11523,1.6582,-0.82031,0.33461,16
230,64,0,1.875,-0.25,0.33461,17
230,64,-0.060547,1.9238,-0.125,0.33461,47
230,64,-0.060547,1.957,-0.18164,0.33461,47
230,64,-0.1875,1.9414,-0.46875,0.33461,37
230,64,-0.29883,1.6914,-1.6523,0.33461,30
230,64,-0.22656,1.6426,-1.7656,0.33461,45
230,64,3.1563,1.1602,-0.16016,0.33461,24
230,64,3.1914,1.1543,-0.26563,0.33461,62
230,64,3.2285,1.127,-0.4043,0.33461,68
230,64,3.2637,1.0859,-0.53516,0.33461,34
230,64,-0.10352,1.6582,0.091797,0.66921,26
230,64,-0.10547,1.6992,0.015625,0.66921,61
230,64,-0.10938,1.7363,-0.035156,0.66921,59
230,64,-0.11133,1.7734,-0.083984,0.66921,25
230,64,3.1563,1.166,0.11523,0.66921,18
230,64,3.1914,1.1836,-0.03125,0.66921,45
230,64,3.2285,1.1953,-0.09375,0.66921,50
230,64,3.2637,1.1816,-0.26367,0.66921,25
230,64,-0.10156,1.5938,0.31445,1.0038,17
230,64,-0.10352,1.6523,0.16602,1.0038,111
230,64,-0.10547,1.6973,0.095703,1.0038,244
230,64,-0.10938,1.7363,0.046875,1.0038,230
230,64,-0.16602,1.7695,-0.011719,1.0038,88
230,64,-0.11328,1.8086,-0.11328,1.0038,11
230,64,-0.20313,1.5684,0.37891,1.3384,16
230,64,-0.10352,1.6426,0.24414,1.3384,110
230,64,-0.10547,1.6875,0.19141,1.3384,238
230,64,-0.16406,1.7266,0.13867,1.3384,219
230,64,-0.16602,1.7676,0.087891,1.3384,83
230,64,-0.20898,1.627,0.28125,1.673,24
230,64,-0.16016,1.6699,0.28906,1.673,53
230,64,-0.16406,1.7148,0.24414,1.673,48
230,64,-0.11133,1.7637,0.19531,1.673,19
230,64,-0.052734,1.666,-0.34375,-0.33461,17
230,64,-0.10938,1.6895,-0.4043,-0.33461,15
230,64,0.056641,1.6758,-0.69922,-0.33461,16
230,64,0.058594,1.6113,-0.91406,-0.33461,29
230,64,0,1.7031,-0.82422,-0.33461,24
230,64,0.060547,1.8809,-0.42383,-0.33461,32
230,64,0.18359,1.959,-0.0019531,-0.33461,23
230,64,0.25,1.5938,-1.1914,-0.33461,16
230,64,0.25586,1.8418,-0.84766,-0.33461,22
230,64,0.25977,1.9121,-0.7793,-0.33461,18
230,64,-2.4199,0,2.8887,0,7
230,64,-2.2344,0,3.0645,0,18
230,64,-2.2598,0,2.8906,0,19
230,64,-2.3926,0,2.7734,0,9
230,64,-1.1582,0,3.2148,0.33461,16
230,64,-2.3418,0,3.1035,0.33461,35
230,64,-2.3672,0,3.041,0.33461,37
230,64,-2.3926,0,2.8965,0.33461,18
230,64,-1.2637,0,-3.1875,0.66921,13
231,64,-0.16406,1.7266,-0.14844,0,17
231,64,-0.11133,1.7578,-0.24219,0,40
231,64,-0.16992,1.7852,-0.2832,0,40
231,64,-0.17383,1.8125,-0.35156,0,25
231,64,-0.17773,1.8535,-0.33594,0,19
231,64,-0.18164,1.8848,-0.37109,0,20
231,64,-0.064453,2.0801,-0.054688,0,20
231,64,0,2.1172,-0.0625,0,20
231,64,3.0859,1.2578,-0.69922,0,19
231,64,3.2285,0.95508,-0.72266,0,46
231,64,3.2637,0.85938,-0.85352,0,50
231,64,3.2988,0.76172,-0.95898,0,24
231,64,-0.16406,1.7285,-0.12695,0.33461,69
231,64,-0.16602,1.7598,-0.19141,0.33461,139
231,64,-0.16992,1.791,-0.24219,0.33461,125
231,64,-0.23242,1.8125,-0.30859,0.33461,56
231,64,-0.17773,1.8789,-0.13086,0.33461,39
231,64,-0.12109,1.9238,-0.10352,0.33461,60
231,64,-0.060547,1.9648,-0.085938,0.33461,46
231,64,3.0859,1.3613,-0.46484,0.33461,34
231,64,3.1191,1.3496,-0.54297,0.33461,83
231,64,3.2637,1.0391,-0.62109,0.33461,88
231,64,3.2988,1,-0.70508,0.33461,44
231,64,-0.21289,1.6875,0.074219,0.66921,17
231,64,-0.16406,1.7324,-0.048828,0.66921,92
231,64,-0.16602,1.7676,-0.10547,0.66921,178
231,64,-0.16992,1.8027,-0.13477,0.66921,147
231,64,-0.23242,1.834,-0.15234,0.66921,58
231,64,-0.23633,1.8711,-0.14648,0.66921,20
231,64,-0.18164,1.9219,-0.019531,0.66921,24
231,64,-0.12305,1.9629,0.027344,0.66921,17
231,64,3.1914,1.1309,-0.35156,0.66921,19
231,64,3.1191,1.4063,-0.37305,0.66921,44
231,64,3.1543,1.4102,-0.41797,0.66921,48
231,64,3.1895,1.4082,-0.48047,0.66921,24
231,64,-0.16406,1.7324,0.025391,1.0038,39
231,64,-0.22266,1.7637,0.0019531,1.0038,68
231,64,-0.22656,1.8008,0.025391,1.0038,56
231,64,-0.23242,1.834,0.13086,1.0038,24
231,64,0,2.0156,-0.33203,-0.66921,15
231,64,0,2.0625,-0.26953,-0.66921,31
231,64,0,2.0938,-0.32031,-0.66921,32
231,64,0,2.1133,-0.42578,-0.66921,16
231,64,-0.16602,1.7461,-0.29688,-0.33461,9
231,64,-0.11328,1.7754,-0.36914,-0.33461,12
231,64,0,1.8066,-0.41406,-0.33461,12
231,64,0.11914,1.8633,-0.30273,-0.33461,11
231,64,0.060547,1.9063,-0.29883,-0.33461,32
231,64,0,1.9512,-0.25,-0.33461,26
231,64,0.064453,1.998,-0.41992,-0.33461,26
231,64,0,2.0723,-0.18555,-0.33461,43
231,64,0,2.1094,-0.19922,-0.33461,43
231,64,0,2.1348,-0.30859,-0.33461,22
231,64,-2.3418,0,2.9316,0,15
231,64,-2.3672,0,2.7461,0,32
231,64,-2.3926,0,2.6855,0,32
231,64,-2.4199,0.62305,2.4785,0,15
231,64,-2.3418,0,3.127,0.33461,27
231,64,-2.3672,0,2.9648,0.33461,61
231,64,-2.3926,0,2.9238,0.33461,60
231,64,-2.4199,0,2.8535,0.33461,27
231,64,-2.4473,0,3.166,0.66921,15
231,64,-2.4746,0,3.1152,0.66921,33
231,64,-2.502,0,3.0938,0.66921,34
232,40,-0.058594,1.8008,-0.43555,0,13
232,40,0,1.8066,-0.56055,0,10
232,40,-0.24609,1.8789,-0.5293,0,10
232,40,3.2285,1.0176,-0.63086,0,8
232,40,3.2637,0.91602,-0.79102,0,14
232,40,3.1895,1.2148,-0.85938,0,11
232,40,0,1.8145,-0.085938,0.33461,15
232,40,0.058594,1.8281,-0.29883,0.33461,36
232,40,0.11914,1.8535,-0.35547,0.33461,40
232,40,-0.12305,1.959,-0.12109,0.33461,33
232,40,-0.125,1.9922,-0.18555,0.33461,28
232,40,-0.19141,2.0293,-0.14453,0.33461,14
232,40,3.2285,1.1426,-0.35742,0.33461,21
232,40,3.2637,1.1094,-0.48828,0.33461,38
232,40,3.1895,1.3379,-0.65039,0.33461,30
232,40,0,1.875,-0.24414,0.66921,12
232,40,3.0449,1.6426,-0.37305,0.66921,13
232,40,3.1895,1.4258,-0.42383,0.66921,11
232,40,0.058594,1.7363,-0.64844,-0.66921,13
232,40,0.058594,1.7559,-0.70117,-0.66921,16
232,40,0.11328,1.7285,-0.54492,-0.33461,13
232,40,0.11523,1.7559,-0.58594,-0.33461,41
232,40,0.11914,1.7852,-0.61523,-0.33461,48
232,40,0.060547,1.6895,-0.92969,-0.33461,18
232,40,0,1.9648,-0.095703,-0.33461,17
232,40,0,1.9844,-0.29492,-0.33461,16
232,40,3.3711,0.3418,-0.79297,-0.33461,17
232,40,3.2988,0.85352,-0.87695,-0.33461,13
232,40,-2.3672,0,2.6602,0,5
232,40,-2.502,0,2.5371,0,8
232,40,-2.5293,0,2.4785,0,6
232,40,-2.3672,0,3.0957,0.33461,14
232,40,-2.3926,0,3.0059,0.33461,24
232,40,-2.4199,0,2.9785,0.33461,18
232,40,-2.502,0,3.2773,0.66921,9
232,40,-2.5293,0,3.0176,0.66921,7
232,40,-0.56836,1.377,1.0391,-0.33461,7
232,40,-0.60352,1.0664,1.4902,-0.33461,10
232,40,-2.3926,0,2.709,-0.33461,9
232,40,-2.4199,0.82031,2.4199,-0.33461,7
233,18,0.16992,1.582,-0.875,0.33461,13
233,18,0.11523,1.7734,-0.52734,0.33461,34
233,18,0.058594,1.8516,-0.38672,0.33461,36
233,18,-0.12109,1.9102,-0.25,0.33461,18
233,18,0.24609,1.9355,-0.25,0.33461,15
233,18,0.1875,1.959,-0.38477,0.33461,24
233,18,0.12695,2.002,-0.38281,0.33461,19
233,18,0.11328,1.5742,-0.89648,-0.33461,12
233,18,0.11523,1.7383,-0.63477,-0.33461,30
233,18,0.058594,1.8047,-0.56445,-0.33461,30
233,18,-0.060547,1.8574,-0.51563,-0.33461,17
233,18,0.25,1.8848,-0.63672,-0.33461,19
233,18,0.25586,1.8496,-0.82813,-0.33461,16
233,18,-0.39648,1.666,0.60156,0.33461,12
233,18,-0.52148,1.4707,1,0.33461,18
233,18,-0.36914,1.2988,-1.4316,0.33461,12
233,18,-0.51172,1.6035,0.67969,-0.33461,8
233,18,-0.43945,1.6523,1.0488,-0.33461,11
234,12,-0.22656,1.8027,0,0,10
234,12,-0.17383,1.8457,-0.046875,0,13
234,12,-0.23633,1.875,-0.082031,0,8
234,12,-0.11328,1.8105,0.087891,0.33461,21
234,12,-0.11523,1.8496,0.039063,0.33461,24
234,12,0.064453,1.9863,-0.47461,0.33461,12
234,12,-0.11328,1.7988,-0.22656,-0.66921,13
234,12,-0.11523,1.834,-0.24219,-0.66921,16
234,12,-0.16602,1.7656,-0.13281,-0.33461,13
234,12,-0.16992,1.8027,-0.13281,-0.33461,37
234,12,-0.11523,1.8457,-0.12695,-0.33461,46
234,12,-0.11914,1.8887,0.021484,-0.33461,22
270,33,-0.085938,1.3594,-0.0019531,0,20
270,33,-0.087891,1.3965,-0.029297,0,56
270,33,-0.089844,1.4336,-0.068359,0,70
270,33,-0.091797,1.4668,-0.12305,0,41
270,33,-0.14258,1.4961,-0.17578,0,10
270,33,-0.13672,1.998,-0.89453,0,21
270,33,-0.13867,2.1836,0.44727,0,36
270,33,-0.14258,2.1816,0.61133,0,30
270,33,-0.085938,1.3574,0.076172,0.33461,39
270,33,-0.087891,1.3965,0.060547,0.33461,105
270,33,-0.044922,1.4375,0.035156,0.33461,129
270,33,-0.091797,1.4727,-0.023438,0.33461,76
270,33,-0.09375,1.5078,-0.09375,0.33461,18
270,33,0,1.916,-0.22266,0.33461,53
270,33,0,1.9531,-0.23828,0.33461,29
270,33,0.0625,2,-0.12305,0.33461,14
270,33,-0.068359,2.0098,-0.87891,0.33461,40
270,33,-0.13867,2.0879,0.77734,0.33461,71
270,33,-0.14258,2.1074,0.83008,0.33461,59
270,33,-0.2168,2.2305,0.55273,0.33461,22
270,33,-0.085938,1.3496,0.16992,0.66921,26
270,33,-0.13086,1.3867,0.13281,0.66921,66
270,33,-0.089844,1.4297,0.12305,0.66921,79
270,33,-0.091797,1.4707,0.089844,0.66921,44
270,33,-0.20508,2.1152,-0.54883,0.66921,26
270,33,-0.13867,1.9766,1.0254,0.66921,46
270,33,-0.14258,2.0176,1.0313,0.66921,39
270,33,0,1.7969,-0.5918,-0.66921,15
270,33,0.060547,1.8398,-0.57813,-0.66921,15
270,33,0,1.8066,-0.55859,-0.33461,45
270,33,0,1.8594,-0.51758,-0.33461,46
270,33,0,1.8965,-0.52539,-0.33461,26
270,33,0.0625,1.9629,-0.4043,-0.33461,13
271,46,0,1.4316,-0.12891,0,10
271,46,-0.091797,1.4668,-0.13672,0,32
271,46,-0.046875,1.5039,-0.16992,0,44
271,46,-0.097656,1.5352,-0.19336,0,24
271,46,0.058594,1.8184,-0.35742,0,14
271,46,0,1.8574,-0.35938,0,21
271,46,0.060547,1.9082,-0.27539,0,16
271,46,-0.091797,1.4707,-0.058594,0.33461,22
271,46,-0.09375,1.5059,-0.12305,0.33461,28
271,46,-0.048828,1.5352,-0.21289,0.33461,17
271,46,0.058594,1.834,-0.26563,0.33461,36
271,46,0.058594,1.8809,-0.19531,0.33461,60
271,46,0.060547,1.9238,-0.14063,0.33461,46
271,46,0,1.9668,-0.052734,0.33461,35
271,46,0,2,-0.14258,0.33461,23
271,46,3.1895,0.8125,0.072266,0.33461,18
271,46,3.2246,0.82422,-0.0625,0.33461,21
271,46,-0.089844,1.4336,0.078125,0.66921,91
271,46,-0.091797,1.4727,0.029297,0.66921,278
271,46,-0.09375,1.5098,-0.0058594,0.66921,349
271,46,-0.097656,1.5469,-0.041016,0.66921,196
271,46,-0.099609,1.584,-0.082031,0.66921,43
271,46,0.058594,1.8887,-0.09375,0.66921,20
271,46,3.1895,0.76758,0.2793,0.66921,21
271,46,-3.3301,0,0.17188,0.66921,25
271,46,-0.13086,1.3438,0.37305,1.0038,15
271,46,-0.089844,1.4238,0.17188,1.0038,137
271,46,-0.091797,1.4668,0.11914,1.0038,405
271,46,-0.09375,1.5078,0.087891,1.0038,501
271,46,-0.097656,1.5469,0.050781,1.0038,272
271,46,-0.099609,1.5859,0.0019531,1.0038,57
271,46,-0.13477,1.4082,0.25781,1.3384,62
271,46,-0.091797,1.457,0.21875,1.3384,176
271,46,-0.09375,1.5,0.18359,1.3384,209
271,46,-0.097656,1.541,0.14063,1.3384,111
271,46,-0.099609,1.582,0.11328,1.3384,23
271,46,0.058594,1.7832,-0.50195,-0.66921,16
271,46,0.058594,1.8301,-0.47656,-0.66921,28
271,46,0.060547,1.8613,-0.50391,-0.66921,23
271,46,0.060547,1.9121,-0.45898,-0.66921,13
271,46,-0.09375,1.4941,-0.22461,-0.33461,15
271,46,0.11523,1.8086,-0.39258,-0.33461,47
271,46,0.058594,1.8535,-0.37695,-0.33461,83
271,46,0.060547,1.8965,-0.35156,-0.33461,68
271,46,0.060547,1.9414,-0.31445,-0.33461,39
271,46,0,1.9785,-0.33203,-0.33461,20
272,49,0,1.5352,-0.2207,0,10
272,49,-0.099609,1.5684,-0.23438,0,24
272,49,-0.10156,1.6016,-0.27148,0,25
272,49,0,1.6348,-0.3125,0,11
272,49,0.058594,1.832,-0.28125,0,30
272,49,0.058594,1.877,-0.23242,0,41
272,49,0.060547,1.916,-0.2207,0,32
272,49,0,1.9473,-0.27734,0,15
272,49,0,1.8145,0.052734,0.33461,19
272,49,0.058594,1.8535,0.027344,0.33461,68
272,49,0,1.8906,0.017578,0.33461,104
272,49,0.060547,1.9277,-0.035156,0.33461,83
272,49,0.060547,1.9629,-0.10156,0.33461,35
272,49,-0.19531,2.0703,-0.052734,0.33461,22
272,49,-0.14453,1.543,0.072266,0.66921,20
272,49,-0.099609,1.5859,0.046875,0.66921,43
272,49,-0.15234,1.6191,0.0039063,0.66921,39
272,49,-0.15625,1.6563,-0.033203,0.66921,17
272,49,0,1.8867,0.12891,0.66921,35
272,49,0,1.9258,0.10547,0.66921,27
272,49,-0.097656,1.541,0.14844,1.0038,80
272,49,-0.14844,1.5781,0.099609,1.0038,179
272,49,-0.10156,1.623,0.072266,1.0038,172
272,49,-0.10352,1.6602,0.039063,1.0038,72
272,49,-0.14258,1.4668,0.34375,1.3384,12
272,49,-0.097656,1.5313,0.22266,1.3384,82
272,49,-0.099609,1.5742,0.1875,1.3384,189
272,49,-0.10156,1.6152,0.16016,1.3384,184
272,49,-0.10352,1.6563,0.13672,1.3384,77
272,49,-0.14453,1.5117,0.31836,1.673,23
272,49,-0.14844,1.5605,0.26172,1.673,52
272,49,-0.15234,1.6016,0.24609,1.673,50
272,49,-0.15625,1.6445,0.21289,1.673,21
272,49,0.056641,1.7773,-0.36328,-0.66921,13
272,49,0.058594,1.8125,-0.38086,-0.66921,41
272,49,0.058594,1.8516,-0.37891,-0.66921,60
272,49,0.060547,1.8789,-0.43359,-0.66921,46
272,49,0,1.9082,-0.47656,-0.66921,20
272,49,-0.099609,1.5371,-0.38867,-0.33461,11
272,49,0,1.584,-0.37305,-0.33461,11
272,49,0.056641,1.7891,-0.30469,-0.33461,35
272,49,0.11523,1.832,-0.26172,-0.33461,114
272,49,0.058594,1.873,-0.26367,-0.33461,173
272,49,0.060547,1.9063,-0.29688,-0.33461,134
272,49,0.060547,1.9355,-0.3457,-0.33461,59
272,49,0.125,1.8887,-0.66016,-0.33461,18
272,49,0.19141,1.8262,-0.89844,-0.33461,15
272,49,-0.67773,0.45313,1.3203,0,6
272,49,-0.66016,0.97852,1.1191,-0.33461,6
273,64,-0.17773,1.832,-0.43359,0,29
273,64,-0.12109,1.9082,-0.25977,0,48
273,64,-0.12305,1.9629,-0.029297,0,29
273,64,0.25,1.9277,-0.49414,0,24
273,64,3.1563,1.1406,-0.26953,0,18
273,64,3.1914,1.0918,-0.45898,0,40
273,64,3.2285,1.0098,-0.64453,0,38
273,64,3.1543,1.2109,-0.83594,0,14
273,64,0.11328,1.7969,-0.23828,0.33461,15
273,64,0,1.8438,-0.19336,0.33461,44
273,64,-0.058594,1.8887,-0.095703,0.33461,96
273,64,-0.12109,1.918,-0.17383,0.33461,122
273,64,-0.060547,1.9434,-0.30469,0.33461,77
273,64,0.125,1.9805,-0.2832,0.33461,40
273,64,-0.22656,1.4512,-1.9258,0.33461,44
273,64,3.1563,1.1621,-0.1543,0.33461,35
273,64,3.0859,1.4121,-0.27734,0.33461,75
273,64,3.1191,1.3984,-0.40234,0.33461,70
273,64,3.1543,1.3301,-0.62695,0.33461,27
273,64,-0.052734,1.6641,0.017578,0.66921,55
273,64,-0.052734,1.7012,-0.015625,0.66921,122
273,64,-0.10938,1.7363,-0.039063,0.66921,118
273,64,-0.054688,1.7754,-0.076172,0.66921,50
273,64,-0.11914,1.8887,0.027344,0.66921,38
273,64,-0.12109,1.9258,-0.050781,0.66921,49
273,64,-0.12305,1.957,-0.16602,0.66921,29
273,64,3.0508,1.416,0.15039,0.66921,16
273,64,3.1914,1.1855,-0.0058594,0.66921,36
273,64,3.1191,1.4492,-0.12891,0.66921,33
273,64,3.2637,1.1855,-0.24805,0.66921,13
273,64,0,1.6172,0.17578,1.0038,15
273,64,-0.10352,1.6543,0.16406,1.0038,99
273,64,-0.10547,1.6953,0.11328,1.0038,232
273,64,-0.10938,1.7344,0.082031,1.0038,235
273,64,-0.11133,1.7734,0.050781,1.0038,105
273,64,-0.056641,1.8145,0.0097656,1.0038,17
273,64,-0.10352,1.6387,0.26953,1.3384,56
273,64,-0.10547,1.6836,0.22461,1.3384,136
273,64,-0.10938,1.7246,0.19922,1.3384,143
273,64,-0.16602,1.7617,0.17383,1.3384,64
273,64,0.058594,1.7559,-0.58984,-0.66921,19
273,64,0.058594,1.8008,-0.57617,-0.66921,21
273,64,0,1.8555,-0.52734,-0.66921,14
273,64,0.18359,1.8828,-0.54102,-0.66921,22
273,64,0.25,1.875,-0.66211,-0.66921,27
273,64,0.25586,1.9063,-0.6875,-0.66921,17
273,64,0,2.0938,-0.33008,-0.66921,10
273,64,0,2.1309,-0.33594,-0.66921,12
273,64,0.11328,1.7559,-0.45117,-0.33461,20
273,64,0.11523,1.7871,-0.48242,-0.33461,56
273,64,0.058594,1.8379,-0.44531,-0.33461,63
273,64,0,1.8965,-0.35742,-0.33461,41
273,64,0.18359,1.9199,-0.38477,-0.33461,64
273,64,0.25,1.9102,-0.55469,-0.33461,78
273,64,0.25586,1.9238,-0.63867,-0.33461,50
273,64,0.066406,2.0859,-0.36719,-0.33461,18
273,64,0,2.1445,-0.2207,-0.33461,22
273,64,0,2.1758,-0.2832,-0.33461,16
273,64,-2.3145,0,2.9863,0,12
273,64,-2.3418,0,2.957,0,25
273,64,-2.3672,0,2.8027,0,23
273,64,-2.502,0,2.4336,0,9
273,64,-2.4199,0,3.2305,0.33461,23
273,64,-2.3418,0,3.1016,0.33461,48
274,54,0,1.7207,-0.26367,0,9
274,54,-0.11133,1.7617,-0.2168,0,26
274,54,-0.11328,1.7969,-0.23047,0,32
274,54,-0.17383,1.834,-0.21094,0,18
274,54,-0.35547,1.8145,-0.39648,0,11
274,54,-0.18164,1.873,-0.42773,0,27
274,54,-0.24609,1.832,-0.67578,0,23
274,54,3.2285,0.99414,-0.66992,0,13
274,54,3.2637,0.91602,-0.79102,0,10
274,54,-0.10938,1.7344,-0.11133,0.33461,29
274,54,-0.11133,1.7695,-0.13867,0.33461,70
274,54,-0.11328,1.8008,-0.20313,0.33461,84
274,54,-0.11523,1.8242,-0.31445,0.33461,67
274,54,-0.11914,1.8359,-0.44336,0.33461,55
274,54,-0.12109,1.8828,-0.40039,0.33461,49
274,54,0,1.9473,-0.2793,0.33461,52
274,54,0.125,1.9883,-0.22656,0.33461,38
274,54,3.1191,1.3867,-0.44336,0.33461,24
274,54,3.1543,1.3652,-0.54688,0.33461,18
274,54,-0.16406,1.7324,0.0097656,0.66921,84
274,54,-0.16602,1.7695,-0.029297,0.66921,216
274,54,-0.16992,1.8066,-0.068359,0.66921,259
274,54,-0.17383,1.8418,-0.11914,0.66921,148
274,54,-0.17773,1.8691,-0.22852,0.66921,47
274,54,-0.12109,1.9102,-0.24414,0.66921,25
274,54,-0.060547,1.9609,-0.15625,0.66921,22
274,54,-0.10938,1.7324,0.12305,1.0038,65
274,54,-0.11133,1.7715,0.10547,1.0038,172
274,54,-0.11328,1.8105,0.068359,1.0038,209
274,54,-0.17383,1.8457,0.019531,1.0038,116
274,54,-0.17773,1.8828,-0.0625,1.0038,24
274,54,-0.16602,1.7539,0.23633,1.3384,29
274,54,-0.16992,1.7949,0.22266,1.3384,38
274,54,-0.17383,1.834,0.20508,1.3384,21
274,54,0,1.623,-0.89453,-0.66921,10
274,54,0.24609,1.8125,-0.72656,-0.66921,19
274,54,0.3125,1.8535,-0.70117,-0.66921,22
274,54,0,1.7578,-0.45313,-0.33461,20
274,54,0,1.7207,-0.68945,-0.33461,35
274,54,0.058594,1.5195,-1.125,-0.33461,32
274,54,0.18164,1.4688,-1.2383,-0.33461,24
274,54,0.24609,1.8652,-0.57227,-0.33461,53
274,54,0.25,1.9121,-0.55078,-0.33461,65
274,54,0.31836,1.8418,-0.82617,-0.33461,36
274,54,0.32422,1.7715,-1.041,-0.33461,15
274,54,0.36914,1.8984,-0.36523,0,17
274,54,-2.4746,0,2.5293,0,9
274,54,-2.3926,0,2.6895,0,7
274,54,-2.4746,0,2.8887,0.33461,17
274,54,-2.502,0,2.8125,0.33461,13
274,54,-0.375,1.375,1.4102,-0.66921,12
274,54,-0.68164,0.95117,1.3887,-0.33461,11
274,54,-0.38281,1.6055,1.2031,-0.33461,19
274,54,-0.39063,1.8613,0.84375,-0.33461,10
275,39,-0.22656,1.8008,-0.082031,0,15
275,39,-0.28906,1.8203,0.19922,0,23
275,39,-0.29492,1.4512,1.1777,0,18
275,39,0.12109,1.9121,-0.22852,0,23
275,39,0.12305,1.9512,-0.2207,0,23
275,39,0.125,1.9902,-0.20508,0,12
275,39,3.1543,1.0957,-0.98242,0,12
275,39,-0.22266,1.7637,-0.019531,0.33461,19
275,39,-0.11328,1.8125,-0.041016,0.33461,62
275,39,-0.058594,1.8496,-0.10742,0.33461,117
275,39,0,1.8867,-0.14258,0.33461,111
275,39,0.12109,1.9219,-0.12891,0.33461,62
275,39,0.30664,1.8359,-0.63672,0.33461,34
275,39,0,1.9707,-0.36523,0.33461,23
275,39,0,2.0273,-0.24414,0.33461,21
275,39,3.1543,1.293,-0.70508,0.33461,21
275,39,-0.16992,1.8066,0.076172,0.66921,23
275,39,-0.11523,1.8496,0.050781,0.66921,45
275,39,0,1.8906,-0.023438,0.66921,41
275,39,0.12109,1.9258,0.058594,0.66921,23
275,39,0.18359,0.51758,-1.8887,0.66921,12
275,39,0,1.7656,-0.42188,-0.66921,14
275,39,0.058594,1.7988,-0.44531,-0.66921,32
275,39,0.11914,1.8242,-0.48828,-0.66921,39
275,39,0.18164,1.8535,-0.50195,-0.66921,35
275,39,0.24609,1.8555,-0.60742,-0.66921,24
275,39,0.1875,1.8887,-0.64844,-0.66921,14
275,39,0,1.791,-0.30078,-0.33461,42
275,39,0.058594,1.8203,-0.34375,-0.33461,92
275,39,0.058594,1.8555,-0.36719,-0.33461,110
275,39,0.18164,1.8828,-0.38281,-0.33461,100
275,39,0.24609,1.8945,-0.47266,-0.33461,68
275,39,0.1875,1.9219,-0.53711,-0.33461,41
275,39,0.12695,1.9863,-0.46289,-0.33461,26
275,39,0.29492,1.8477,-0.2793,0,15
275,39,-2.3926,0,2.5723,0,9
275,39,-0.42969,1.918,-0.078125,0.33461,28
275,39,-2.502,0,2.9277,0.33461,16
275,39,-0.42969,1.9199,-0.013672,0.66921,10
276,12,0,1.8516,0.38672,0,8
276,12,0.058594,1.8535,-0.025391,0.33461,39
276,12,0.058594,1.8887,-0.066406,0.33461,59
276,12,0.060547,1.9277,-0.058594,0.33461,34
276,12,0.060547,1.8691,-0.61328,0.33461,13
276,12,0,1.8926,0,0.66921,18
276,12,0.11523,1.8359,-0.23242,-0.66921,16
276,12,0.11914,1.8633,-0.31055,-0.66921,24
276,12,0.060547,1.9063,-0.29883,-0.66921,15
276,12,0.11523,1.8477,-0.11133,-0.33461,48
276,12,0.11914,1.8789,-0.18359,-0.33461,71
276,12,0.060547,1.9199,-0.17773,-0.33461,43
303,4,0,1.8613,-0.33398,0.33461,15
303,4,0,1.9063,-0.29492,0.33461,16
303,4,0,1.791,-0.60938,-0.33461,17
303,4,0.060547,1.8262,-0.61719,-0.33461,18
304,4,0,1.8105,-0.54688,0.33461,15
304,4,0,1.8613,-0.50586,0.33461,14
304,4,0,1.7539,-0.70703,-0.33461,16
304,4,0,1.8066,-0.67969,-0.33461,15
306,4,0,1.8438,-0.42383,0.33461,18
306,4,0,1.9082,-0.28516,0.33461,18
306,4,0.058594,1.7734,-0.6543,-0.33461,18
306,4,0,1.8457,-0.56055,-0.33461,17
307,32,0,1.3574,0.10547,0,9
307,32,-0.042969,1.3984,-0.017578,0,41
307,32,-0.044922,1.4355,-0.072266,0,79
307,32,-0.046875,1.4707,-0.11523,0,74
307,32,0,1.502,-0.18164,0,32
307,32,0,1.791,-1.2676,0,13
307,32,0,1.9883,-1.0156,0,29
307,32,0,2.1406,-0.75391,0,28
307,32,0,3.2227,-0.67383,0,10
307,32,-0.042969,1.3496,0.18359,0.33461,21
307,32,-0.042969,1.3965,0.076172,0.33461,84
307,32,-0.044922,1.4375,0.017578,0.33461,156
307,32,-0.046875,1.4746,-0.03125,0.33461,141
307,32,0,1.5098,-0.097656,0.33461,60
307,32,-0.13672,1.7129,-1.3633,0.33461,27
307,32,-0.070313,1.8594,-1.2324,0.33461,60
307,32,-0.070313,1.9629,-1.1367,0.33461,59
307,32,0,3.252,-0.50977,0.33461,19
307,32,-0.085938,1.3379,0.23828,0.66921,18
307,32,-0.042969,1.3887,0.16602,0.66921,60
307,32,-0.044922,1.4316,0.11523,0.66921,101
307,32,-0.046875,1.4727,0.068359,0.66921,82
307,32,0,1.5137,-0.015625,0.66921,32
307,32,-0.13867,1.8984,-1.166,0.66921,45
307,32,-0.070313,2.0098,-1.0508,0.66921,46
307,32,-0.089844,1.4141,0.24414,1.0038,13
307,32,0,1.707,-0.72266,-0.33461,24
307,32,0,1.7266,-0.77344,-0.33461,35
307,32,0,1.7305,-0.85352,-0.33461,24
307,32,-0.55273,0.42969,-1.168,0,5
307,32,-3.291,0,-0.089844,0,9
307,32,3.1895,0.80664,0.13086,0.33461,16
308,35,0,1.4707,-0.11914,0,14
308,35,0,1.5039,-0.17773,0,26
308,35,0,1.5352,-0.22852,0,21
308,35,0,1.5645,-0.27344,0,8
308,35,-0.30664,1.9102,-0.35352,0,10
308,35,0,1.5117,-0.066406,0.33461,17
308,35,0,1.541,-0.16992,0.33461,12
308,35,0,1.875,-0.25586,0.33461,44
308,35,-0.060547,1.9219,-0.15234,0.33461,49
308,35,-0.060547,1.959,-0.17383,0.33461,38
308,35,0,1.9746,-0.35156,0.33461,31
308,35,0.12695,2,-0.39258,0.33461,27
308,35,-0.089844,1.4336,-0.072266,0.66921,14
308,35,-0.046875,1.4746,0.033203,0.66921,71
308,35,-0.046875,1.5117,0.0078125,0.66921,132
308,35,-0.048828,1.5508,-0.021484,0.66921,109
308,35,-0.048828,1.5879,-0.060547,0.66921,36
308,35,-0.13477,1.4297,0.083984,1.0038,15
308,35,-0.091797,1.4688,0.095703,1.0038,70
308,35,-0.046875,1.5098,0.085938,1.0038,146
308,35,-0.048828,1.5488,0.056641,1.0038,128
308,35,-0.048828,1.5879,0.027344,1.0038,46
308,35,-0.18359,1.4531,0.17969,1.3384,17
308,35,-0.046875,1.5059,0.13867,1.3384,41
308,35,0,1.5449,0.14063,1.3384,41
308,35,0,1.5859,0.10156,1.3384,16
308,35,0.058594,1.7832,-0.63086,-0.66921,15
308,35,0.060547,1.8633,-0.5,-0.66921,14
308,35,0,1.7461,-0.62305,-0.33461,27
308,35,0.058594,1.8242,-0.49609,-0.33461,46
308,35,0,1.8906,-0.38281,-0.33461,41
308,35,0.060547,1.9316,-0.36914,-0.33461,23
308,35,0.125,1.8965,-0.63672,-0.33461,21
308,35,0.19141,1.9023,-0.71875,-0.33461,24
308,35,0.13086,1.9355,-0.75391,-0.33461,12
309,54,0,1.5645,-0.2793,0,20
309,54,0,1.5996,-0.29492,0,28
309,54,0,1.6211,-0.375,0,16
309,54,-0.11914,1.8379,-0.42969,0,21
309,54,-0.12109,1.9141,-0.21484,0,35
309,54,-0.12305,1.9375,-0.32031,0,35
309,54,-0.125,1.9746,-0.32031,0,20
309,54,0.058594,1.793,-0.46484,0.33461,19
309,54,-0.058594,1.8711,-0.27344,0.33461,49
309,54,-0.12109,1.916,-0.20117,0.33461,94
309,54,-0.12305,1.957,-0.16797,0.33461,100
309,54,0,1.998,-0.16016,0.33461,75
309,54,0.064453,2.0293,-0.2207,0.33461,45
309,54,0,1.5879,-0.074219,0.66921,34
309,54,0,1.623,-0.12305,0.66921,49
309,54,-0.052734,1.6523,-0.18945,0.66921,31
309,54,-0.12109,1.9238,-0.078125,0.66921,34
309,54,-0.12305,1.9629,-0.042969,0.66921,36
309,54,-0.14648,1.9766,-1.2539,0.66921,36
309,54,-0.14844,1.9629,-1.3418,0.66921,49
309,54,-0.15039,2.4063,0.22852,0.66921,31
309,54,-0.048828,1.5469,0.11328,1.0038,45
309,54,-0.048828,1.5879,0.044922,1.0038,152
309,54,-0.050781,1.627,0.0058594,1.0038,204
309,54,-0.052734,1.6641,-0.044922,1.0038,125
309,54,0,1.6992,-0.11914,1.0038,28
309,54,-0.14648,1.9316,-1.3242,1.0038,26
309,54,-0.14844,2.1855,-0.9375,1.0038,35
309,54,-0.097656,1.5273,0.25195,1.3384,49
309,54,-0.048828,1.5781,0.17188,1.3384,162
309,54,-0.050781,1.6211,0.12305,1.3384,219
309,54,-0.052734,1.6621,0.080078,1.3384,130
309,54,-0.052734,1.7012,0.0078125,1.3384,29
309,54,-0.099609,1.5488,0.33789,1.673,42
309,54,-0.10156,1.6016,0.26953,1.673,56
309,54,-0.10352,1.6484,0.20117,1.673,32
309,54,0,1.6074,0.25391,2.0076,11
309,54,0,1.6699,-0.80469,-0.66921,15
309,54,0,1.6465,-0.93164,-0.66921,15
309,54,0,1.7285,-0.85938,-0.66921,11
309,54,0.060547,1.8594,-0.64258,-0.66921,13
309,54,0.125,1.8516,-0.75977,-0.66921,18
309,54,0.12695,1.8809,-0.78516,-0.66921,16
309,54,0,1.5352,-0.41211,-0.33461,9
309,54,0,1.5742,-0.40625,-0.33461,12
309,54,0,1.7305,-0.66602,-0.33461,42
309,54,0,1.7168,-0.79492,-0.33461,45
309,54,0,1.8203,-0.63867,-0.33461,37
309,54,0,1.9063,-0.48828,-0.33461,43
309,54,0.125,1.916,-0.58008,-0.33461,54
309,54,0.19141,1.9277,-0.65039,-0.33461,50
309,54,0.19531,1.9492,-0.70313,-0.33461,22
309,54,-0.64648,0.95703,1.0918,-0.33461,5
309,54,-0.60938,0.5918,1.3867,-0.33461,7
310,59,-0.052734,1.6797,-0.27344,0,15
310,59,-0.054688,1.7148,-0.28711,0,22
310,59,0,1.7461,-0.3418,0,15
310,59,-0.11523,1.8496,-0.068359,0,12
310,59,-0.11914,1.8848,-0.099609,0,42
310,59,-0.12109,1.9121,-0.23047,0,62
310,59,-0.18359,1.9238,-0.36914,0,45
310,59,-0.25,1.875,-0.66602,0,18
310,59,3.0859,1.3535,-0.49023,0,11
310,59,3.1191,1.2949,-0.66406,0,11
310,59,-0.10938,1.7207,-0.23633,0.33461,12
310,59,0.17383,1.8457,0.0097656,0.33461,17
310,59,-0.11914,1.8633,-0.30664,0.33461,56
310,59,-0.12109,1.9121,-0.23438,0.33461,107
310,59,-0.12305,1.9512,-0.21289,0.33461,95
310,59,0,1.9844,-0.2832,0.33461,55
310,59,0,2.0078,-0.375,0.33461,36
310,59,3.0859,1.4141,-0.26758,0.33461,22
310,59,3.1191,1.4199,-0.31836,0.33461,23
310,59,-0.10352,1.6621,-0.023438,0.66921,59
310,59,-0.052734,1.6992,-0.074219,0.66921,152
310,59,-0.10938,1.7344,-0.09375,0.66921,168
310,59,-0.054688,1.7734,-0.125,0.66921,91
310,59,-0.056641,1.8125,-0.10352,0.66921,24
310,59,-0.17773,1.875,-0.17188,0.66921,25
310,59,-0.18164,1.918,-0.11328,0.66921,48
310,59,-0.12305,1.9609,-0.085938,0.66921,42
310,59,-0.125,1.998,-0.11719,0.66921,24
310,59,-0.10352,1.6602,0.085938,1.0038,103
310,59,-0.052734,1.7012,0.042969,1.0038,261
310,59,-0.10938,1.7363,0.037109,1.0038,311
310,59,-0.11133,1.7754,0.029297,1.0038,183
310,59,-0.056641,1.8145,0.0078125,1.0038,51
310,59,-0.10352,1.6484,0.20313,1.3384,53
310,59,-0.16016,1.6836,0.19922,1.3384,143
310,59,-0.10938,1.7285,0.16992,1.3384,188
310,59,-0.11133,1.7676,0.1543,1.3384,122
310,59,-0.11328,1.8086,0.12305,1.3384,37
310,59,-0.16016,1.6602,0.33789,1.673,12
310,59,-0.16406,1.7051,0.30664,1.673,22
310,59,-0.16602,1.7559,0.23242,1.673,16
310,59,0.058594,1.8594,-0.33984,-0.66921,17
310,59,0,1.8945,-0.36719,-0.66921,12
310,59,0.125,1.8828,-0.67773,-0.66921,13
310,59,0.19141,1.877,-0.78516,-0.66921,12
310,59,0.058594,1.8418,-0.19531,-0.33461,27
310,59,0.058594,1.875,-0.23828,-0.33461,55
310,59,0.060547,1.9141,-0.24414,-0.33461,40
310,59,0.12305,1.9063,-0.4707,-0.33461,21
310,59,0.1875,1.9023,-0.60742,-0.33461,41
310,59,0.19141,1.8887,-0.75391,-0.33461,35
310,59,0.19531,1.877,-0.875,-0.33461,17
310,59,-2.3418,0,3.1934,0,8
310,59,-2.4746,0,3.1504,0,7
310,59,-0.52148,0.9668,-1.4941,0.33461,12
310,59,-2.4473,0,3.2539,0.33461,17
310,59,-2.3672,0,3.3652,0.33461,17
310,59,-0.60352,0.96875,1.5566,-0.66921,7
310,59,-0.73828,0.82031,1.6289,-0.33461,11
311,51,0,1.7969,-0.26758,0,8
311,51,-0.11523,1.8379,-0.21094,0,22
311,51,-0.11914,1.877,-0.20508,0,54
311,51,-0.12109,1.9102,-0.25,0,78
311,51,-0.060547,1.9316,-0.36328,0,71
311,51,0.0625,1.9355,-0.52148,0,44
311,51,0.19141,1.9004,-0.72656,0,19
311,51,3.0117,1.2461,-1.1074,0,10
311,51,0,1.7754,0.11328,0.33461,14
311,51,0,1.8145,-0.066406,0.33461,30
311,51,-0.11523,1.8457,-0.11914,0.33461,49
311,51,-0.17773,1.8789,-0.11914,0.33461,101
311,51,-0.18164,1.9141,-0.16992,0.33461,158
311,51,-0.18359,1.9492,-0.19922,0.33461,134
311,51,-0.25,1.9883,0.044922,0.33461,60
311,51,0.12695,2.0039,-0.37891,0.33461,39
311,51,-0.054688,1.7676,0.18359,0.66921,32
311,51,-0.11328,1.8105,0.09375,0.66921,70
311,51,-0.11523,1.8496,0.050781,0.66921,73
311,51,-0.17773,1.8828,0.0097656,0.66921,62
311,51,-0.18164,1.9199,-0.072266,0.66921,70
311,51,-0.18359,1.9551,-0.12109,0.66921,56
311,51,-0.25,1.9883,0.037109,0.66921,24
311,51,-0.11133,1.7559,0.25977,1.0038,21
311,51,-0.11328,1.7988,0.22461,1.0038,46
311,51,-0.11523,1.8418,0.18164,1.0038,43
311,51,-0.11914,1.8867,0.089844,1.0038,16
311,51,0.30664,1.7852,-0.76758,-0.66921,20
311,51,0.25,1.7598,-0.92969,-0.66921,29
311,51,0.31836,1.6816,-1.1152,-0.66921,18
311,51,-0.13086,2.0742,-0.11523,-0.66921,26
311,51,0,2.0977,-0.30469,-0.66921,24
311,51,0,1.8203,-0.35156,-0.33461,22
311,51,0.058594,1.8125,-0.53516,-0.33461,27
311,51,-0.30078,1.8672,-0.38477,-0.33461,28
311,51,0.30664,1.8125,-0.70313,-0.33461,57
311,51,0.25,1.8477,-0.73828,-0.33461,85
311,51,0.25586,1.8574,-0.81055,-0.33461,64
311,51,-0.25977,2.0488,0.25391,-0.33461,28
311,51,0,2.1133,-0.13867,-0.33461,28
311,51,-2.4746,0.85156,2.2363,0,8
311,51,-0.5,1.4063,-0.9668,0.33461,8
311,51,0.375,1.7207,-0.95703,0.33461,36
311,51,-0.30664,1.8145,0.69336,-0.66921,16
311,51,-0.43945,1.7871,0.79688,-0.66921,17
311,51,-0.31836,1.957,0.49219,-0.66921,18
311,51,0.36133,1.8828,-0.21094,-0.33461,26
311,51,-0.36914,1.8438,0.58008,-0.33461,41
311,51,-0.43945,1.668,1.0215,-0.33461,43
311,51,-0.44727,1.75,0.95508,-0.33461,33
311,51,0.45508,1.5371,-1.3281,-0.33461,17
312,59,-0.22266,1.7598,-0.11133,0,18
312,59,-0.11328,1.8047,-0.16992,0,58
312,59,-0.11523,1.8379,-0.20898,0,73
312,59,0,1.873,-0.25977,0,42
312,59,-0.36133,1.8477,0.42188,0,20
312,59,-0.30664,1.9395,-0.10742,0,35
312,59,-0.375,1.9688,-0.060547,0,20
312,59,0.064453,1.959,-0.57813,0,14
312,59,3.1191,1.334,-0.58203,0,15
312,59,3.1543,1.2402,-0.79297,0,28
312,59,3.1895,1.166,-0.92383,0,23
312,59,-0.22266,1.7637,0.033203,0.33461,38
312,59,-0.22656,1.8008,0.044922,0.33461,104
312,59,-0.23242,1.8359,0.10547,0.33461,109
312,59,0.11914,1.8711,-0.24609,0.33461,61
312,59,0,1.9277,-0.068359,0.33461,97
312,59,-0.060547,1.9609,-0.13477,0.33461,121
312,59,-0.0625,1.9961,-0.17578,0.33461,64
312,59,3.1191,1.373,-0.48047,0.33461,27
312,59,3.1543,1.3613,-0.55664,0.33461,51
312,59,3.1895,1.3066,-0.70898,0.33461,43
312,59,3.2227,1.2441,-0.84375,0.33461,17
312,59,-0.16602,1.7637,0.1582,0.66921,16
312,59,-0.16992,1.8008,0.15234,0.66921,44
312,59,-0.17383,1.8398,0.14063,0.66921,46
312,59,0.058594,1.8828,-0.17578,0.66921,18
312,59,0,1.9297,0.050781,0.66921,32
312,59,-0.12305,1.9629,-0.019531,0.66921,44
312,59,-0.0625,2.0039,-0.025391,0.66921,23
312,59,3.0117,1.6445,-0.26758,0.66921,12
312,59,3.1543,1.4395,-0.30664,0.66921,24
312,59,3.1895,1.4199,-0.44531,0.66921,20
312,59,0.17383,1.7422,-0.61133,-0.66921,22
312,59,0.11914,1.8184,-0.50586,-0.66921,35
312,59,0.060547,1.8672,-0.48047,-0.66921,36
312,59,0.12305,1.8926,-0.52344,-0.66921,37
312,59,0.1875,1.8945,-0.62695,-0.66921,26
312,59,0.16992,1.666,-0.70117,-0.33461,18
312,59,0.11523,1.7871,-0.48047,-0.33461,67
312,59,0.058594,1.8477,-0.39648,-0.33461,106
312,59,0.12109,1.8906,-0.37109,-0.33461,109
312,59,0.12305,1.9141,-0.44141,-0.33461,104
312,59,0.1875,1.9277,-0.52148,-0.33461,73
312,59,0.25586,1.9082,-0.68555,-0.33461,28
312,59,0.24023,1.7129,-0.85352,0,18
312,59,0.36914,1.5977,-1.0879,0,22
312,59,0.3125,1.8398,-0.73242,0,19
312,59,-2.4746,0,2.7969,0,12
312,59,-2.502,0,2.5938,0,20
312,59,-2.4199,0,2.6836,0,16
312,59,-0.47266,1.582,0.92383,0.33461,33
312,59,-2.4746,0,2.8867,0.33461,23
312,59,-2.3926,0,2.9863,0.33461,40
312,59,-2.5293,0,2.8223,0.33461,30
312,59,-2.5566,0,2.8027,0.33461,10
312,59,-2.582,0,3.3047,0.66921,11
312,59,-2.502,0,3.2168,0.66921,19
312,59,-2.6387,0,2.9824,0.66921,14
312,59,-0.39648,1.7148,0.44922,-0.33461,16
313,14,0.18359,1.8457,-0.65625,0,9
313,14,0.1875,1.8652,-0.71289,0,12
313,14,0,1.7227,-0.57617,0.33461,9
313,14,0,1.6758,-0.79297,0.33461,13
313,14,0.30664,1.502,-1.2344,0.33461,15
313,14,0.3125,1.7559,-0.91602,0.33461,17
313,14,0,1.4805,-1.1172,-0.33461,10
313,14,0.30664,1.6289,-1.0605,-0.33461,29
313,14,0.3125,1.7109,-0.99609,-0.33461,34
313,14,0.31836,1.7637,-0.98047,-0.33461,22
313,14,-0.36914,1.9219,0.20898,0.33461,12
313,14,-0.43945,1.834,0.67969,0.33461,11
313,14,-0.36914,1.8613,0.52148,-0.33461,19
313,14,-0.43945,1.7793,0.81445,-0.33461,19
314,2,0.058594,1.8789,-0.20703,-0.33461,11
314,2,-0.65039,0,1.8789,-0.33461,6
315,9,-0.058594,1.8496,-0.10547,0.33461,21
315,9,0,1.8867,-0.14453,0.33461,22
315,9,0.12109,1.9043,-0.28516,0.33461,14
315,9,0.18359,1.9316,-0.32422,0.33461,15
315,9,0,1.8359,-0.25977,-0.33461,20
315,9,0,1.8652,-0.3125,-0.33461,21
315,9,0.060547,1.8828,-0.41992,-0.33461,14
315,9,0.24609,1.8906,-0.48242,-0.33461,13
315,9,-0.42969,1.7285,0.83594,-0.33461,7
351,17,-0.16992,1.3516,0.023438,0,13
351,17,-0.13086,1.3926,-0.056641,0,51
351,17,-0.13477,1.4277,-0.10156,0,79
351,17,-0.13867,1.4609,-0.15625,0,54
351,17,-0.09375,1.4941,-0.2168,0,16
351,17,-0.16992,1.3516,0.037109,0.33461,24
351,17,-0.13086,1.3926,0.023438,0.33461,102
351,17,-0.13477,1.4316,-0.017578,0.33461,159
351,17,-0.091797,1.4707,-0.064453,0.33461,111
351,17,-0.14258,1.502,-0.10938,0.33461,33
351,17,-0.17578,1.3848,0.10156,0.66921,44
351,17,-0.17969,1.4258,0.066406,0.66921,69
351,17,-0.13867,1.4688,0.017578,0.66921,50
351,17,-0.18945,1.5,-0.050781,0.66921,15
351,17,-0.13086,1.3809,-0.18945,-0.33461,12
351,17,-0.089844,1.4199,-0.20703,-0.33461,20
351,17,-0.091797,1.4492,-0.26172,-0.33461,14
352,38,-0.089844,1.4219,-0.19922,0,14
352,38,-0.13867,1.4531,-0.22266,0,19
352,38,0,1.4863,-0.28711,0,13
352,38,-0.11914,1.8711,-0.25781,0,21
352,38,-0.12109,1.9102,-0.24414,0,35
352,38,-0.12305,1.9453,-0.25977,0,36
352,38,-0.1875,1.9766,-0.27539,0,21
352,38,-0.087891,1.3965,-0.015625,0.33461,12
352,38,-0.089844,1.4316,-0.099609,0.33461,52
352,38,-0.091797,1.4648,-0.15625,0.33461,96
352,38,-0.046875,1.502,-0.18555,0.33461,75
352,38,-0.097656,1.5313,-0.22461,0.33461,23
352,38,-0.18164,1.9082,-0.21484,0.33461,66
352,38,-0.18359,1.9473,-0.21094,0.33461,75
352,38,-0.0625,1.9922,-0.21875,0.33461,51
352,38,0,2.0215,-0.30078,0.33461,21
352,38,-0.087891,1.3926,0.12109,0.66921,31
352,38,-0.089844,1.4355,0.0058594,0.66921,89
352,38,-0.091797,1.4707,-0.058594,0.66921,142
352,38,-0.14258,1.5039,-0.085938,0.66921,111
352,38,-0.097656,1.5391,-0.16211,0.66921,39
352,38,-0.12305,1.9629,-0.068359,0.66921,30
352,38,-0.13086,1.377,0.2168,1.0038,25
352,38,-0.13477,1.4258,0.13281,1.0038,55
352,38,-0.091797,1.4727,0.033203,1.0038,69
352,38,-0.14258,1.5059,-0.017578,1.0038,52
352,38,-0.14453,1.541,-0.095703,1.0038,19
352,38,0.11523,1.7227,-0.67383,-0.66921,10
352,38,0.17773,1.7461,-0.70508,-0.66921,14
352,38,0.12109,1.6406,-1.0078,-0.66921,9
352,38,0.11523,1.75,-0.59961,-0.33461,31
352,38,0.17773,1.7656,-0.6543,-0.33461,43
352,38,0.18164,1.7969,-0.67969,-0.33461,29
352,38,0.12305,1.9375,-0.31445,-0.33461,23
352,38,0.0625,1.9648,-0.39258,-0.33461,17
352,38,0.12695,1.9023,-0.73242,-0.33461,15
352,38,-0.48242,1.3457,1.2969,-0.66921,5
352,38,-0.48242,0.88672,1.6445,-0.33461,15
353,59,0,1.4746,-0.33984,0,9
353,59,-0.097656,1.5059,-0.35938,0,23
353,59,-0.099609,1.541,-0.37109,0,25
353,59,-0.10156,1.5664,-0.42969,0,12
353,59,0.058594,1.8281,-0.48047,0,26
353,59,0,1.916,-0.2207,0,24
353,59,0,1.957,-0.19727,0,63
353,59,-0.0625,1.9902,-0.23242,0,78
353,59,-0.064453,2.0234,-0.27344,0,46
353,59,0.13086,2.0117,-0.51953,0,13
353,59,0,1.7832,-0.34766,0.33461,23
353,59,0.058594,1.8223,-0.33984,0.33461,80
353,59,0.058594,1.8633,-0.32617,0.33461,125
353,59,-0.060547,1.9141,-0.23047,0.33461,106
353,59,-0.12305,1.9453,-0.26953,0.33461,136
353,59,-0.125,1.9629,-0.39453,0.33461,153
353,59,-0.064453,1.9883,-0.46289,0.33461,85
353,59,0.13086,2.0254,-0.46094,0.33461,21
353,59,-0.14258,1.5059,-0.027344,0.66921,14
353,59,-0.097656,1.543,-0.12305,0.66921,36
353,59,-0.099609,1.5762,-0.17383,0.66921,38
353,59,-0.15234,1.6035,-0.22461,0.66921,16
353,59,0,1.8809,-0.20898,0.66921,40
353,59,0,1.9258,-0.12695,0.66921,34
353,59,-0.18359,1.9551,-0.125,0.66921,54
353,59,-0.125,1.9902,-0.20898,0.66921,64
353,59,-0.064453,2.0234,-0.27539,0.66921,34
353,59,-0.14258,1.5059,0.015625,1.0038,61
353,59,-0.14453,1.543,-0.035156,1.0038,163
353,59,-0.099609,1.584,-0.089844,1.0038,183
353,59,-0.15234,1.6152,-0.125,1.0038,82
353,59,-0.18945,1.498,0.10742,1.3384,64
353,59,-0.097656,1.5469,0.042969,1.3384,182
353,59,-0.14844,1.582,0.013672,1.3384,206
353,59,-0.15234,1.6191,-0.035156,1.3384,95
353,59,-0.15625,1.6563,-0.056641,1.3384,14
353,59,-0.14258,1.498,0.15625,1.673,18
353,59,-0.14453,1.5391,0.13086,1.673,52
353,59,-0.14844,1.5781,0.10156,1.673,60
353,59,-0.15234,1.6172,0.078125,1.673,29
353,59,0.058594,1.7207,-0.6875,-0.66921,36
353,59,0.11914,1.7656,-0.66992,-0.66921,56
353,59,0,1.7871,-0.72852,-0.66921,35
353,59,0.36914,1.9063,-0.31836,-0.66921,18
353,59,0.1875,1.8848,-0.66016,-0.66921,38
353,59,0.25586,1.8633,-0.79688,-0.66921,32
353,59,0.13086,1.9121,-0.8125,-0.66921,12
353,59,-0.14844,1.5078,-0.47852,-0.33461,12
353,59,0.056641,1.7109,-0.60938,-0.33461,28
353,59,0.058594,1.7656,-0.56445,-0.33461,107
353,59,0.058594,1.8047,-0.5625,-0.33461,168
353,59,0,1.8379,-0.58984,-0.33461,107
353,59,0.36914,1.9297,-0.10352,-0.33461,48
353,59,0.25,1.9277,-0.49414,-0.33461,107
353,59,0.19141,1.9297,-0.64063,-0.33461,92
353,59,0.19531,1.9316,-0.75195,-0.33461,39
353,59,-1.6133,0.35156,-0.2168,1.3384,8
353,59,-0.30664,1.1055,-1.5977,-0.66921,15
353,59,-0.30664,1.4434,-1.3008,-0.33461,42
354,50,-0.15625,1.6191,-0.35156,0,20
354,50,-0.10547,1.6523,-0.39844,0,28
354,50,-0.10938,1.6816,-0.43164,0,16
354,50,0.058594,1.873,-0.25586,0,29
354,50,0,1.9121,-0.25977,0,35
354,50,0,1.959,-0.17578,0,30
354,50,-0.1875,1.9902,-0.15039,0,20
354,50,0,1.8066,-0.19141,0.33461,14
354,50,0,1.8418,-0.20508,0.33461,68
354,50,0.058594,1.877,-0.22266,0.33461,113
354,50,0.18164,1.9004,-0.28125,0.33461,67
354,50,-0.24609,1.9473,-0.13086,0.33461,55
354,50,-0.125,1.9844,-0.26172,0.33461,59
354,50,-0.064453,2.0215,-0.29297,0.33461,30
354,50,-0.10352,1.6543,-0.14453,0.66921,29
354,50,-0.16016,1.6816,-0.20703,0.66921,37
354,50,-0.16406,1.7051,-0.31055,0.66921,20
354,50,0,1.8496,-0.12891,0.66921,24
354,50,0,1.8887,-0.11523,0.66921,37
354,50,0.12109,1.916,-0.19141,0.66921,21
354,50,-0.15234,1.6191,0.050781,1.0038,66
354,50,-0.15625,1.6582,-0.019531,1.0038,230
354,50,-0.16016,1.6934,-0.072266,1.0038,311
354,50,-0.10938,1.7324,-0.125,1.0038,188
354,50,-0.16602,1.7559,-0.21875,1.0038,42
354,50,-0.15234,1.6113,0.1582,1.3384,98
354,50,-0.15625,1.6563,0.080078,1.3384,334
354,50,-0.16016,1.6953,0.033203,1.3384,463
354,50,-0.16406,1.7324,-0.0097656,1.3384,288
354,50,-0.16602,1.7676,-0.083984,1.3384,67
354,50,-0.20313,1.5938,0.25781,1.673,41
354,50,-0.15625,1.6465,0.18359,1.673,144
354,50,-0.16016,1.6895,0.14063,1.673,205
354,50,-0.16406,1.7305,0.095703,1.673,125
354,50,-0.22266,1.7637,0.03125,1.673,30
354,50,0.058594,1.7715,-0.54688,-0.66921,30
354,50,0.058594,1.8086,-0.55273,-0.66921,53
354,50,0.12109,1.832,-0.59375,-0.66921,41
354,50,-0.10547,1.6152,-0.52539,-0.33461,11
354,50,0,1.7793,-0.36719,-0.33461,17
354,50,0.058594,1.8047,-0.41602,-0.33461,87
354,50,0.11914,1.8379,-0.43164,-0.33461,156
354,50,0.060547,1.875,-0.45313,-0.33461,116
354,50,0.24609,1.9336,-0.26758,-0.33461,25
354,50,0,1.832,-0.81641,-0.33461,31
354,50,0.12695,1.8945,-0.75195,-0.33461,25
354,50,-0.54297,0.95898,1.584,0.33461,34
354,50,-0.54297,0.88672,1.625,0.66921,12
354,50,-0.74414,1.1016,1.0645,-0.33461,6
354,50,-0.36914,1.502,1.2168,-0.33461,21
355,47,-0.16406,1.7188,-0.22461,0,12
355,47,-0.16602,1.7402,-0.32422,0,32
355,47,-0.16992,1.7598,-0.41406,0,40
355,47,-0.11523,1.7793,-0.50586,0,30
355,47,0,1.7871,-0.62109,0,19
355,47,-0.42188,1.875,-0.16992,0,11
355,47,-0.12305,1.9375,-0.31445,0,27
355,47,-0.125,1.9746,-0.33008,0,22
355,47,-0.16602,1.7559,-0.21875,0.33461,21
355,47,-0.056641,1.7852,-0.32617,0.33461,40
355,47,0,1.8145,-0.38477,0.33461,81
355,47,0,1.8477,-0.40625,0.33461,109
355,47,-0.060547,1.8887,-0.39258,0.33461,95
355,47,-0.18359,1.9258,-0.35938,0.33461,84
355,47,-0.25,1.9297,-0.48633,0.33461,55
355,47,-0.16406,1.7324,-0.011719,0.66921,106
355,47,-0.16602,1.7676,-0.085938,0.66921,315
355,47,-0.16992,1.8027,-0.13672,0.66921,398
355,47,-0.17383,1.834,-0.20313,0.66921,227
355,47,-0.11914,1.8691,-0.27148,0.66921,71
355,47,-0.18164,1.9023,-0.26172,0.66921,38
355,47,-0.18359,1.9453,-0.22656,0.66921,34
355,47,-0.25,1.9512,-0.38672,0.66921,21
355,47,3.3711,0.81445,-0.2832,0.66921,15
355,47,-0.26563,1.6426,0.36328,1.0038,17
355,47,-0.16406,1.7305,0.09375,1.0038,164
355,47,-0.16602,1.7695,0.027344,1.0038,492
355,47,-0.16992,1.8086,-0.019531,1.0038,611
355,47,-0.17383,1.8438,-0.068359,1.0038,329
355,47,-0.17773,1.8789,-0.13672,1.0038,63
355,47,-0.2168,1.7129,0.21094,1.3384,76
355,47,-0.16602,1.7637,0.14258,1.3384,226
355,47,-0.16992,1.8047,0.095703,1.3384,284
355,47,-0.17383,1.8457,0.046875,1.3384,158
355,47,-0.23633,1.875,-0.066406,1.3384,34
355,47,0.058594,1.6992,-0.73828,-0.66921,33
355,47,0,1.7246,-0.7793,-0.66921,43
355,47,0,1.7031,-0.9082,-0.66921,27
355,47,0,1.7207,-0.58008,-0.33461,36
355,47,0,1.7402,-0.63672,-0.33461,99
355,47,0.058594,1.7715,-0.66211,-0.33461,132
355,47,0,1.7754,-0.75391,-0.33461,84
355,47,-0.18359,1.7715,-0.83789,-0.33461,40
355,47,-0.3125,1.2246,-1.5566,-0.33461,24
355,47,0.25586,1.9414,-0.58008,-0.33461,19
355,47,-2.3926,0,3.2441,0.66921,8
355,47,0.3125,1.9336,-0.42969,-0.33461,22
356,33,-0.16992,1.8066,-0.050781,0,12
356,33,-0.17383,1.834,-0.20313,0,44
356,33,-0.11914,1.8691,-0.26563,0,60
356,33,-0.18164,1.8906,-0.34375,0,88
356,33,-0.18359,1.9238,-0.37305,0,117
356,33,-0.1875,1.9473,-0.4375,0,76
356,33,-0.19141,1.9707,-0.50195,0,23
356,33,0.16992,1.6602,-0.71875,0.33461,16
356,33,-0.17383,1.8457,-0.0097656,0.33461,60
356,33,-0.11914,1.8789,-0.17773,0.33461,127
356,33,-0.18164,1.9121,-0.17969,0.33461,213
356,33,-0.18359,1.9492,-0.18555,0.33461,263
356,33,-0.1875,1.9824,-0.22656,0.33461,167
356,33,-0.19141,2.0078,-0.32031,0.33461,53
356,33,-0.23242,1.8301,0.17773,0.66921,34
356,33,-0.11914,1.8887,-0.019531,0.66921,57
356,33,-0.18164,1.9199,-0.056641,0.66921,86
356,33,-0.18359,1.957,-0.070313,0.66921,105
356,33,-0.1875,1.9941,-0.10547,0.66921,68
356,33,-0.25586,2.0195,-0.16992,0.66921,20
356,33,0.058594,1.7168,-0.69922,-0.66921,26
356,33,0.058594,1.748,-0.72266,-0.66921,34
356,33,0,1.8496,-0.55273,-0.66921,29
356,33,0,1.916,-0.44727,-0.66921,23
356,33,-0.0625,1.9629,-0.4082,-0.66921,15
356,33,0.056641,1.7227,-0.57422,-0.33461,29
356,33,0.058594,1.75,-0.60938,-0.33461,80
356,33,0,1.8008,-0.58008,-0.33461,102
356,33,0,1.8711,-0.47266,-0.33461,88
356,33,0,1.9316,-0.36914,-0.33461,70
356,33,-0.0625,1.9766,-0.33203,-0.33461,43
356,33,-0.19141,2.0215,-0.22461,-0.33461,16
356,33,-0.45313,1.6035,0.72266,0.33461,12
357,20,0,1.9219,-0.42188,0,7
357,20,0.056641,1.7754,-0.375,0.33461,12
357,20,0.058594,1.7988,-0.44531,0.33461,41
357,20,0.058594,1.8379,-0.44531,0.33461,54
357,20,0,1.877,-0.44531,0.33461,37
357,20,-0.18359,1.9355,-0.30273,0.33461,33
357,20,-0.125,1.9883,-0.23438,0.33461,27
357,20,0,2,-0.41602,0.33461,14
357,20,0.058594,1.8379,-0.24219,0.66921,14
357,20,0,1.8574,-0.35547,0.66921,18
357,20,0,1.9043,-0.3125,0.66921,13
357,20,0.058594,1.666,-0.81055,-0.66921,11
357,20,0.058594,1.7285,-0.76563,-0.66921,16
357,20,0.11328,1.6797,-0.68164,-0.33461,11
357,20,0.058594,1.7227,-0.68359,-0.33461,35
357,20,0.058594,1.7637,-0.68164,-0.33461,49
357,20,0.060547,1.8047,-0.67969,-0.33461,32
357,20,-0.12305,1.8887,-0.53711,-0.33461,21
357,20,-0.0625,1.9453,-0.48438,-0.33461,19
357,20,0.064453,1.9063,-0.73438,-0.33461,12
358,12,0.056641,1.7773,-0.37305,0.33461,11
358,12,0,1.8145,-0.37695,0.33461,37
358,12,0.058594,1.8516,-0.38086,0.33461,50
358,12,0.060547,1.8906,-0.38477,0.33461,30
358,12,0,1.8398,-0.23438,0.66921,13
358,12,0,1.8711,-0.2832,0.66921,17
358,12,0,1.9082,-0.29297,0.66921,10
358,12,0.058594,1.748,-0.71875,-0.66921,15
358,12,0.056641,1.7051,-0.62305,-0.33461,10
358,12,0.058594,1.7559,-0.5918,-0.33461,33
358,12,0.11914,1.7832,-0.61914,-0.33461,46
358,12,0.12109,1.8203,-0.62891,-0.33461,28
359,10,0.058594,1.8105,-0.39453,0.33461,20
359,10,0.058594,1.8574,-0.35156,0.33461,29
359,10,0,1.8887,-0.39258,0.33461,19
359,10,0.1875,1.9336,-0.49805,0.33461,15
359,10,0.12695,1.9785,-0.49609,0.33461,14
359,10,0.11523,1.7539,-0.58984,-0.33461,19
359,10,0.058594,1.8086,-0.55469,-0.33461,28
359,10,0,1.8184,-0.64258,-0.33461,18
359,10,0.1875,1.8223,-0.81641,-0.33461,13
359,10,-0.43945,1.8027,0.76172,0.33461,10
389,12,-0.17578,1.3887,0.013672,0,9
389,12,-0.13477,1.4277,-0.10547,0,9
389,12,-0.16992,1.3359,0.20703,0.33461,13
389,12,-0.13086,1.3906,0.10352,0.33461,30
389,12,-0.13477,1.4316,0.035156,0.33461,31
389,12,-0.13867,1.4688,-0.0058594,0.33461,17
389,12,0,1.9297,0.025391,0.33461,18
389,12,-0.13086,1.3906,-0.082031,-0.33461,14
389,12,-0.13477,1.4258,-0.12305,-0.33461,16
389,12,-0.13867,1.4551,-0.19922,-0.33461,10
389,12,0,1.8691,-0.29492,-0.33461,17
389,12,0.060547,1.918,-0.21094,-0.33461,18
390,32,-0.087891,1.3926,-0.10547,0,50
390,32,-0.089844,1.4316,-0.10938,0,145
390,32,-0.091797,1.4648,-0.15039,0,173
390,32,-0.09375,1.498,-0.19141,0,91
390,32,-0.14453,1.5254,-0.24609,0,17
390,32,-0.13672,2.0488,-0.77344,0,20
390,32,-0.13867,2.1426,0.60938,0,35
390,32,-0.14258,2.2207,0.45117,0,29
390,32,-0.2168,2.2656,0.38086,0,10
390,32,-0.16992,1.3516,0.013672,0.33461,11
390,32,-0.087891,1.3965,-0.0058594,0.33461,91
390,32,-0.089844,1.4355,-0.025391,0.33461,266
390,32,-0.091797,1.4707,-0.054688,0.33461,319
390,32,-0.09375,1.5078,-0.09375,0.33461,167
390,32,-0.097656,1.543,-0.13281,0.33461,33
390,32,-0.13672,2.0859,-0.66406,0.33461,38
390,32,-0.20898,2.0703,0.80859,0.33461,65
390,32,-0.14258,2.1504,0.71289,0.33461,54
390,32,-0.14453,2.2559,0.4668,0.33461,19
390,32,-0.13086,1.3906,0.089844,0.66921,49
390,32,-0.089844,1.4336,0.050781,0.66921,142
390,32,-0.091797,1.4727,0.037109,0.66921,174
390,32,-0.09375,1.5098,0.0039063,0.66921,92
390,32,-0.14453,1.5449,-0.033203,0.66921,18
390,32,-0.20898,2.0156,0.9375,0.66921,39
390,32,-0.21289,2.0332,0.98828,0.66921,32
390,32,0.058594,1.7715,-0.66016,-0.66921,15
390,32,0.060547,1.8164,-0.64648,-0.66921,16
390,32,0.058594,1.7559,-0.59375,-0.33461,20
390,32,0,1.8203,-0.51758,-0.33461,46
390,32,0.060547,1.8594,-0.50977,-0.33461,48
390,32,0,1.9121,-0.46289,-0.33461,21
391,38,-0.091797,1.4629,-0.17383,0,22
391,38,-0.09375,1.4922,-0.23047,0,42
391,38,-0.048828,1.5273,-0.26953,0,36
391,38,-0.099609,1.5527,-0.32422,0,15
391,38,-0.13867,1.4629,-0.125,0.33461,13
391,38,-0.09375,1.502,-0.16016,0.33461,27
391,38,-0.097656,1.5371,-0.17969,0.33461,22
391,38,0,1.8652,-0.3125,0.33461,46
391,38,0,1.8945,-0.36523,0.33461,48
391,38,-0.060547,1.9375,-0.33398,0.33461,39
391,38,-0.125,1.9531,-0.4375,0.33461,25
391,38,-0.089844,1.4316,0.082031,0.66921,32
391,38,-0.091797,1.4727,-0.0078125,0.66921,155
391,38,-0.09375,1.5098,-0.046875,0.66921,287
391,38,-0.048828,1.5469,-0.10156,0.66921,231
391,38,-0.099609,1.5781,-0.14844,0.66921,80
391,38,3.1895,0.77344,0.26172,0.66921,16
391,38,-0.089844,1.4258,0.16016,1.0038,43
391,38,-0.091797,1.4707,0.082031,1.0038,210
391,38,-0.09375,1.5098,0.041016,1.0038,387
391,38,-0.097656,1.5488,0.0039063,1.0038,312
391,38,-0.099609,1.5859,-0.046875,1.0038,108
391,38,-0.13477,1.4004,0.29297,1.3384,18
391,38,-0.091797,1.4609,0.17969,1.3384,85
391,38,-0.09375,1.5039,0.13477,1.3384,157
391,38,-0.097656,1.5449,0.09375,1.3384,128
391,38,-0.14844,1.582,0.042969,1.3384,44
391,38,0,1.7715,-0.66211,-0.66921,21
391,38,0,1.7871,-0.72852,-0.66921,21
391,38,0,1.8203,-0.74609,-0.66921,14
391,38,0,1.4727,-0.34766,-0.33461,15
391,38,-0.048828,1.5098,-0.35352,-0.33461,14
391,38,0,1.7988,-0.44531,-0.33461,34
391,38,0,1.8184,-0.52148,-0.33461,62
391,38,0,1.8418,-0.57617,-0.33461,63
391,38,0,1.8848,-0.56641,-0.33461,42
391,38,0,1.9199,-0.57617,-0.33461,23
391,38,0.12695,1.916,-0.69922,-0.33461,17
392,34,-0.10156,1.5859,-0.3457,0,9
392,34,-0.10352,1.627,-0.33789,0,8
392,34,-0.18359,1.8438,-0.66016,0,16
392,34,0,1.7813,-0.51563,0.33461,32
392,34,0,1.7266,-0.77539,0.33461,36
392,34,-0.30078,1.6934,0.87305,0.33461,10
392,34,-0.12305,1.9629,0.066406,0.33461,28
392,34,-0.25,1.9902,0.0039063,0.33461,24
392,34,-0.14844,1.5801,-0.070313,0.66921,11
392,34,-0.10156,1.6133,-0.18164,0.66921,24
392,34,-0.10352,1.6445,-0.23828,0.66921,23
392,34,-0.097656,1.5488,-0.019531,1.0038,15
392,34,-0.099609,1.5859,-0.0019531,1.0038,57
392,34,-0.10156,1.623,-0.048828,1.0038,101
392,34,-0.10352,1.6582,-0.097656,1.0038,84
392,34,-0.16016,1.6855,-0.17773,1.0038,30
392,34,-0.14453,1.5391,0.13672,1.3384,20
392,34,-0.14844,1.5781,0.10156,1.3384,72
392,34,-0.10156,1.623,0.060547,1.3384,116
392,34,-0.10352,1.6621,0.015625,1.3384,89
392,34,-0.16016,1.6934,-0.072266,1.3384,29
392,34,-0.14844,1.5703,0.19922,1.673,29
392,34,-0.15234,1.6133,0.14648,1.673,41
392,34,-0.15625,1.6543,0.095703,1.673,28
392,34,0,1.6602,-0.82617,-0.66921,14
392,34,0,1.4414,-1.2246,-0.66921,17
392,34,0,1.6934,-0.75391,-0.33461,45
392,34,0,1.582,-1.0371,-0.33461,54
392,34,-0.12109,1.0801,-1.5938,-0.33461,25
392,34,0.24609,1.8613,-0.58789,-0.33461,17
392,34,0.19141,1.8965,-0.73438,-0.33461,24
392,34,0.42188,1.8281,-0.45117,0.33461,6
392,34,-0.69531,0.1582,1.4199,0.66921,6
392,34,-0.42969,1.418,1.293,-0.33461,10
393,48,0,1.6855,-0.43555,0,7
393,48,0.11523,1.8008,-0.42578,0,15
393,48,0.17773,1.8184,-0.48828,0,21
393,48,-0.24023,1.9141,0.0625,0,34
393,48,-0.12305,1.9453,-0.26953,0,42
393,48,-0.1875,1.9473,-0.4375,0,27
393,48,-0.058594,1.832,-0.2793,0.33461,53
393,48,-0.058594,1.8652,-0.31055,0.33461,121
393,48,-0.12109,1.8984,-0.32813,0.33461,144
393,48,-0.12305,1.9375,-0.31641,0.33461,113
393,48,-0.125,1.9727,-0.33203,0.33461,70
393,48,0,2.002,-0.4082,0.33461,36
393,48,-0.21289,1.6758,-0.21875,0.66921,35
393,48,-0.2168,1.7031,-0.2832,0.66921,44
393,48,-0.27734,1.7168,-0.37305,0.66921,23
393,48,-0.11523,1.8398,-0.19336,0.66921,20
393,48,-0.11914,1.877,-0.19922,0.66921,46
393,48,-0.12109,1.9141,-0.20898,0.66921,57
393,48,-0.12305,1.9531,-0.20508,0.66921,47
393,48,-0.125,1.9883,-0.23242,0.66921,30
393,48,3.3359,0.85352,0.029297,0.66921,23
393,48,3.3711,0.86328,0.0019531,0.66921,19
393,48,-0.20898,1.6504,-0.035156,1.0038,24
393,48,-0.21289,1.6855,-0.12305,1.0038,67
393,48,-0.2168,1.7109,-0.23828,1.0038,73
393,48,-0.33398,1.6797,-0.47852,1.0038,28
393,48,-0.24414,2.5469,0.51758,1.0038,15
393,48,-0.16602,2.6094,0.41797,1.0038,16
393,48,3.3359,0.81445,0.25586,1.0038,15
393,48,-0.20898,1.6523,-0.023438,1.3384,16
393,48,-0.26563,1.6816,-0.03125,1.3384,40
393,48,-0.32617,1.6934,-0.23242,1.3384,36
393,48,0.054688,1.6914,0.54883,1.3384,14
393,48,0.058594,1.7402,-0.63477,-0.66921,24
393,48,0.058594,1.7656,-0.67773,-0.66921,44
393,48,0.060547,1.7852,-0.73047,-0.66921,36
393,48,0.060547,1.8008,-0.79102,-0.66921,15
393,48,0,1.7539,-0.46875,-0.33461,15
393,48,0,1.7793,-0.52344,-0.33461,71
393,48,0.058594,1.8066,-0.56055,-0.33461,129
393,48,0.060547,1.8242,-0.62305,-0.33461,105
393,48,0.060547,1.8477,-0.67383,-0.33461,45
393,48,0.0625,1.8867,-0.67773,-0.33461,26
393,48,0.12695,1.9023,-0.73438,-0.33461,29
393,48,0.13086,1.9238,-0.7832,-0.33461,18
393,48,-0.41406,1.6309,0.86328,0,16
393,48,-0.21484,3.4336,-0.15039,1.0038,8
393,48,-0.55664,1.4805,-0.8125,1.3384,12
394,64,-0.22266,1.75,-0.22852,0,13
394,64,-0.11328,1.7891,-0.28516,0,38
394,64,-0.11523,1.8184,-0.3457,0,49
394,64,-0.11914,1.8086,-0.54297,0,27
394,64,0,1.9609,-0.15625,0,17
394,64,0.125,1.9434,-0.48047,0,24
394,64,0.064453,1.9961,-0.42969,0,23
394,64,-0.30664,1.625,-1.8203,0,20
394,64,3.2285,0.97266,-0.69922,0,25
394,64,3.2637,0.88281,-0.83008,0,36
394,64,3.2988,0.79883,-0.92773,0,23
394,64,-0.16602,1.7539,-0.24805,0.33461,23
394,64,-0.11328,1.7773,-0.35547,0.33461,55
394,64,0,1.7891,-0.48633,0.33461,81
394,64,0,1.8086,-0.55078,0.33461,79
394,64,0,1.832,-0.60352,0.33461,46
394,64,0.12305,1.9316,-0.35352,0.33461,21
394,64,0.1875,1.9805,-0.24609,0.33461,40
394,64,-0.30664,1.7832,-1.666,0.33461,39
394,64,-0.3125,1.998,-1.4648,0.33461,36
394,64,3.2285,1.0996,-0.47852,0.33461,46
394,64,3.2637,1.0488,-0.60352,0.33461,67
394,64,3.1895,1.2949,-0.73047,0.33461,42
394,64,-0.2168,1.7246,-0.072266,0.66921,16
394,64,-0.16602,1.7695,-0.074219,0.66921,88
394,64,-0.16992,1.8066,-0.064453,0.66921,207
394,64,-0.11523,1.8477,-0.085938,0.66921,260
394,64,-0.11914,1.8828,-0.13672,0.66921,164
394,64,-0.18164,1.9063,-0.23438,0.66921,45
394,64,3.2285,1.1719,-0.24805,0.66921,31
394,64,3.1543,1.4219,-0.37891,0.66921,45
394,64,3.1895,1.4121,-0.4668,0.66921,28
394,64,-0.16602,1.7695,0.054688,1.0038,80
394,64,-0.16992,1.8066,0.078125,1.0038,210
394,64,-0.17383,1.8438,0.0625,1.0038,273
394,64,-0.17773,1.8828,0.027344,1.0038,172
394,64,-0.18164,1.9219,-0.019531,1.0038,46
394,64,-0.16602,1.75,0.26172,1.3384,18
394,64,-0.16992,1.7969,0.19922,1.3384,58
394,64,-0.17383,1.8379,0.17969,1.3384,81
394,64,-0.17773,1.8789,0.13477,1.3384,51
394,64,-0.24023,1.9141,0.050781,1.3384,13
394,64,0.058594,1.6016,-0.93359,-0.66921,21
394,64,0.11914,1.6406,-0.93359,-0.66921,28
394,64,0.060547,1.7383,-0.83398,-0.66921,15
394,64,0.18359,1.8496,-0.64258,-0.66921,16
394,64,0.1875,1.8848,-0.66016,-0.66921,29
394,64,0.12695,1.9336,-0.64648,-0.66921,29
394,64,0,2.0176,-0.51172,-0.66921,24
394,64,0,2.0742,-0.43359,-0.66921,17
394,64,0,1.666,-0.72461,-0.33461,28
394,64,0.058594,1.6758,-0.78906,-0.33461,68
394,64,0.11914,1.7129,-0.79492,-0.33461,82
394,64,0.12109,1.7891,-0.71094,-0.33461,46
394,64,0.18359,1.9082,-0.44531,-0.33461,47
394,64,0.1875,1.9121,-0.57227,-0.33461,80
394,64,0.12695,1.9648,-0.54297,-0.33461,70
394,64,0.064453,2.0391,-0.41016,-0.33461,42
394,64,0,2.1035,-0.25586,-0.33461,24
394,64,-2.3672,0,2.9023,0,19
394,64,-2.3926,0,2.7891,0,25
394,64,-2.4199,0,2.6777,0,15
394,64,-2.3672,0,3.0391,0.33461,37
394,64,-2.3926,0,2.9609,0.33461,49
395,36,-0.28906,1.8164,0.23047,0,28
395,36,-0.23633,1.8594,0.24805,0,38
395,36,-0.24023,1.877,0.38086,0,28
395,36,-0.18359,1.9395,-0.27539,0,33
395,36,-0.125,1.9844,-0.25391,0,32
395,36,-0.12695,2.0195,-0.28125,0,20
395,36,0,1.7988,-0.24805,0.33461,20
395,36,0,1.8301,-0.29688,0.33461,49
395,36,0,1.8711,-0.2832,0.33461,63
395,36,-0.12109,1.9219,-0.13477,0.33461,85
395,36,-0.12305,1.9531,-0.20117,0.33461,107
395,36,-0.0625,1.9883,-0.24609,0.33461,92
395,36,-0.12695,2.0137,-0.31445,0.33461,53
395,36,-0.064453,2.0488,-0.35742,0.33461,22
395,36,0,1.8457,-0.18359,0.66921,16
395,36,0,1.8828,-0.17773,0.66921,21
395,36,-0.12109,1.9258,-0.046875,0.66921,32
395,36,-0.18359,1.957,-0.091797,0.66921,40
395,36,-0.125,1.998,-0.125,0.66921,35
395,36,-0.12695,2.0293,-0.19141,0.66921,22
395,36,-0.34766,1.7734,0.41406,-0.66921,16
395,36,-0.29492,1.8633,0.14063,-0.66921,28
395,36,-0.18164,1.918,-0.09375,-0.66921,25
395,36,0,1.8887,-0.54883,-0.66921,20
395,36,0.16992,1.6777,-0.67383,-0.33461,18
395,36,0.23242,1.623,-0.86523,-0.33461,44
395,36,-0.29492,1.8477,0.27734,-0.33461,68
395,36,-0.060547,1.918,-0.19922,-0.33461,68
395,36,0.060547,1.918,-0.42969,-0.33461,62
395,36,0.125,1.9355,-0.50977,-0.33461,42
395,36,0.12695,1.9336,-0.64648,-0.33461,20
395,36,0.28906,1.502,-1.0469,-0.66921,14
395,36,0.29492,1.5391,-1.0586,-0.66921,18
395,36,-0.45313,1.3574,1.1172,-0.33461,11
395,36,-0.34766,1.7344,0.55664,-0.33461,39
395,36,0.23633,1.668,-0.86133,-0.33461,55
396,24,0,1.8398,0.22461,0,9
396,24,-0.17773,1.8809,0.087891,0,20
396,24,-0.18164,1.918,-0.11914,0,18
396,24,-0.22656,1.8008,-0.068359,0.33461,19
396,24,-0.11523,1.8477,-0.089844,0.33461,24
396,24,-0.058594,1.8887,0.074219,0.33461,32
396,24,0,1.9297,0.041016,0.33461,31
396,24,0.12305,1.9551,-0.1875,0.33461,31
396,24,0.125,1.9805,-0.28125,0.33461,37
396,24,0.064453,2.0176,-0.31055,0.33461,22
396,24,-0.17773,1.8691,0.22656,0.66921,15
396,24,-0.12109,1.9199,0.16016,0.66921,14
396,24,0,1.9668,0.015625,0.66921,10
396,24,0,2.002,-0.11523,0.66921,11
396,24,0.18359,1.8184,-0.72852,-0.66921,12
396,24,0.1875,1.8555,-0.73633,-0.66921,16
396,24,0.25586,1.8535,-0.82227,-0.66921,10
396,24,-0.16992,1.7813,-0.31445,-0.33461,14
396,24,-0.11523,1.7949,-0.44727,-0.33461,23
396,24,0,1.7832,-0.62891,-0.33461,16
396,24,0.18164,1.8398,-0.55469,-0.33461,19
396,24,0.12305,1.8828,-0.56055,-0.33461,35
396,24,0.125,1.9141,-0.58594,-0.33461,45
396,24,0.19141,1.9199,-0.67383,-0.33461,28
397,3,0.060547,1.9258,-0.39648,0.33461,10
397,3,0,1.8418,-0.43359,-0.33461,15
397,3,0,1.8906,-0.38086,-0.33461,13
398,13,0.11523,1.7539,-0.58984,0.33461,14
398,13,-0.35547,1.8105,0.42188,0.33461,18
398,13,-0.30078,1.873,0.35352,0.33461,14
398,13,0.0625,1.9766,-0.33203,0.33461,20
398,13,-0.34766,1.7988,0.28516,-0.33461,18
398,13,-0.29492,1.8652,0.11523,-0.33461,24
398,13,-0.30078,1.9063,-0.013672,-0.33461,18
398,13,-0.18359,1.7891,-0.79883,-0.33461,16
398,13,0.125,1.9395,-0.49609,-0.33461,19
398,13,-0.46289,1.6504,0.70508,0.33461,13
398,13,0.24023,1.7578,-0.75781,0.33461,8
398,13,0.23242,1.6074,-0.89453,-0.33461,13
398,13,0.17773,1.6797,-0.85156,-0.33461,15
399,9,0,1.8262,-0.32227,0.33461,22
399,9,0,1.8535,-0.37695,0.33461,23
399,9,-0.12109,1.8477,-0.54492,0.33461,11
399,9,-0.30664,1.9434,-0.039063,0.33461,13
399,9,0,1.7832,-0.50391,-0.33461,21
399,9,0,1.8047,-0.56836,-0.33461,23
399,9,-0.12109,1.8398,-0.56641,-0.33461,15
399,9,-0.24609,1.9082,-0.41406,-0.33461,17
399,9,-0.25,1.9043,-0.57227,-0.33461,15
430,13,0,1.8086,-0.4043,0.33461,38
430,13,0,1.8516,-0.38672,0.33461,58
430,13,0.060547,1.8887,-0.39258,0.33461,41
430,13,0.060547,1.9219,-0.41602,0.33461,13
430,13,0,1.8242,-0.32813,0.66921,13
430,13,0,1.8711,-0.28125,0.66921,19
430,13,0,1.9082,-0.28906,0.66921,13
430,13,0.058594,1.7402,-0.73828,-0.66921,16
430,13,0.060547,1.7871,-0.72266,-0.66921,12
430,13,0.058594,1.7578,-0.58789,-0.33461,32
430,13,0.058594,1.791,-0.60742,-0.33461,51
430,13,0,1.8242,-0.62891,-0.33461,35
430,13,0.12305,1.8496,-0.66016,-0.33461,12
431,5,0,1.7949,-0.46289,0.33461,12
431,5,0,1.832,-0.47266,0.33461,15
431,5,0,1.8828,-0.41992,0.33461,10
431,5,0,1.668,-0.81055,-0.33461,10
431,5,0,1.7207,-0.78711,-0.33461,13
432,6,0,1.7773,-0.52539,0.33461,17
432,6,0,1.8359,-0.45898,0.33461,26
432,6,0.060547,1.873,-0.45703,0.33461,18
432,6,0.058594,1.7383,-0.64258,-0.33461,15
432,6,0.058594,1.7578,-0.69531,-0.33461,24
432,6,0,1.791,-0.7207,-0.33461,16
433,7,-0.13086,1.3926,0.066406,0.33461,22
433,7,-0.13477,1.4316,0.021484,0.33461,27
433,7,-0.091797,1.4727,-0.019531,0.33461,19
433,7,0,1.9043,-0.30859,0.33461,15
433,7,-0.087891,1.3906,-0.14258,-0.33461,13
433,7,-0.13477,1.4277,-0.11328,-0.33461,16
433,7,0,1.7832,-0.63086,-0.33461,16
434,30,-0.12695,1.3555,0.0019531,0,19
434,30,-0.087891,1.3965,-0.021484,0,52
434,30,-0.089844,1.4336,-0.064453,0,64
434,30,-0.13867,1.4648,-0.099609,0,36
434,30,-0.09375,1.5078,-0.082031,0,11
434,30,-0.12305,1.9336,-0.33789,0,13
434,30,-0.13867,1.9648,-1.0508,0,22
434,30,-0.12695,1.3516,0.097656,0.33461,36
434,30,-0.087891,1.3965,0.054688,0.33461,100
434,30,-0.089844,1.4355,0.019531,0.33461,121
434,30,-0.13867,1.4688,-0.0078125,0.33461,69
434,30,-0.14258,1.5059,-0.027344,0.33461,19
434,30,-0.18164,1.9199,-0.068359,0.33461,46
434,30,-0.060547,1.9609,-0.13281,0.33461,47
434,30,0,1.9961,-0.19141,0.33461,40
434,30,0.064453,2.0254,-0.26172,0.33461,26
434,30,-0.13672,1.8555,-1.1621,0.33461,27
434,30,-0.13867,2.0156,-0.94922,0.33461,41
434,30,-0.070313,2.125,0.79492,0.33461,29
434,30,-0.085938,1.3477,0.17383,0.66921,25
434,30,-0.13086,1.3867,0.13672,0.66921,64
434,30,-0.089844,1.4297,0.11328,0.66921,76
434,30,-0.13867,1.4648,0.10352,0.66921,39
434,30,-0.12305,1.9629,-0.013672,0.66921,18
434,30,0,2.0059,-0.021484,0.66921,15
434,30,0,1.8535,-0.38086,-0.33461,19
434,30,0,1.8945,-0.37109,-0.33461,29
434,30,0,1.9375,-0.33789,-0.33461,24
434,30,0.0625,1.9473,-0.47656,-0.33461,25
434,30,0.19141,1.9531,-0.57031,-0.33461,21
435,40,0,1.4453,-0.29883,0,13
435,40,0,1.4863,-0.28516,0,27
435,40,-0.048828,1.5195,-0.30664,0,24
435,40,0,1.5645,-0.27734,0,10
435,40,0.125,1.9434,-0.47852,0,13
435,40,0.064453,1.9492,-0.60547,0,10
435,40,0,1.4531,-0.25195,0.33461,15
435,40,0,1.4922,-0.24609,0.33461,28
435,40,0,1.5273,-0.26563,0.33461,22
435,40,0.12695,2.002,-0.39063,0.33461,35
435,40,-0.14258,1.9629,-1.1309,0.33461,32
435,40,-0.13477,1.4297,-0.056641,0.66921,14
435,40,-0.046875,1.4707,-0.10547,0.66921,76
435,40,-0.046875,1.5078,-0.11719,0.66921,151
435,40,-0.048828,1.5449,-0.13477,0.66921,130
435,40,-0.048828,1.5762,-0.19531,0.66921,45
435,40,-0.13867,1.8301,-1.2695,0.66921,35
435,40,-0.14258,2.123,-0.78906,0.66921,58
435,40,-0.14453,2.2988,0.1582,0.66921,46
435,40,-0.091797,1.4727,0.0019531,1.0038,71
435,40,-0.09375,1.5098,-0.0058594,1.0038,146
435,40,-0.097656,1.5488,-0.029297,1.0038,128
435,40,-0.099609,1.584,-0.082031,1.0038,46
435,40,-0.21289,2.1895,-0.5625,1.0038,31
435,40,-0.14453,2.2754,0.35352,1.0038,25
435,40,-0.091797,1.4707,0.091797,1.3384,16
435,40,-0.09375,1.5059,0.10547,1.3384,35
435,40,-0.097656,1.5469,0.058594,1.3384,31
435,40,0,1.7012,-0.82813,-0.66921,12
435,40,0,1.8066,-0.67969,-0.66921,12
435,40,0.1875,1.7656,-0.93164,-0.66921,14
435,40,0.19141,1.8301,-0.88867,-0.66921,16
435,40,0,1.6895,-0.76367,-0.33461,21
435,40,0,1.7754,-0.65234,-0.33461,36
435,40,0,1.8574,-0.52148,-0.33461,38
435,40,0.30664,1.6875,-0.96484,-0.33461,18
435,40,0.1875,1.8301,-0.79883,-0.33461,42
435,40,0.19141,1.8926,-0.74414,-0.33461,48
435,40,0.19531,1.9102,-0.80469,-0.33461,21
435,40,-0.24609,1.8516,-0.61523,-0.33461,17
436,44,-0.099609,1.543,-0.36523,0,19
436,44,-0.10156,1.5781,-0.37891,0,24
436,44,-0.10352,1.6133,-0.39453,0,15
436,44,-0.24023,1.8848,-0.33789,0,15
436,44,-0.24609,1.9199,-0.35547,0,15
436,44,0.058594,1.8223,-0.33984,0.33461,25
436,44,0.11914,1.8496,-0.37891,0.33461,26
436,44,-0.18164,1.9141,-0.15234,0.33461,49
436,44,-0.12305,1.9512,-0.2168,0.33461,68
436,44,-0.0625,1.9805,-0.31445,0.33461,43
436,44,0,2.0234,-0.27734,0.33461,23
436,44,-0.099609,1.5781,-0.1543,0.66921,23
436,44,-0.10156,1.6133,-0.18359,0.66921,35
436,44,-0.052734,1.6445,-0.24609,0.66921,23
436,44,-0.12305,1.9629,-0.0625,0.66921,24
436,44,-0.14453,1.543,-0.0625,1.0038,22
436,44,-0.099609,1.584,-0.080078,1.0038,99
436,44,-0.10156,1.6191,-0.10938,1.0038,172
436,44,-0.10352,1.6543,-0.1543,1.0038,128
436,44,-0.10547,1.6836,-0.22656,1.0038,38
436,44,-0.14453,1.543,0.0625,1.3384,42
436,44,-0.099609,1.5859,0.027344,1.3384,140
436,44,-0.10156,1.623,-0.0039063,1.3384,227
436,44,-0.10352,1.6602,-0.046875,1.3384,171
436,44,-0.10547,1.6934,-0.13477,1.3384,52
436,44,-0.14453,1.5332,0.18555,1.673,33
436,44,-0.14844,1.5742,0.15625,1.673,83
436,44,-0.15234,1.6152,0.11523,1.673,110
436,44,-0.10352,1.6602,0.072266,1.673,75
436,44,-0.10547,1.6992,-0.039063,1.673,22
436,44,-0.099609,1.5645,0.25391,2.0076,15
436,44,-0.15234,1.5977,0.26953,2.0076,15
436,44,0.058594,1.6953,-0.83594,-0.66921,11
436,44,0,1.875,-0.59375,-0.66921,14
436,44,0.0625,1.8477,-0.77344,-0.66921,12
436,44,0,1.5332,-0.54297,-0.33461,11
436,44,0.058594,1.7656,-0.56445,-0.33461,33
436,44,0.11914,1.7598,-0.68555,-0.33461,36
436,44,0,1.8906,-0.38672,-0.33461,27
436,44,0,1.918,-0.43945,-0.33461,44
436,44,0.0625,1.9258,-0.55859,-0.33461,37
436,44,0.12695,1.9492,-0.59961,-0.33461,25
436,44,-0.53125,0.74609,1.6543,0.33461,16
436,44,-0.5918,1.4336,1.082,-0.66921,6
437,52,-0.16016,1.6621,-0.33203,0,9
437,52,-0.16406,1.6875,-0.39453,0,11
437,52,0,1.7285,-0.41797,0,7
437,52,-0.11523,1.8047,-0.4082,0,13
437,52,-0.11914,1.8359,-0.43945,0,21
437,52,-0.12109,1.8828,-0.40234,0,22
437,52,3.1914,1.0527,-0.54492,0,13
437,52,3.3359,0.56641,-0.63867,0,20
437,52,3.2637,0.92969,-0.77734,0,13
437,52,0,1.8145,-0.046875,0.33461,13
437,52,0,1.8535,-0.011719,0.33461,43
437,52,-0.058594,1.8906,0.015625,0.33461,71
437,52,-0.060547,1.9277,-0.011719,0.33461,65
437,52,-0.12305,1.9609,-0.10938,0.33461,24
437,52,0,2.7617,0.45508,0.33461,22
437,52,3.2988,0.7832,-0.31445,0.33461,30
437,52,3.3359,0.73828,-0.42969,0.33461,46
437,52,3.3711,0.65625,-0.56055,0.33461,32
437,52,-0.20898,1.6504,-0.035156,0.66921,20
437,52,-0.16016,1.6875,-0.16602,0.66921,74
437,52,-0.10938,1.7227,-0.21875,0.66921,111
437,52,-0.16602,1.748,-0.27344,0.66921,72
437,52,-0.16992,1.7656,-0.38477,0.66921,13
437,52,-0.11523,1.8457,0.12109,0.66921,18
437,52,-0.11914,1.8828,0.13867,0.66921,32
437,52,-0.060547,1.9258,0.087891,0.66921,31
437,52,3.1914,1.1816,-0.089844,0.66921,27
437,52,3.3359,0.82813,-0.21094,0.66921,42
437,52,3.2637,1.1641,-0.33398,0.66921,29
437,52,-0.15625,1.6582,-0.0019531,1.0038,26
437,52,-0.16016,1.6934,-0.083984,1.0038,98
437,52,-0.16406,1.7285,-0.13086,1.0038,147
437,52,-0.16602,1.7617,-0.17578,1.0038,99
437,52,-0.16992,1.7969,-0.19531,1.0038,27
437,52,3.1191,1.4551,-0.025391,1.0038,11
437,52,-0.21289,1.6719,-0.24219,1.3384,12
437,52,-0.2168,1.707,-0.25977,1.3384,20
437,52,-0.22266,1.7266,-0.36719,1.3384,15
437,52,-0.21289,1.6758,0.21875,1.673,22
437,52,-0.2168,1.7168,0.1875,1.673,34
437,52,-0.16602,1.7637,0.1543,1.673,23
437,52,0.11523,1.8223,-0.31836,-0.66921,13
437,52,0.058594,1.8477,-0.39844,-0.66921,18
437,52,0.12109,1.8867,-0.38672,-0.66921,11
437,52,0.11328,1.8008,-0.20313,-0.33461,13
437,52,0.11523,1.834,-0.24805,-0.33461,41
437,52,0.17773,1.8574,-0.31445,-0.33461,58
437,52,0.12109,1.8984,-0.32227,-0.33461,33
437,52,-2.3418,0,2.9199,0,7
437,52,-2.3418,0,-3.3418,0.66921,16
437,52,-2.3672,0,3.2832,0.66921,23
437,52,-2.3672,0,-3.2148,1.0038,7
438,50,-0.16406,1.7285,-0.10547,0,61
438,50,-0.16602,1.7637,-0.16016,0,243
438,50,-0.11328,1.8008,-0.20898,0,393
438,50,-0.11523,1.834,-0.25,0,291
438,50,-0.17773,1.8574,-0.30664,0,92
438,50,-0.18164,1.8867,-0.36133,0,15
438,50,3.2637,1.0645,-0.58008,0,18
438,50,3.1895,1.3047,-0.71289,0,11
438,50,-0.16406,1.7324,0.011719,0.33461,119
438,50,-0.11133,1.7734,-0.060547,0.33461,467
438,50,-0.11328,1.8105,-0.099609,0.33461,766
438,50,-0.17383,1.8398,-0.14063,0.33461,565
438,50,-0.11914,1.875,-0.21875,0.33461,184
438,50,-0.060547,1.9004,-0.32813,0.33461,39
438,50,0,1.9297,-0.38086,0.33461,37
438,50,0.1875,1.9824,-0.22852,0.33461,37
438,50,3.3359,0.82422,-0.22461,0.33461,22
438,50,3.2637,1.1504,-0.37891,0.33461,33
438,50,3.4082,0.80469,-0.33594,0.33461,22
438,50,-0.2168,1.7227,0.13086,0.66921,80
438,50,-0.16602,1.7695,0.052734,0.66921,325
438,50,-0.16992,1.8086,0.017578,0.66921,534
438,50,-0.17383,1.8457,-0.023438,0.66921,388
438,50,-0.17773,1.8809,-0.097656,0.66921,124
438,50,-0.12109,1.9082,-0.25781,0.66921,19
438,50,3.2637,1.209,-0.0625,0.66921,15
438,50,-0.2168,1.6934,0.33594,1.0038,11
438,50,-0.16602,1.7617,0.17773,1.0038,48
438,50,-0.22656,1.7949,0.14844,1.0038,76
438,50,-0.17383,1.8438,0.099609,1.0038,57
438,50,-0.23633,1.877,0.048828,1.0038,17
438,50,-0.22656,1.7969,0.14258,1.3384,15
438,50,0.18359,1.8672,-0.59375,-0.66921,13
438,50,0.1875,1.8965,-0.62109,-0.66921,17
438,50,-0.16602,1.75,-0.26758,-0.33461,36
438,50,-0.11328,1.7871,-0.29688,-0.33461,60
438,50,-0.11523,1.8203,-0.32813,-0.33461,48
438,50,0.11914,1.8145,-0.52148,-0.33461,30
438,50,0.18164,1.8906,-0.33789,-0.33461,27
438,50,0.18359,1.9023,-0.46875,-0.33461,38
438,50,0.1875,1.9043,-0.59961,-0.33461,47
438,50,0.19141,1.9082,-0.70703,-0.33461,35
438,50,0.064453,1.9902,-0.60352,-0.33461,16
438,50,-2.3926,0,3.1387,0,10
438,50,-2.4199,0,2.9395,0,7
438,50,-2.3672,0,3.3906,0.33461,14
438,50,-2.2852,0,3.2539,0.33461,21
438,50,-2.4199,0,3.1289,0.33461,13
438,50,-2.3926,0,3.3945,0.66921,11
438,50,-0.42969,0.66797,1.8008,-0.66921,7
439,21,0.18164,1.8828,-0.38281,0,13
439,21,0.24609,1.9102,-0.40039,0,16
439,21,0.25,1.9355,-0.45898,0,11
439,21,-0.22266,1.7539,0.18164,0.33461,11
439,21,-0.16992,1.8086,0.0019531,0.33461,28
439,21,-0.058594,1.793,-0.4668,0.33461,34
439,21,0.058594,1.8125,-0.53711,0.33461,44
439,21,0.12109,1.8418,-0.56055,0.33461,33
439,21,0.24609,1.9043,-0.42969,0.33461,35
439,21,0.25,1.877,-0.66016,0.33461,19
439,21,0,1.8633,-0.32617,0.66921,14
439,21,0.058594,1.6582,-0.91016,-0.66921,11
439,21,0.24023,1.7617,-0.74805,-0.66921,16
439,21,0.24609,1.8223,-0.69727,-0.66921,22
439,21,-0.16992,1.7969,-0.19727,-0.33461,22
439,21,0,1.6797,-0.78516,-0.33461,27
439,21,0.058594,1.7266,-0.76953,-0.33461,36
439,21,0.18164,1.8184,-0.62109,-0.33461,47
439,21,0.24609,1.8613,-0.58594,-0.33461,61
439,21,0.3125,1.832,-0.75391,-0.33461,36
439,21,-0.43945,1.834,0.68164,0.33461,10
440,7,0.058594,1.8652,-0.30469,0.33461,17
440,7,-0.22656,1.7813,-0.26758,-0.33461,13
440,7,0,1.791,-0.47852,-0.33461,12
440,7,0.11914,1.8164,-0.51563,-0.33461,13
440,7,0.12109,1.8672,-0.46875,-0.33461,9
440,7,0.18359,1.8984,-0.48047,-0.33461,12
440,7,0.1875,1.9277,-0.51953,-0.33461,15
472,2,0,1.9258,-0.12109,0.33461,11
472,2,0,1.8887,-0.39453,-0.33461,10
473,2,0,1.8281,-0.48828,0.33461,11
473,2,0.058594,1.752,-0.70898,-0.33461,11
474,8,-0.17578,1.3867,0.0625,0.33461,13
474,8,-0.13477,1.4297,0.058594,0.33461,17
474,8,-0.18359,1.4648,0,0.33461,9
474,8,0,1.8125,-0.39258,0.33461,20
474,8,0.058594,1.8594,-0.33789,0.33461,28
474,8,0,1.9043,-0.30664,0.33461,18
474,8,0,1.8203,-0.51367,-0.33461,19
474,8,0,1.8652,-0.49609,-0.33461,14
475,27,-0.12695,1.3555,-0.042969,0,8
475,27,-0.087891,1.3965,-0.058594,0,23
475,27,-0.044922,1.4336,-0.10352,0,29
475,27,-0.046875,1.4668,-0.14453,0,26
475,27,-0.09375,1.498,-0.18945,0,12
475,27,-0.12695,1.3535,0.076172,0.33461,17
475,27,-0.087891,1.3965,0.011719,0.33461,48
475,27,-0.089844,1.4355,-0.013672,0.33461,59
475,27,-0.091797,1.4727,-0.042969,0.33461,49
475,27,-0.046875,1.5078,-0.12305,0.33461,23
475,27,0.058594,1.8184,-0.35938,0.33461,54
475,27,0.058594,1.8555,-0.35938,0.33461,68
475,27,0,1.9121,-0.25195,0.33461,47
475,27,-0.060547,1.9551,-0.20313,0.33461,28
475,27,-0.16992,1.3438,0.15039,0.66921,14
475,27,-0.13086,1.3887,0.11719,0.66921,39
475,27,-0.089844,1.4336,0.078125,0.66921,45
475,27,-0.091797,1.4727,0.037109,0.66921,32
475,27,-0.09375,1.5098,0.019531,0.66921,15
475,27,0.058594,1.7559,-0.59375,-0.66921,11
475,27,0.058594,1.7988,-0.58398,-0.66921,14
475,27,0,1.877,-0.44922,-0.66921,11
475,27,0.058594,1.7773,-0.52148,-0.33461,37
475,27,0.058594,1.8125,-0.53516,-0.33461,46
475,27,0,1.8867,-0.40039,-0.33461,34
475,27,0,1.9297,-0.38867,-0.33461,24
475,27,0.0625,1.9238,-0.56445,-0.33461,12
476,40,0,1.4668,-0.16406,0,12
476,40,-0.09375,1.4883,-0.25586,0,26
476,40,-0.048828,1.5234,-0.28906,0,24
476,40,0,1.5391,-0.39648,0,10
476,40,-0.24023,1.8555,-0.4707,0,16
476,40,-0.12305,1.9375,-0.31836,0,27
476,40,-0.1875,1.9629,-0.36719,0,23
476,40,-0.09375,1.5078,-0.072266,0.33461,16
476,40,-0.097656,1.5391,-0.16992,0.33461,15
476,40,0,1.877,-0.23438,0.33461,57
476,40,-0.060547,1.918,-0.19922,0.33461,60
476,40,-0.18359,1.9375,-0.29102,0.33461,51
476,40,-0.1875,1.9395,-0.46875,0.33461,43
476,40,-0.089844,1.4336,0.074219,0.66921,17
476,40,-0.091797,1.4727,0.0058594,0.66921,98
476,40,-0.046875,1.5117,-0.046875,0.66921,201
476,40,-0.097656,1.5449,-0.091797,0.66921,189
476,40,-0.099609,1.5781,-0.15039,0.66921,75
476,40,-0.2168,2.2051,0.64453,0.66921,36
476,40,-0.2207,2.207,0.76367,0.66921,22
476,40,-0.089844,1.4199,0.20508,1.0038,25
476,40,-0.13867,1.4668,0.095703,1.0038,136
476,40,-0.09375,1.5098,0.048828,1.0038,290
476,40,-0.097656,1.5488,0.0019531,1.0038,264
476,40,-0.099609,1.584,-0.054688,1.0038,106
476,40,-0.21289,2.2422,0.27734,1.0038,21
476,40,-0.2168,2.1016,0.92969,1.0038,28
476,40,-0.29297,2.0586,1.0879,1.0038,17
476,40,-0.13477,1.3984,0.30273,1.3384,10
476,40,-0.091797,1.4609,0.17969,1.3384,60
476,40,-0.09375,1.5039,0.14063,1.3384,121
476,40,-0.097656,1.5449,0.097656,1.3384,109
476,40,-0.099609,1.5859,0.042969,1.3384,43
476,40,0,1.7422,-0.63477,-0.66921,14
476,40,0.058594,1.7754,-0.65234,-0.66921,23
476,40,0,1.8008,-0.69336,-0.66921,17
476,40,0.058594,1.7832,-0.50391,-0.33461,41
476,40,0.058594,1.8223,-0.50781,-0.33461,66
476,40,0,1.8574,-0.52539,-0.33461,48
476,40,-0.12305,1.8887,-0.53711,-0.33461,18
477,34,0,1.584,-0.13477,0,7
477,34,0,1.6016,-0.29102,0,12
477,34,0,1.6348,-0.3125,0,8
477,34,0,1.9648,-0.40234,0,11
477,34,-0.22656,1.8008,0.048828,0.33461,17
477,34,-0.17383,1.8418,0.10742,0.33461,37
477,34,-0.11914,1.8867,0.058594,0.33461,51
477,34,-0.060547,1.9277,-0.050781,0.33461,46
477,34,-0.099609,1.582,-0.10352,0.66921,23
477,34,-0.10156,1.6191,-0.11133,0.66921,45
477,34,-0.10352,1.6523,-0.17383,0.66921,40
477,34,-0.16016,1.6836,-0.1875,0.66921,18
477,34,-0.097656,1.5313,0.23242,1.0038,20
477,34,-0.099609,1.5801,0.12891,1.0038,70
477,34,-0.10156,1.623,0.019531,1.0038,119
477,34,-0.10352,1.6602,-0.054688,1.0038,97
477,34,-0.10547,1.6934,-0.13477,1.0038,37
477,34,-0.14453,1.5117,0.31836,1.3384,27
477,34,-0.099609,1.5684,0.23633,1.3384,83
477,34,-0.10156,1.6152,0.16602,1.3384,117
477,34,-0.15625,1.6543,0.095703,1.3384,80
477,34,-0.16016,1.6953,-0.011719,1.3384,26
477,34,-0.14453,1.5039,0.34766,1.673,11
477,34,-0.14844,1.5527,0.30664,1.673,32
477,34,-0.10156,1.6016,0.26563,1.673,41
477,34,-0.15625,1.6445,0.21094,1.673,23
477,34,0,1.918,-0.20313,-0.66921,14
477,34,0,1.8496,0.12305,-0.33461,29
477,34,0,1.8906,0.074219,-0.33461,43
477,34,0,1.9258,-0.10547,-0.33461,42
477,34,0.060547,1.9414,-0.30859,-0.33461,35
477,34,0.1875,1.9238,-0.5293,-0.33461,33
477,34,0.12695,1.9238,-0.67578,-0.33461,28
477,34,-0.75195,0.63672,1.7461,0,6
478,58,-0.10547,1.6797,-0.25977,0,23
478,58,-0.10938,1.707,-0.32031,0,33
478,58,-0.16602,1.7344,-0.35352,0,21
478,58,-0.16992,1.7559,-0.43164,0,9
478,58,-0.23633,1.8711,-0.14258,0,16
478,58,-0.24023,1.8965,-0.25586,0,22
478,58,-0.12305,1.9434,-0.28516,0,26
478,58,-0.1875,1.957,-0.39844,0,24
478,58,3.0859,1.2832,-0.6543,0,13
478,58,3.1191,1.3145,-0.62695,0,16
478,58,0,1.8066,-0.18555,0.33461,12
478,58,0,1.8477,-0.15039,0.33461,45
478,58,0,1.8809,-0.20508,0.33461,69
478,58,0,1.916,-0.22852,0.33461,57
478,58,-0.12305,1.9297,-0.36719,0.33461,40
478,58,-0.125,1.9727,-0.33984,0.33461,39
478,58,-0.19141,2,-0.36914,0.33461,28
478,58,3.1914,1.1406,-0.32422,0.33461,33
478,58,3.2285,1.1328,-0.39258,0.33461,39
478,58,-0.21289,1.6855,-0.11914,0.66921,62
478,58,-0.16406,1.7246,-0.17578,0.66921,120
478,58,-0.16602,1.7559,-0.2207,0.66921,94
478,58,-0.11328,1.7773,-0.35547,0.66921,29
478,58,0,1.8926,0.0058594,0.66921,24
478,58,0,1.9277,-0.064453,0.66921,22
478,58,-0.30273,1.752,-1.6445,0.66921,42
478,58,3.1914,1.1836,0.048828,0.66921,36
478,58,3.2285,1.1973,-0.048828,0.66921,47
478,58,3.3711,0.8418,-0.1875,0.66921,28
478,58,-0.21289,1.6797,-0.18555,1.0038,46
478,58,-0.16406,1.7266,-0.14063,1.0038,117
478,58,-0.16602,1.7637,-0.16016,1.0038,110
478,58,-0.16992,1.793,-0.23242,1.0038,39
478,58,3.2988,0.76758,0.35156,1.0038,15
478,58,3.3359,0.83398,0.18555,1.0038,22
478,58,3.2637,1.1875,0.24219,1.0038,14
478,58,-0.10352,1.6348,0.29297,1.3384,21
478,58,-0.10547,1.6777,0.26758,1.3384,47
478,58,-0.10938,1.7285,0.17578,1.3384,45
478,58,-0.16602,1.7695,-0.0078125,1.3384,28
478,58,-0.16992,1.8027,-0.14453,1.3384,13
478,58,-0.16016,1.6719,0.2832,1.673,26
478,58,-0.16406,1.7148,0.25,1.673,33
478,58,-0.16602,1.7559,0.23047,1.673,18
478,58,0.058594,1.7402,-0.63477,-0.66921,19
478,58,0.058594,1.7695,-0.66797,-0.66921,25
478,58,0.060547,1.8262,-0.61719,-0.66921,15
478,58,-0.10938,1.6934,-0.38672,-0.33461,14
478,58,0,1.7402,-0.51563,-0.33461,19
478,58,0.058594,1.7676,-0.55664,-0.33461,57
478,58,0.058594,1.8105,-0.54492,-0.33461,75
478,58,0.060547,1.8535,-0.5293,-0.33461,45
478,58,-2.3418,0.61914,2.3945,0,10
478,58,-2.4746,0,2.6738,0,11
478,58,-2.3418,0,3.2324,0.33461,22
478,58,-2.3672,0,3.2813,0.33461,25
478,58,-2.3418,0,-3.082,0.66921,21
478,58,-2.3672,0,-3.1133,0.66921,25
479,64,-0.22266,1.75,-0.22266,0,24
479,64,-0.16992,1.7734,-0.35547,0,41
479,64,-0.17383,1.7949,-0.42969,0,41
479,64,-0.17773,1.8359,-0.41992,0,40
479,64,-0.12109,1.9082,-0.25195,0,53
479,64,-0.12305,1.9414,-0.29883,0,49
479,64,-0.125,1.9805,-0.28906,0,31
479,64,-0.12695,2.0313,-0.16797,0,24
479,64,-0.23047,1.082,-2.1973,0,21
479,64,-0.23438,1.5488,-1.9434,0,25
479,64,3.3359,0.75781,-0.39258,0,13
479,64,3.2637,1.0039,-0.67773,0,19
479,64,3.2988,0.97656,-0.73828,0,12
479,64,-0.16406,1.7324,-0.027344,0.33461,31
479,64,-0.16602,1.7676,-0.10352,0.33461,141
479,64,-0.16992,1.8027,-0.14258,0.33461,245
479,64,-0.17383,1.8379,-0.16406,0.33461,205
479,64,-0.058594,1.8711,-0.26953,0.33461,148
479,64,-0.12109,1.9199,-0.16016,0.33461,148
479,64,-0.12305,1.957,-0.15625,0.33461,114
479,64,-0.1875,1.9883,-0.17383,0.33461,43
479,64,-0.23047,1.625,-1.832,0.33461,38
479,64,3.2285,1.1367,-0.37891,0.33461,23
479,64,3.2637,1.125,-0.44922,0.33461,34
479,64,3.1895,1.3379,-0.65234,0.33461,21
479,64,-0.2168,1.7227,0.125,0.66921,48
479,64,-0.16602,1.7695,0.011719,0.66921,228
479,64,-0.16992,1.8086,-0.033203,0.66921,396
479,64,-0.17383,1.8438,-0.070313,0.66921,306
479,64,-0.17773,1.8809,-0.09375,0.66921,117
479,64,-0.12109,1.9238,-0.064453,0.66921,57
479,64,-0.18359,1.959,-0.039063,0.66921,43
479,64,-1.1836,0.50781,-3.1934,0.66921,17
479,64,-1.3047,0,3.3301,0.66921,23
479,64,-1.3203,0,3.3398,0.66921,15
479,64,-0.2168,1.7051,0.26758,1.0038,26
479,64,-0.16602,1.7637,0.14258,1.0038,128
479,64,-0.16992,1.8066,0.091797,1.0038,225
479,64,-0.17383,1.8457,0.041016,1.0038,176
479,64,-0.17773,1.8828,-0.0058594,1.0038,55
479,64,-0.18164,1.918,0.12109,1.0038,10
479,64,-0.16602,1.75,0.26563,1.3384,19
479,64,-0.16992,1.7969,0.20313,1.3384,33
479,64,-0.17383,1.8359,0.18359,1.3384,25
479,64,0.056641,1.6211,-0.81445,-0.66921,13
479,64,0.058594,1.6934,-0.75195,-0.66921,36
479,64,0.058594,1.7363,-0.74805,-0.66921,45
479,64,0.060547,1.8145,-0.65234,-0.66921,33
479,64,0,1.8613,-0.63477,-0.66921,17
479,64,0,2.0137,-0.34766,-0.66921,26
479,64,0,2.0508,-0.34766,-0.66921,24
479,64,0.056641,1.7051,-0.62109,-0.33461,39
479,64,0.058594,1.7441,-0.62695,-0.33461,107
479,64,0.058594,1.7871,-0.61719,-0.33461,136
479,64,0,1.8535,-0.53711,-0.33461,101
479,64,0,1.9102,-0.46875,-0.33461,51
479,64,0,1.9629,-0.4082,-0.33461,23
479,64,-0.064453,2.0273,-0.24219,-0.33461,40
479,64,0,2.0703,-0.20313,-0.33461,35
479,64,0,2.1113,-0.17773,-0.33461,16
479,64,-1.1836,0.49609,3.1953,0,12
479,64,-1.1973,0.94922,3.127,0,17
479,64,-1.209,1.3887,2.998,0,11
479,64,-1.1836,0,3.4043,0.33461,23
480,43,-0.22656,1.8008,0.064453,0,12
480,43,-0.23242,1.8398,-0.0078125,0,13
480,43,0,1.8926,0,0,6
480,43,-0.42188,1.7578,-0.67383,0,15
480,43,-0.42969,1.8535,-0.50391,0,17
480,43,0.1875,1.9414,-0.4668,0,16
480,43,0,1.998,-0.42578,0,17
480,43,0,2.0566,-0.32031,0,21
480,43,0,2.0918,-0.33594,0,15
480,43,0,2.1426,-0.25,0,7
480,43,-0.22656,1.8008,0.0097656,0.33461,27
480,43,-0.23242,1.832,-0.16406,0.33461,34
480,43,-0.29492,1.8262,-0.39648,0.33461,27
480,43,-0.30078,1.8438,-0.48438,0.33461,29
480,43,-0.24609,1.8086,-0.73633,0.33461,21
480,43,0.25,1.9453,-0.41797,0.33461,18
480,43,-0.064453,2.041,-0.015625,0.33461,35
480,43,0,2.0762,-0.14258,0.33461,44
480,43,0,2.1094,-0.20703,0.33461,33
480,43,0,2.1406,-0.26563,0.33461,15
480,43,-0.36133,1.8652,-0.33789,0.66921,12
480,43,-0.064453,2.0391,0.10742,0.66921,18
480,43,-0.064453,2.0801,-0.021484,0.66921,22
480,43,0,2.1191,-0.033203,0.66921,16
480,43,-0.22656,1.7949,-0.1543,-0.66921,13
480,43,-0.23242,1.832,-0.17188,-0.66921,15
480,43,0.25,1.8047,-0.83594,-0.66921,16
480,43,-0.22266,1.7637,0.054688,-0.33461,15
480,43,-0.22656,1.8008,-0.03125,-0.33461,39
480,43,-0.23242,1.834,-0.12891,-0.33461,44
480,43,-0.29492,1.8574,-0.19922,-0.33461,22
480,43,0,1.9297,0,-0.33461,16
480,43,0.24609,1.8945,-0.47266,-0.33461,33
480,43,0.25,1.8496,-0.73047,-0.33461,44
480,43,0.25586,1.8809,-0.75391,-0.33461,27
480,43,3.2637,1.207,-0.10938,-0.33461,13
480,43,3.4082,0.86328,-0.12695,-0.33461,12
480,43,-0.65039,0.51953,-1.6992,0,4
480,43,0.24609,1.2773,1.4746,0,11
480,43,-0.56445,1.2012,-1.5039,0,10
480,43,-0.42969,1.1719,-1.5195,-0.33461,19
480,43,0,3.4766,-0.17383,-0.33461,9
480,43,0,3.5137,-0.18555,-0.33461,7
481,19,-0.22266,1.7598,0.125,0,10
481,19,-0.22656,1.8008,-0.0097656,0,30
481,19,-0.23242,1.8398,-0.011719,0,38
481,19,-0.17773,1.8828,-0.044922,0,22
481,19,-0.22266,1.7637,0.068359,0.33461,28
481,19,-0.22656,1.8008,0.066406,0.33461,84
481,19,-0.23242,1.8398,0.013672,0.33461,106
481,19,-0.23633,1.875,-0.085938,0.33461,62
481,19,-0.30078,1.8711,-0.35938,0.33461,19
481,19,-0.30664,1.918,-0.31641,0.33461,10
481,19,-0.2832,1.7852,0.17578,0.66921,31
481,19,-0.23242,1.8359,0.125,0.66921,40
481,19,-0.29492,1.8672,0.074219,0.66921,23
481,19,-0.22656,1.7617,-0.375,-0.66921,11
481,19,-0.23242,1.7617,-0.52734,-0.66921,13
481,19,-0.16602,1.7695,-0.070313,-0.33461,11
481,19,-0.16992,1.7969,-0.19727,-0.33461,34
481,19,-0.17383,1.8125,-0.3457,-0.33461,42
481,19,-0.17773,1.8047,-0.54102,-0.33461,24
482,10,-0.22656,1.7949,0.15234,0.33461,15
482,10,-0.23242,1.8398,-0.027344,0.33461,22
482,10,-0.23633,1.8574,-0.27148,0.33461,19
482,10,-0.24023,1.8926,-0.28516,0.33461,19
482,10,-0.24609,1.9258,-0.32227,0.33461,20
482,10,-0.22656,1.7969,-0.13086,-0.33461,16
482,10,-0.23242,1.8242,-0.22852,-0.33461,24
482,10,-0.23633,1.8145,-0.48047,-0.33461,20
482,10,-0.18164,1.8477,-0.52539,-0.33461,22
482,10,-0.24609,1.8906,-0.48828,-0.33461,23
483,13,-0.22656,1.7832,0.25586,0.33461,15
483,13,-0.23242,1.832,0.16602,0.33461,23
483,13,-0.23633,1.877,0.019531,0.33461,23
483,13,-0.24023,1.9141,-0.039063,0.33461,25
483,13,-0.18359,1.9551,-0.13477,0.33461,25
483,13,0,1.9766,-0.3418,0.33461,17
483,13,-0.17383,1.8223,-0.29883,-0.66921,11
483,13,-0.16992,1.8086,-0.0019531,-0.33461,21
483,13,-0.17383,1.8438,-0.080078,-0.33461,31
483,13,-0.17773,1.8789,-0.13086,-0.33461,30
483,13,-0.24023,1.9063,-0.16992,-0.33461,31
483,13,-0.18359,1.9336,-0.31641,-0.33461,32
483,13,-0.0625,1.9551,-0.44336,-0.33461,18
484,13,-0.16992,1.8086,-0.037109,0.33461,16
484,13,-0.11523,1.8418,-0.16797,0.33461,19
484,13,-0.18164,1.9219,-0.0019531,0.33461,32
484,13,-0.18359,1.957,-0.089844,0.33461,40
484,13,-0.1875,1.9961,-0.064453,0.33461,22
484,13,-0.18359,1.9551,0.12305,0.66921,13
484,13,-0.18164,1.8984,-0.29883,-0.66921,13
484,13,-0.18359,1.9043,-0.45703,-0.66921,15
484,13,-0.22656,1.791,-0.20313,-0.33461,19
484,13,-0.17383,1.8008,-0.4043,-0.33461,21
484,13,-0.18164,1.9063,-0.23242,-0.33461,38
484,13,-0.12305,1.9336,-0.33984,-0.33461,47
484,13,-0.1875,1.9473,-0.43945,-0.33461,25
514,4,-0.058594,1.8281,-0.30664,0.33461,16
514,4,0,1.875,-0.25195,0.33461,20
514,4,0,1.7832,-0.50586,-0.33461,14
514,4,0,1.8125,-0.53906,-0.33461,19
516,7,0,1.8906,-0.041016,0.33461,13
516,7,0,1.9277,-0.089844,0.33461,18
516,7,0,1.9629,-0.13086,0.33461,16
516,7,0.0625,1.9961,-0.18164,0.33461,13
516,7,0,1.8711,-0.2793,-0.33461,13
516,7,0,1.9004,-0.33594,-0.33461,17
516,7,0,1.9434,-0.30469,-0.33461,14
517,18,-0.17578,1.3867,-0.070313,0,12
517,18,-0.13477,1.4277,-0.097656,0,15
517,18,-0.13867,1.4648,-0.11133,0,10
517,18,-0.16992,1.3496,0.076172,0.33461,12
517,18,-0.17578,1.3887,0.050781,0.33461,32
517,18,-0.13477,1.4316,0.0078125,0.33461,45
517,18,-0.13867,1.4688,-0.056641,0.33461,30
517,18,-0.18164,1.918,-0.10547,0.33461,38
517,18,-0.12305,1.957,-0.16602,0.33461,35
517,18,0,2.002,-0.10156,0.33461,15
517,18,-0.17578,1.3867,0.066406,0.66921,12
517,18,-0.17969,1.4258,0.052734,0.66921,17
517,18,-0.17578,1.3809,-0.14648,-0.33461,12
517,18,-0.13477,1.4199,-0.17578,-0.33461,19
517,18,-0.18359,1.4473,-0.2168,-0.33461,12
517,18,-0.12109,1.9043,-0.29102,-0.33461,26
517,18,-0.060547,1.9199,-0.42188,-0.33461,24
517,18,0,1.9473,-0.48047,-0.33461,11
518,48,-0.087891,1.3945,-0.082031,0,40
518,48,-0.089844,1.4277,-0.14063,0,108
518,48,-0.091797,1.4609,-0.18945,0,132
518,48,-0.09375,1.4883,-0.25195,0,74
518,48,-0.14453,1.5117,-0.31641,0,17
518,48,0,1.7324,-0.66016,0,52
518,48,0,1.7637,-0.68555,0,67
518,48,0,1.8105,-0.66602,0,43
518,48,-0.20898,0.55664,-2.1523,0,17
518,48,-0.14258,2.248,-0.2832,0,15
518,48,-0.16992,1.3496,0.060547,0.33461,14
518,48,-0.13086,1.3945,0.0039063,0.33461,91
518,48,-0.089844,1.4336,-0.056641,0.33461,241
518,48,-0.091797,1.4688,-0.097656,0.33461,294
518,48,-0.09375,1.5039,-0.14648,0.33461,161
518,48,-0.14453,1.5293,-0.2207,0.33461,36
518,48,0,1.7793,-0.51953,0.33461,137
518,48,0,1.8125,-0.53906,0.33461,190
518,48,0,1.8516,-0.54688,0.33461,124
518,48,0,1.9297,-0.38477,0.33461,50
518,48,-0.13672,1.6348,-1.459,0.33461,21
518,48,-0.13867,1.6934,-1.4473,0.33461,36
518,48,-0.14258,1.3945,1.7852,0.33461,31
518,48,-0.12695,1.3457,0.16992,0.66921,15
518,48,-0.13086,1.3906,0.091797,0.66921,84
518,48,-0.089844,1.4336,0.037109,0.66921,214
518,48,-0.091797,1.4727,-0.0039063,0.66921,251
518,48,-0.14258,1.5059,-0.050781,0.66921,135
518,48,-0.14453,1.541,-0.11328,0.66921,30
518,48,0,1.8047,-0.42383,0.66921,53
518,48,0,1.8398,-0.4375,0.66921,74
518,48,0,1.8809,-0.43359,0.66921,48
518,48,-0.13867,1.4551,-1.6875,0.66921,30
518,48,-0.14258,0.39258,-2.2305,0.66921,26
518,48,-0.13086,1.3828,0.17383,1.0038,23
518,48,-0.13477,1.4258,0.13672,1.0038,53
518,48,-0.13867,1.4648,0.10352,1.0038,59
518,48,-0.14258,1.5059,0.070313,1.0038,31
518,48,0.058594,1.6621,-0.82031,-0.66921,17
518,48,0,1.6855,-0.85938,-0.66921,23
518,48,0,1.6973,-0.91797,-0.66921,16
518,48,-0.089844,1.4121,-0.25391,-0.33461,22
518,48,-0.046875,1.4473,-0.28711,-0.33461,26
518,48,-0.09375,1.4727,-0.33789,-0.33461,14
518,48,0,1.709,-0.7168,-0.33461,49
518,48,0,1.7383,-0.74609,-0.33461,70
518,48,0,1.7676,-0.77148,-0.33461,49
518,48,0,1.8477,-0.67773,-0.33461,21
519,35,-0.046875,1.4941,-0.23242,0,8
519,35,0,1.5215,-0.30469,0,9
519,35,-0.060547,1.9609,-0.14063,0,10
519,35,0,2,-0.14648,0,10
519,35,-0.12695,2.0273,-0.21094,0,15
519,35,-0.19531,2.0352,-0.39063,0,14
519,35,-0.23242,1.8301,-0.18945,0.33461,15
519,35,-0.23633,1.8535,-0.29688,0.33461,21
519,35,-0.24023,1.8984,-0.24023,0.33461,37
519,35,-0.12305,1.9531,-0.19922,0.33461,45
519,35,0,2.002,-0.12109,0.33461,38
519,35,0,2.0391,-0.13477,0.33461,37
519,35,-0.064453,2.0684,-0.21289,0.33461,28
519,35,0,1.5098,-0.095703,0.66921,12
519,35,-0.097656,1.5449,-0.10352,0.66921,18
519,35,-0.14844,1.5742,-0.1543,0.66921,15
519,35,-0.091797,1.4727,0.0039063,1.0038,22
519,35,-0.09375,1.5098,-0.0078125,1.0038,72
519,35,-0.097656,1.5469,-0.048828,1.0038,103
519,35,-0.099609,1.584,-0.091797,1.0038,74
519,35,-0.15234,1.6113,-0.16602,1.0038,25
519,35,-0.091797,1.4668,0.12891,1.3384,30
519,35,-0.09375,1.5078,0.080078,1.3384,97
519,35,-0.048828,1.5488,0.048828,1.3384,137
519,35,-0.099609,1.5859,-0.0039063,1.3384,91
519,35,-0.10156,1.6211,-0.080078,1.3384,26
519,35,-0.09375,1.502,0.16016,1.673,38
519,35,-0.097656,1.543,0.12305,1.673,53
519,35,-0.099609,1.584,0.09375,1.673,34
519,35,0,1.7383,-0.64453,-0.33461,16
519,35,-0.11914,1.6855,-0.84961,-0.33461,20
519,35,-0.24023,1.7617,-0.75,-0.33461,26
519,35,-0.18359,1.834,-0.68945,-0.33461,29
519,35,0,1.9297,-0.54492,-0.33461,22
519,35,0.064453,1.9766,-0.51172,-0.33461,14
520,64,-0.10156,1.584,-0.35352,0,15
520,64,-0.10352,1.6016,-0.44531,0,23
520,64,-0.052734,1.6191,-0.52344,0,18
520,64,0,1.791,-0.47461,0,22
520,64,0,1.8398,-0.44141,0,31
520,64,0,1.877,-0.44922,0,27
520,64,0.060547,1.8984,-0.51172,0,17
520,64,0,1.9629,-0.41016,0,23
520,64,0,2,-0.41797,0,19
520,64,3.1914,1.0723,-0.50391,0,15
520,64,3.2285,0.89844,-0.79297,0,12
520,64,0.058594,1.7949,-0.46289,0.33461,33
520,64,-0.18164,1.916,-0.13281,0.33461,49
520,64,-0.18359,1.9063,-0.45313,0.33461,28
520,64,-0.2207,1.6387,-1.6641,0.33461,30
520,64,-0.22266,1.6699,-1.6855,0.33461,51
520,64,3.1563,1.1563,-0.18359,0.33461,22
520,64,3.1914,1.1445,-0.30859,0.33461,37
520,64,3.3359,0.73047,-0.44141,0.33461,30
520,64,-0.10156,1.6172,-0.14258,0.66921,37
520,64,-0.10352,1.6484,-0.20117,0.66921,70
520,64,-0.16016,1.6777,-0.24023,0.66921,59
520,64,-0.16406,1.709,-0.28516,0.66921,25
520,64,-0.2207,1.7559,-1.5391,0.66921,54
520,64,-0.22266,1.8223,-1.5215,0.66921,96
520,64,-0.22656,1.8398,-1.5566,0.66921,79
520,64,3.1563,1.168,0.10156,0.66921,23
520,64,3.2988,0.83984,-0.080078,0.66921,38
520,64,3.3359,0.83398,-0.18359,0.66921,30
520,64,-0.14844,1.582,0.023438,1.0038,28
520,64,-0.10156,1.623,-0.054688,1.0038,128
520,64,-0.10352,1.6582,-0.095703,1.0038,232
520,64,-0.10547,1.6934,-0.13477,1.0038,188
520,64,-0.10938,1.7285,-0.17969,1.0038,68
520,64,-0.2207,1.9043,-1.3516,1.0038,33
520,64,-0.22266,1.9941,-1.2852,1.0038,63
520,64,-0.22656,1.9434,-1.4258,1.0038,56
520,64,-0.23047,0.70117,2.3457,1.0038,24
520,64,3.1914,1.1758,0.14648,1.0038,14
520,64,-0.14844,1.5742,0.14844,1.3384,43
520,64,-0.15234,1.6172,0.087891,1.3384,184
520,64,-0.15625,1.6563,0.046875,1.3384,304
520,64,-0.10547,1.6992,-0.0078125,1.3384,227
520,64,-0.16406,1.7324,-0.060547,1.3384,72
520,64,-0.19922,1.5449,0.31055,1.673,25
520,64,-0.15234,1.6055,0.21094,1.673,105
520,64,-0.15625,1.6484,0.16406,1.673,167
520,64,-0.16016,1.6914,0.12109,1.673,116
520,64,-0.16406,1.7324,0.050781,1.673,32
520,64,-0.20898,1.6348,0.23047,2.0076,12
520,64,0.058594,1.6875,-0.76563,-0.66921,24
520,64,0.058594,1.7207,-0.7832,-0.66921,28
520,64,0.060547,1.8066,-0.67578,-0.66921,17
520,64,0.18359,1.8906,-0.50977,-0.66921,13
520,64,0.25,1.8828,-0.64063,-0.66921,17
520,64,0,1.5449,-0.61719,-0.33461,11
520,64,0.056641,1.6934,-0.65234,-0.33461,25
520,64,0.058594,1.7344,-0.6543,-0.33461,69
520,64,0.11914,1.7715,-0.65234,-0.33461,80
520,64,0.12109,1.8477,-0.54492,-0.33461,48
520,64,0.18359,1.9316,-0.32813,-0.33461,37
520,64,0.25,1.9199,-0.51953,-0.33461,48
520,64,0.25586,1.9199,-0.65039,-0.33461,43
520,64,0.19531,1.9473,-0.70508,-0.33461,21
521,58,-0.10938,1.6934,-0.38672,0,14
521,58,-0.11133,1.7344,-0.37305,0,20
521,58,0,1.7461,-0.5,0,10
521,58,3.1563,1.0938,-0.42188,0,9
521,58,3.1914,1.0273,-0.5918,0,37
521,58,3.1191,1.248,-0.74805,0,61
521,58,3.1543,1.209,-0.83789,0,44
521,58,3.1895,0.96094,-1.1348,0,13
521,58,0,1.7227,-0.68359,0.33461,8
521,58,0,1.8438,-0.42578,0.33461,20
521,58,0,1.8809,-0.42969,0.33461,17
521,58,0,2.0059,0,0.33461,13
521,58,0.064453,2.0273,-0.24414,0.33461,17
521,58,3.0508,1.4082,-0.20898,0.33461,15
521,58,3.0859,1.3887,-0.37891,0.33461,68
521,58,3.2285,1.1016,-0.47266,0.33461,113
521,58,3.2637,1.0625,-0.58203,0.33461,83
521,58,3.2988,0.93555,-0.78906,0.33461,25
521,58,-0.16406,1.7324,-0.042969,0.66921,32
521,58,-0.11133,1.7734,-0.050781,0.66921,60
521,58,-0.16992,1.8066,-0.076172,0.66921,49
521,58,-0.23242,1.8398,-0.019531,0.66921,12
521,58,3.1914,1.1836,-0.070313,0.66921,41
521,58,3.1191,1.4375,-0.22852,0.66921,69
521,58,3.1543,1.4277,-0.35547,0.66921,51
521,58,3.1895,1.3633,-0.5957,0.66921,16
521,58,-0.16016,1.6875,0.16211,1.0038,15
521,58,-0.16406,1.7305,0.10352,1.0038,88
521,58,-0.16602,1.7695,0.046875,1.0038,167
521,58,-0.16992,1.8086,-0.0019531,1.0038,138
521,58,-0.17383,1.8438,-0.080078,1.0038,44
521,58,-0.21289,1.6758,0.20703,1.3384,13
521,58,-0.16406,1.7227,0.19141,1.3384,71
521,58,-0.16602,1.7637,0.15039,1.3384,130
521,58,-0.16992,1.8047,0.10547,1.3384,103
521,58,-0.17383,1.8457,0.039063,1.3384,33
521,58,-0.22266,1.7539,0.18945,1.673,17
521,58,-0.22656,1.7969,0.12109,1.673,13
521,58,0.11914,1.7383,-0.73828,-0.33461,18
521,58,0.12109,1.7402,-0.82422,-0.33461,18
521,58,0.25,1.9141,-0.54492,-0.33461,16
521,58,0.25586,1.9004,-0.70703,-0.33461,20
521,58,-2.4199,0,3.0801,0,7
521,58,-2.3418,0,2.8926,0,27
521,58,-2.3672,0,2.7285,0,41
521,58,-2.3926,0,2.6816,0,27
521,58,-1.0996,1.1426,3.1406,0,8
521,58,-2.4199,0,2.998,0.33461,13
521,58,-2.3418,0,3.0371,0.33461,51
521,58,-2.3672,0,2.9707,0.33461,78
521,58,-2.3926,0,2.8672,0.33461,52
521,58,-2.5293,0,2.4922,0.33461,14
521,58,-2.3418,0,3.1973,0.66921,31
521,58,-2.3672,0,3.1738,0.66921,47
521,58,-2.3926,0,3.0996,0.66921,32
521,58,3.4082,0.71875,-0.49609,0.66921,16
521,58,-0.50195,1.2285,1.5039,-0.33461,9
521,58,-0.44727,0.83594,1.8105,-0.33461,12
522,50,-0.22266,1.7617,-0.10938,0,25
522,50,-0.16992,1.7988,-0.1875,0,54
522,50,-0.17383,1.8281,-0.24805,0,54
522,50,-0.11914,1.873,-0.24414,0,33
522,50,0.060547,1.8926,-0.375,0,12
522,50,0.060547,1.9355,-0.34961,0,11
522,50,-0.083984,2.668,0.29492,0,10
522,50,-0.085938,2.7129,0.23242,0,12
522,50,3.1191,1.125,-0.92188,0,13
522,50,3.1543,1.2637,-0.75391,0,17
522,50,3.0781,1.4277,-0.92773,0,10
522,50,-0.16602,1.7695,-0.027344,0.33461,50
522,50,-0.22656,1.8008,-0.054688,0.33461,99
522,50,-0.28906,1.8262,-0.13477,0.33461,77
522,50,-0.29492,1.8145,-0.44336,0.33461,30
522,50,0.060547,1.918,-0.21094,0.33461,26
522,50,0.18359,1.9258,-0.36133,0.33461,23
522,50,0.1875,1.9824,-0.23633,0.33461,23
522,50,0,2.6543,0.41797,0.33461,18
522,50,-0.16992,2.6934,0.37305,0.33461,22
522,50,3.0117,1.5801,-0.5293,0.33461,24
522,50,3.1543,1.373,-0.5293,0.33461,33
522,50,3.0781,1.5723,-0.6543,0.33461,19
522,50,-0.22266,1.7617,0.10547,0.66921,21
522,50,-0.22656,1.8008,0.037109,0.66921,39
522,50,-0.23242,1.8398,0.0097656,0.66921,38
522,50,-0.17773,1.8828,0.044922,0.66921,34
522,50,0,1.9297,-0.0058594,0.66921,13
522,50,3.0449,1.6484,-0.34961,0.66921,14
522,50,-0.23242,1.8184,0.27148,1.0038,12
522,50,0.058594,1.7969,-0.45313,-0.66921,11
522,50,0.11914,1.7988,-0.57422,-0.66921,17
522,50,0.18164,1.7832,-0.71484,-0.66921,15
522,50,0.24609,1.8418,-0.64453,-0.66921,14
522,50,0.1875,1.9219,-0.53906,-0.66921,12
522,50,-0.11328,1.8086,-0.125,-0.33461,22
522,50,0.058594,1.8066,-0.41211,-0.33461,38
522,50,0.058594,1.8301,-0.47461,-0.33461,52
522,50,0.12109,1.8496,-0.53516,-0.33461,44
522,50,0.18359,1.8906,-0.51367,-0.33461,40
522,50,0.25,1.9258,-0.50195,-0.33461,37
522,50,0.25586,1.9395,-0.5918,-0.33461,23
522,50,-2.4746,0,2.8301,0,10
522,50,-2.502,0,2.6797,0,12
522,50,-2.5293,0,2.5469,0,7
522,50,0.17773,1.875,0.16797,0.33461,26
522,50,-2.4746,0,3.1738,0.33461,21
522,50,-2.502,0,2.9766,0.33461,27
522,50,-2.5293,0,2.9355,0.33461,15
522,50,-2.502,0,3.2832,0.66921,13
523,23,-0.23633,1.8672,-0.19922,0,14
523,23,-0.24023,1.8848,-0.33594,0,16
523,23,-0.18359,1.9258,-0.35742,0,13
523,23,-0.22656,1.8008,0.068359,0.33461,19
523,23,-0.23242,1.8379,0.056641,0.33461,35
523,23,-0.29492,1.8691,0.033203,0.33461,37
523,23,-0.36133,1.873,-0.28516,0.33461,33
523,23,-0.42969,1.8125,-0.63281,0.33461,23
523,23,0.1875,1.9648,-0.35742,0.33461,22
523,23,0.12695,1.9668,-0.53516,0.33461,18
523,23,-0.29492,1.8652,0.11523,0.66921,13
523,23,-0.16992,1.8066,-0.087891,-0.33461,12
523,23,-0.17383,1.8418,-0.12891,-0.33461,22
523,23,-0.35547,1.8281,0.33594,-0.33461,15
523,23,0.18164,1.9082,-0.2168,-0.33461,18
523,23,0.18359,1.9238,-0.36914,-0.33461,29
523,23,0.1875,1.8848,-0.65625,-0.33461,30
523,23,0.19141,1.8555,-0.83203,-0.33461,24
523,23,0.25977,1.8242,-0.9668,-0.33461,12
523,23,0.18359,1.9297,0.33984,0.33461,21
523,23,-0.50195,1.0977,-1.6016,0.33461,14
523,23,0.058594,1.8789,-0.2207,-0.33461,14
523,23,-0.48242,0.92188,-1.625,-0.33461,12
524,18,-0.16992,1.8086,0.03125,0.33461,28
524,18,-0.11523,1.8477,-0.089844,0.33461,58
524,18,-0.11914,1.8828,-0.14258,0.33461,58
524,18,-0.18164,1.9199,-0.044922,0.33461,36
524,18,-0.18359,1.9551,-0.10547,0.33461,31
524,18,-0.1875,1.9863,-0.20508,0.33461,15
524,18,-0.11523,1.8496,0.054688,0.66921,19
524,18,-0.17773,1.8828,0.015625,0.66921,19
524,18,-0.24023,1.9102,0.11328,0.66921,12
524,18,-0.24609,1.9512,0.068359,0.66921,11
524,18,0,1.7715,-0.54688,-0.66921,15
524,18,0,1.8164,-0.52539,-0.66921,15
524,18,-0.11328,1.7949,-0.25391,-0.33461,23
524,18,-0.11523,1.8184,-0.34375,-0.33461,48
524,18,0,1.8379,-0.44531,-0.33461,49
524,18,-0.18164,1.8965,-0.30469,-0.33461,29
524,18,-0.18359,1.9199,-0.38281,-0.33461,24
524,18,-0.0625,1.9238,-0.56055,-0.33461,13
525,4,0,1.7637,-0.68359,0.33461,18
525,4,0.060547,1.8301,-0.60938,0.33461,14
525,4,0.058594,1.6484,-0.92773,-0.33461,19
525,4,0,1.7422,-0.83008,-0.33461,14
526,10,-0.16992,1.8086,0.027344,0.33461,15
526,10,-0.11523,1.8457,-0.12695,0.33461,33
526,10,-0.058594,1.873,-0.25586,0.33461,34
526,10,0,1.8359,-0.59375,0.33461,16
526,10,-0.17383,1.8438,0.091797,0.66921,11
526,10,-0.11914,1.8789,-0.17773,0.66921,11
526,10,-0.16992,1.7949,-0.22461,-0.33461,15
526,10,-0.058594,1.8281,-0.30469,-0.33461,35
526,10,0,1.832,-0.46875,-0.33461,35
526,10,0,1.7383,-0.83789,-0.33461,15
566,20,0,1.3613,0.021484,0,12
566,20,0,1.4004,-0.0039063,0,35
566,20,0,1.4375,-0.048828,0,51
566,20,0,1.4727,-0.095703,0,38
566,20,0,1.5059,-0.1582,0,14
566,20,-0.042969,1.3555,0.13281,0.33461,23
566,20,0,1.3984,0.076172,0.33461,68
566,20,0,1.4375,0.029297,0.33461,101
566,20,-0.046875,1.4746,-0.015625,0.33461,79
566,20,0,1.5117,-0.072266,0.33461,31
566,20,0,1.3477,0.20117,0.66921,11
566,20,-0.042969,1.3906,0.1582,0.66921,32
566,20,-0.044922,1.4336,0.10547,0.66921,46
566,20,-0.046875,1.4727,0.072266,0.66921,33
566,20,-0.046875,1.5098,0.087891,0.66921,13
566,20,-0.044922,1.4219,-0.20117,-0.33461,12
566,20,0,1.4453,-0.29883,-0.33461,12
566,20,0.11914,1.8203,-0.50195,-0.33461,24
566,20,0.060547,1.8574,-0.51758,-0.33461,29
566,20,0.060547,1.9238,-0.40625,-0.33461,14
567,40,0,1.4531,-0.25977,0,8
567,40,0,1.4766,-0.33398,0,17
567,40,0,1.5176,-0.31641,0,19
567,40,0,1.5391,-0.39648,0,8
567,40,0,1.5059,-0.14844,0.33461,20
567,40,0,1.5352,-0.22266,0.33461,20
567,40,0,1.8145,-0.375,0.33461,39
567,40,0,1.8457,-0.41797,0.33461,84
567,40,0.060547,1.8633,-0.5,0.33461,72
567,40,-0.044922,1.4375,-0.013672,0.66921,30
567,40,-0.046875,1.4746,-0.056641,0.66921,156
567,40,-0.046875,1.5098,-0.091797,0.66921,312
567,40,0,1.5449,-0.13477,0.66921,280
567,40,0,1.5781,-0.17773,0.66921,112
567,40,0,1.7539,-1.4414,0.66921,24
567,40,0,1.8125,-1.4277,0.66921,25
567,40,0,3.2656,-0.82031,0.66921,19
567,40,0,3.2344,-1.0645,0.66921,14
567,40,-0.044922,1.4336,0.087891,1.0038,52
567,40,-0.046875,1.4746,0.033203,1.0038,271
567,40,-0.046875,1.5117,0.0019531,1.0038,528
567,40,-0.048828,1.5508,-0.029297,1.0038,461
567,40,-0.048828,1.5859,-0.074219,1.0038,178
567,40,0,1.6172,-0.18359,1.0038,25
567,40,-0.070313,1.9297,-1.1934,1.0038,20
567,40,0,3.3086,-0.62891,1.0038,23
567,40,0,3.2969,-0.85156,1.0038,19
567,40,-0.044922,1.4219,0.20508,1.3384,28
567,40,-0.046875,1.4688,0.12891,1.3384,140
567,40,-0.046875,1.5098,0.09375,1.3384,272
567,40,-0.048828,1.5488,0.064453,1.3384,239
567,40,-0.048828,1.5879,0.021484,1.3384,91
567,40,0,1.4902,0.25977,1.673,10
567,40,0,1.7559,-0.5918,-0.66921,13
567,40,0,1.7813,-0.63867,-0.66921,29
567,40,0,1.7598,-0.78906,-0.66921,24
567,40,0,1.793,-0.4707,-0.33461,40
567,40,0,1.8223,-0.50781,-0.33461,84
567,40,0,1.8105,-0.66602,-0.33461,70
567,40,3.1563,1.082,0.44922,0.66921,10
568,62,0,1.5234,-0.45117,0,17
568,62,0,1.5645,-0.44727,0,32
568,62,0,1.584,-0.51172,0,25
568,62,0,1.5938,-0.59961,0,9
568,62,0.11914,1.8359,-0.4375,0,26
568,62,0.060547,1.9668,0,0,24
568,62,0.0625,1.9902,-0.24023,0,36
568,62,0.064453,2.0137,-0.34375,0,24
568,62,3.2988,0.74023,-0.40625,0,11
568,62,3.3359,0.68945,-0.50391,0,10
568,62,0,1.8379,-0.24414,0.33461,47
568,62,0.058594,1.875,-0.23633,0.33461,91
568,62,0,1.9141,-0.25195,0.33461,77
568,62,-0.18359,1.8906,-0.51367,0.33461,34
568,62,0.3125,1.9707,-0.20508,0.33461,31
568,62,-3.4043,0,-0.21484,0.33461,23
568,62,-3.4434,0,-0.30469,0.33461,21
568,62,-0.048828,1.5742,-0.2168,0.66921,25
568,62,0,1.6113,-0.23047,0.66921,48
568,62,0,1.6406,-0.2793,0.66921,40
568,62,0,1.6602,-0.375,0.66921,13
568,62,0,1.8867,-0.14648,0.66921,31
568,62,-0.14648,1.8418,-1.4453,0.66921,32
568,62,-0.14844,1.9375,-1.3809,0.66921,34
568,62,3.1914,1.1758,0.14063,0.66921,17
568,62,3.3359,0.84961,-0.082031,0.66921,16
568,62,-0.048828,1.5488,-0.078125,1.0038,21
568,62,-0.048828,1.5859,-0.099609,1.0038,118
568,62,-0.050781,1.6211,-0.125,1.0038,241
568,62,-0.052734,1.6563,-0.1582,1.0038,214
568,62,0,1.6895,-0.21484,1.0038,79
568,62,-0.14453,1.5449,0.0078125,1.3384,20
568,62,-0.048828,1.5879,-0.011719,1.3384,132
568,62,-0.050781,1.625,-0.019531,1.3384,287
568,62,-0.052734,1.6641,-0.044922,1.3384,268
568,62,-0.052734,1.6992,-0.085938,1.3384,111
568,62,0,1.7285,-0.20313,1.3384,15
568,62,-0.048828,1.5781,0.17383,1.673,51
568,62,-0.050781,1.6211,0.11914,1.673,119
568,62,-0.052734,1.6621,0.087891,1.673,120
568,62,-0.052734,1.7012,0.048828,1.673,54
568,62,-0.14844,1.5352,0.37891,2.0076,16
568,62,-0.10156,1.5977,0.29297,2.0076,28
568,62,-0.10352,1.6367,0.2832,2.0076,23
568,62,0.058594,1.7539,-0.59766,-0.66921,25
568,62,0.058594,1.7852,-0.62109,-0.66921,45
568,62,0.060547,1.7988,-0.69727,-0.66921,31
568,62,0.24609,1.9473,-0.12695,-0.66921,12
568,62,0.25,1.9375,-0.45313,-0.66921,29
568,62,0.25586,1.9414,-0.58008,-0.66921,20
568,62,0,1.5352,-0.53711,-0.33461,14
568,62,0,1.543,-0.62305,-0.33461,11
568,62,0.058594,1.7871,-0.49219,-0.33461,72
568,62,0.058594,1.8203,-0.51367,-0.33461,131
568,62,0.060547,1.8379,-0.58203,-0.33461,90
568,62,0.30664,1.9434,-0.042969,-0.33461,34
568,62,0.25,1.959,-0.34961,-0.33461,83
568,62,0.25586,1.9824,-0.41992,-0.33461,56
568,62,0.25977,2,-0.51367,-0.33461,20
568,62,-0.375,0.89453,1.7539,0.33461,30
568,62,-2.2344,0,-3.3027,0.33461,12
568,62,0.92383,0,1.6445,1.3384,8
569,64,-0.17773,1.873,-0.19336,0,14
569,64,-0.18164,1.8965,-0.30078,0,23
569,64,-0.18359,1.9258,-0.35352,0,23
569,64,-0.0625,1.9883,-0.25195,0,19
569,64,-0.22266,1.5273,-1.8164,0,19
569,64,-0.22656,1.8574,-1.5371,0,26
569,64,3.0859,1.3145,-0.58789,0,14
569,64,3.2285,1,-0.66016,0,27
569,64,3.2637,0.96484,-0.73242,0,24
569,64,3.2988,0.92578,-0.80078,0,9
569,64,0,1.8496,-0.11328,0.33461,33
569,64,0,1.8848,-0.16992,0.33461,66
569,64,0,1.9199,-0.19141,0.33461,73
569,64,0.060547,1.9629,-0.12695,0.33461,55
569,64,0.1875,1.9961,-0.066406,0.33461,48
569,64,0.19141,2.0117,-0.30273,0.33461,42
569,64,-0.22266,1.5879,-1.7637,0.33461,35
569,64,-0.22656,1.8613,-1.5313,0.33461,48
569,64,3.2988,0.80859,-0.24219,0.33461,28
569,64,3.3359,0.78125,-0.3457,0.33461,55
569,64,3.2637,1.1172,-0.4668,0.33461,50
569,64,3.2988,1.0566,-0.61914,0.33461,21
569,64,-0.10547,1.6953,-0.11719,0.66921,24
569,64,-0.10938,1.7305,-0.1543,0.66921,43
569,64,-0.11133,1.7637,-0.19531,0.66921,36
569,64,-0.11328,1.8066,-0.1543,0.66921,15
569,64,0,1.8926,-0.015625,0.66921,24
569,64,-0.060547,1.9277,-0.044922,0.66921,28
569,64,3.2988,0.8418,0.078125,0.66921,19
569,64,3.3359,0.84766,-0.10742,0.66921,39
569,64,3.3711,0.83984,-0.19727,0.66921,38
569,64,3.2988,1.166,-0.37305,0.66921,16
569,64,-0.10547,1.6992,-0.033203,1.0038,53
569,64,-0.10938,1.7363,-0.041016,1.0038,99
569,64,-0.11133,1.7734,-0.064453,1.0038,90
569,64,-0.11328,1.8105,-0.099609,1.0038,40
569,64,0,2.5293,0.64453,1.0038,20
569,64,-0.082031,2.5723,0.62305,1.0038,24
569,64,-0.16016,1.6934,0.074219,1.3384,33
569,64,-0.10938,1.7363,0.064453,1.3384,66
569,64,-0.11133,1.7734,0.044922,1.3384,64
569,64,-0.16992,1.8086,0.0097656,1.3384,30
569,64,0.058594,1.748,-0.61328,-0.66921,13
569,64,0,1.7813,-0.63672,-0.66921,18
569,64,0.12109,1.8262,-0.61328,-0.66921,14
569,64,0.12305,1.916,-0.42969,-0.66921,14
569,64,0.1875,1.9102,-0.57813,-0.66921,23
569,64,0.19141,1.9512,-0.57422,-0.66921,24
569,64,0.13086,2.0117,-0.51367,-0.66921,16
569,64,0.058594,1.8008,-0.43359,-0.33461,39
569,64,0.058594,1.8242,-0.49414,-0.33461,55
569,64,0.12109,1.873,-0.44727,-0.33461,40
569,64,0.18359,1.9355,-0.30273,-0.33461,40
569,64,0.1875,1.9453,-0.44727,-0.33461,65
569,64,0.19141,1.9512,-0.57422,-0.33461,64
569,64,0.19531,1.9883,-0.58398,-0.33461,34
569,64,-2.2344,0,2.6523,0,8
569,64,-2.3672,0,2.9453,0,14
569,64,-0.060547,1.9473,-0.26758,0.33461,55
569,64,-2.3418,0,3.3066,0.33461,17
569,64,-2.2598,0,3.1855,0.33461,30
569,64,-2.3926,0,3.1855,0.33461,26
569,64,-2.3418,0,-3.2305,0.66921,11
569,64,-2.3672,0,-3.3926,0.66921,21
570,54,-0.2168,1.7227,-0.125,0,17
570,54,-0.16602,1.7559,-0.22266,0,86
570,54,-0.11328,1.791,-0.27734,0,162
570,54,-0.11523,1.8223,-0.32031,0,136
570,54,-0.058594,1.8535,-0.37109,0,55
570,54,0,1.9141,-0.24023,0,27
570,54,0,1.9609,-0.16602,0,26
570,54,-0.125,1.9922,-0.19336,0,18
570,54,-0.12695,2.0332,-0.15039,0,16
570,54,3.1191,1.0254,-1.0332,0,9
570,54,3.1543,0.96094,-1.1133,0,15
570,54,3.4082,0,-0.90625,0,11
570,54,-0.16406,1.7324,-0.039063,0.33461,33
570,54,-0.16602,1.7676,-0.10938,0.33461,163
570,54,-0.16992,1.8008,-0.1582,0.33461,303
570,54,-0.17383,1.8301,-0.23242,0.33461,227
570,54,-0.17773,1.8203,-0.48438,0.33461,69
570,54,0.12109,1.8848,-0.39648,0.33461,45
570,54,-0.12305,1.9434,-0.27344,0.33461,45
570,54,-0.1875,1.9668,-0.33789,0.33461,34
570,54,3.2285,0.99414,-0.66992,0.33461,17
570,54,3.2637,1.0176,-0.6582,0.33461,28
570,54,3.2988,1.0469,-0.63281,0.33461,20
570,54,-0.2168,1.7246,0.083984,0.66921,23
570,54,-0.16602,1.7695,-0.011719,0.66921,116
570,54,-0.16992,1.8066,-0.054688,0.66921,216
570,54,-0.17383,1.8418,-0.11719,0.66921,169
570,54,-0.17773,1.8691,-0.22461,0.66921,58
570,54,0,1.9102,-0.26758,0.66921,22
570,54,-0.18359,1.9492,-0.18555,0.66921,20
570,54,-0.16602,1.7695,0.072266,1.0038,19
570,54,-0.16992,1.8066,0.039063,1.0038,34
570,54,-0.17383,1.8457,-0.0097656,1.0038,29
570,54,-0.17773,1.8828,-0.03125,1.0038,13
570,54,0.11523,1.7266,-0.66797,-0.66921,23
570,54,0.11914,1.7891,-0.60547,-0.66921,37
570,54,0.12109,1.8203,-0.62891,-0.66921,27
570,54,-0.12695,2.0117,-0.33594,-0.66921,14
570,54,0,2.0488,-0.36133,-0.66921,12
570,54,-0.16602,1.7402,-0.32227,-0.33461,15
570,54,-0.056641,1.7656,-0.41797,-0.33461,37
570,54,0.058594,1.7793,-0.51367,-0.33461,80
570,54,0.11914,1.8145,-0.51953,-0.33461,111
570,54,0.12109,1.8516,-0.52734,-0.33461,76
570,54,0.18359,1.8789,-0.55664,-0.33461,26
570,54,-0.19141,2.0332,-0.080078,-0.33461,27
570,54,-0.13086,2.0684,-0.18555,-0.33461,23
570,54,-2.4746,0,2.4082,0,6
570,54,-2.502,0,2.4707,0,9
570,54,-2.5293,0,2.6133,0,6
570,54,-2.3672,0,2.6602,0.33461,12
570,54,-2.3926,0,2.7422,0.33461,18
570,54,-2.5293,0,2.8594,0.33461,12
570,54,-0.49219,0.79297,1.7324,-0.33461,15
571,31,-0.17773,1.8809,-0.087891,0,12
571,31,-0.060547,1.916,-0.21875,0,16
571,31,0.060547,1.9375,-0.33594,0,22
571,31,0.125,1.9531,-0.4375,0,25
571,31,0.12695,1.9688,-0.53125,0,19
571,31,0.058594,1.8301,-0.29102,0.33461,32
571,31,0.058594,1.8574,-0.35352,0.33461,46
571,31,0,1.9043,-0.30859,0.33461,42
571,31,-0.36914,1.8477,-0.56641,0.33461,37
571,31,0.3125,1.916,-0.5,0.33461,39
571,31,0.25586,1.9531,-0.54102,0.33461,31
571,31,0,1.8652,-0.3125,0.66921,15
571,31,0,1.7754,-0.53516,-0.66921,12
571,31,0.058594,1.752,-0.70898,-0.66921,18
571,31,0.18164,1.8086,-0.65039,-0.66921,18
571,31,0.24609,1.8418,-0.64844,-0.66921,21
571,31,0.25,1.8359,-0.76563,-0.66921,27
571,31,0.19141,1.8457,-0.85352,-0.66921,22
571,31,0,1.8008,-0.24023,-0.33461,12
571,31,0.058594,1.8027,-0.42578,-0.33461,37
571,31,0.058594,1.8066,-0.55859,-0.33461,55
571,31,0.12109,1.8359,-0.58008,-0.33461,53
571,31,0.24609,1.8867,-0.50391,-0.33461,62
571,31,0.3125,1.8828,-0.61523,-0.33461,78
571,31,0.25586,1.8984,-0.71094,-0.33461,63
571,31,0.25977,1.9219,-0.75586,-0.33461,31
571,31,0.30664,1.9395,-0.11133,0.33461,34
571,31,-0.375,1.7598,0.88477,0.33461,27
571,31,-0.38281,1.8496,0.77734,0.33461,16
571,31,-0.36914,0.91602,1.7012,-0.66921,11
571,31,-0.42969,0.69141,1.791,-0.33461,32
572,11,0,1.8145,-0.375,0.33461,17
572,11,0,1.8516,-0.38867,0.33461,32
572,11,0,1.8711,-0.4707,0.33461,28
572,11,-0.12305,1.668,-1.0352,0.33461,11
572,11,0.25,1.9688,-0.28516,0.33461,16
572,11,0.19141,2.0059,-0.33984,0.33461,15
572,11,0.058594,1.7598,-0.57813,-0.33461,18
572,11,0.058594,1.791,-0.60547,-0.33461,33
572,11,0.060547,1.7949,-0.70508,-0.33461,30
572,11,0.3125,1.9004,-0.55859,-0.33461,19
572,11,0.25586,1.9414,-0.58008,-0.33461,18
573,10,0,1.8145,-0.37695,0.33461,22
573,10,0.058594,1.8398,-0.43945,0.33461,37
573,10,0,1.8281,-0.61914,0.33461,23
573,10,0,2.0039,-0.046875,0.33461,12
573,10,0,1.8613,-0.33398,0.66921,12
573,10,0.058594,1.7031,-0.82227,-0.66921,13
573,10,0,1.7402,-0.64063,-0.33461,24
573,10,0.058594,1.7676,-0.67383,-0.33461,40
573,10,0.12109,1.7539,-0.79492,-0.33461,26
573,10,0,1.9727,-0.35938,-0.33461,14
613,3,0,1.9258,-0.11133,0.33461,11
613,3,0.060547,1.9063,-0.28906,-0.33461,13
613,3,0.060547,1.9434,-0.29883,-0.33461,11
614,2,0,1.9297,0.050781,0.33461,12
614,2,0,1.9297,-0.050781,-0.33461,12
616,21,0,1.4004,-0.03125,0,18
616,21,0,1.4355,-0.072266,0,25
616,21,0,1.4707,-0.12305,0,17
616,21,0,1.3535,0.16016,0.33461,15
616,21,0,1.3984,0.060547,0.33461,44
616,21,0,1.4375,0.019531,0.33461,64
616,21,0,1.4746,-0.046875,0.33461,45
616,21,0,1.5098,-0.10742,0.33461,13
616,21,0,1.9258,0.11523,0.33461,26
616,21,0,1.9668,0.041016,0.33461,23
616,21,0.0625,2.0039,-0.0039063,0.33461,13
616,21,0,1.3887,0.18164,0.66921,16
616,21,-0.044922,1.4355,0.082031,0.66921,24
616,21,0,1.4746,0.025391,0.66921,17
616,21,0,1.3965,-0.10742,-0.33461,15
616,21,0,1.4238,-0.20117,-0.33461,22
616,21,0,1.459,-0.2207,-0.33461,15
616,21,0.058594,1.8867,-0.11914,-0.33461,21
616,21,0.060547,1.916,-0.22266,-0.33461,29
616,21,0.060547,1.9492,-0.26563,-0.33461,25
616,21,0.125,1.9746,-0.33008,-0.33461,15
617,36,0,1.748,-0.61523,0,29
617,36,0,1.8008,-0.58203,0,43
617,36,0,1.8066,-0.67969,0,26
617,36,0,1.7363,-0.5293,0.33461,20
617,36,0,1.7813,-0.51367,0.33461,87
617,36,0,1.832,-0.4707,0.33461,152
617,36,0,1.8828,-0.41992,0.33461,132
617,36,0,1.9414,-0.32422,0.33461,61
617,36,0,2,-0.14844,0.33461,17
617,36,0.091797,1.4355,-0.33008,0.66921,17
617,36,0.09375,1.4922,-0.23633,0.66921,39
617,36,0.048828,1.5332,-0.22852,0.66921,29
617,36,0,1.8125,-0.39258,0.66921,33
617,36,0,1.8574,-0.35938,0.66921,56
617,36,-0.060547,1.9023,-0.32031,0.66921,47
617,36,0,1.957,-0.19922,0.66921,20
617,36,0,1.4004,0.32422,1.0038,13
617,36,0.046875,1.457,-0.23047,1.0038,32
617,36,0,1.5078,-0.12891,1.0038,86
617,36,0,1.5469,-0.12695,1.0038,68
617,36,0,1.5762,-0.20117,1.0038,17
617,36,0,3.2246,-0.83203,1.0038,18
617,36,0,1.4023,0.31641,1.3384,14
617,36,0,1.5137,-0.035156,1.3384,46
617,36,0,1.5508,-0.025391,1.3384,41
617,36,0,3.2754,-0.59375,1.3384,12
617,36,0,1.6309,-0.88086,-0.66921,12
617,36,0.058594,1.707,-0.8125,-0.66921,25
617,36,0,1.7871,-0.72656,-0.66921,26
617,36,0.060547,1.8887,-0.54688,-0.66921,18
617,36,0.058594,1.6855,-0.76758,-0.33461,38
617,36,0,1.752,-0.71289,-0.33461,77
617,36,0,1.8301,-0.61328,-0.33461,84
617,36,0.060547,1.9102,-0.46484,-0.33461,56
617,36,0.0625,1.9648,-0.39063,-0.33461,27
617,36,-0.67383,0.17773,-1.2578,1.0038,7
618,64,0,1.5449,-0.37305,0,8
618,64,0,1.5703,-0.42383,0,14
618,64,0,1.5918,-0.48828,0,11
618,64,0,1.8359,-0.45313,0,23
618,64,0,1.8613,-0.50586,0,16
618,64,0.125,1.9727,-0.33984,0,21
618,64,0.064453,1.998,-0.41992,0,22
618,64,0.064453,2.0293,-0.45898,0,16
618,64,3.2617,0.75781,-0.34961,0,27
618,64,3.2988,0.69727,-0.47656,0,53
618,64,3.3359,0.60742,-0.60156,0,45
618,64,3.3711,0.23242,-0.83203,0,17
618,64,0,1.832,-0.28906,0.33461,28
618,64,0,1.8867,-0.13281,0.33461,58
618,64,0,1.9297,-0.044922,0.33461,56
618,64,0.060547,1.9668,-0.015625,0.33461,20
618,64,0.1875,1.9883,-0.18945,0.33461,40
618,64,0.19141,2.0098,-0.3125,0.33461,40
618,64,0.25977,2.0098,-0.47266,0.33461,20
618,64,3.2617,0.81641,-0.17773,0.33461,45
618,64,3.2988,0.80664,-0.25195,0.33461,91
618,64,3.3359,0.76758,-0.37305,0.33461,79
618,64,3.3711,0.61523,-0.60547,0.33461,31
618,64,-0.2207,1.7383,-1.5586,0.66921,29
618,64,-0.14844,2.168,-0.97852,0.66921,36
618,64,3.0508,1.4238,-0.035156,0.66921,20
618,64,3.2988,0.83789,-0.10938,0.66921,46
618,64,3.3359,0.83398,-0.18555,0.66921,42
618,64,3.2637,1.1309,-0.43555,0.66921,17
618,64,-0.048828,1.584,-0.11523,1.0038,40
618,64,-0.050781,1.6191,-0.14453,1.0038,81
618,64,-0.052734,1.6543,-0.18555,1.0038,70
618,64,0,1.6797,-0.2793,1.0038,24
618,64,-0.14648,1.8496,-1.4355,1.0038,35
618,64,-0.14844,2.0039,-1.2813,1.0038,43
618,64,-0.15039,2.3984,-0.30273,1.0038,25
618,64,-0.048828,1.543,0.15625,1.3384,22
618,64,-0.048828,1.5879,0.064453,1.3384,76
618,64,-0.050781,1.625,-0.046875,1.3384,134
618,64,-0.052734,1.6621,-0.091797,1.3384,116
618,64,-0.052734,1.6953,-0.14648,1.3384,42
618,64,-0.097656,1.5293,0.24414,1.673,30
618,64,-0.048828,1.5762,0.18945,1.673,95
618,64,-0.050781,1.6211,0.13086,1.673,127
618,64,-0.052734,1.6621,0.056641,1.673,85
618,64,-0.052734,1.7012,-0.035156,1.673,27
618,64,-0.097656,1.5059,0.35547,2.0076,12
618,64,-0.048828,1.5645,0.26758,2.0076,42
618,64,-0.050781,1.6094,0.22656,2.0076,57
618,64,-0.10352,1.6504,0.19531,2.0076,35
618,64,0,1.7168,-0.69727,-0.66921,19
618,64,0.058594,1.7969,-0.58594,-0.66921,32
618,64,0.060547,1.8574,-0.51758,-0.66921,23
618,64,0.12305,1.8398,-0.6875,-0.66921,13
618,64,0.1875,1.9102,-0.58203,-0.66921,26
618,64,0.25586,1.9238,-0.64063,-0.66921,26
618,64,0.19531,1.9531,-0.68945,-0.66921,14
618,64,0,1.7676,-0.55859,-0.33461,54
618,64,0.058594,1.832,-0.4668,-0.33461,91
618,64,0,1.8926,-0.375,-0.33461,69
618,64,0.12305,1.9004,-0.49609,-0.33461,34
618,64,0.1875,1.9414,-0.4668,-0.33461,69
618,64,0.19141,1.9609,-0.54297,-0.33461,74
618,64,0.19531,1.9727,-0.63086,-0.33461,40
619,64,0,1.666,-0.3457,0,18
619,64,-0.054688,1.7012,-0.35938,0,38
619,64,-0.11133,1.7266,-0.41211,0,35
619,64,0,1.7656,-0.42383,0,14
619,64,0,1.8906,-0.035156,0,22
619,64,-0.060547,1.916,-0.2168,0,39
619,64,-0.060547,1.9414,-0.31055,0,50
619,64,0,1.9727,-0.36523,0,38
619,64,3.0859,1.2461,-0.7207,0,10
619,64,3.1191,1.2363,-0.76758,0,15
619,64,3.1543,1.3086,-0.67188,0,12
619,64,0,1.7285,-0.20898,0.33461,12
619,64,0,1.7578,-0.26172,0.33461,12
619,64,0,1.8535,-0.033203,0.33461,23
619,64,0,1.8906,0.023438,0.33461,43
619,64,-0.18164,1.8945,0.31836,0.33461,45
619,64,-0.18359,1.9512,-0.17383,0.33461,86
619,64,-0.25,1.9844,-0.14844,0.33461,57
619,64,-0.30273,1.6172,-1.7773,0.33461,40
619,64,2.9785,1.5898,-0.43945,0.33461,17
619,64,3.1191,1.373,-0.48438,0.33461,27
619,64,3.2637,1.1211,-0.45703,0.33461,23
619,64,3.2988,1.1621,-0.38672,0.33461,12
619,64,-0.10547,1.6953,-0.11719,0.66921,69
619,64,-0.10938,1.7285,-0.16211,0.66921,148
619,64,-0.11133,1.7617,-0.21094,0.66921,139
619,64,-0.11328,1.791,-0.27734,0.66921,57
619,64,-0.18359,1.9551,-0.13281,0.66921,37
619,64,3.1191,1.4473,-0.16211,0.66921,19
619,64,3.2637,1.2109,0.039063,0.66921,20
619,64,-0.15625,1.6504,0.14258,1.0038,33
619,64,-0.10547,1.6992,-0.0019531,1.0038,207
619,64,-0.10938,1.7363,-0.050781,1.0038,438
619,64,-0.11133,1.7715,-0.095703,1.0038,413
619,64,-0.11328,1.8066,-0.15039,1.0038,167
619,64,-0.17383,1.832,-0.22461,1.0038,23
619,64,-0.15625,1.6387,0.24609,1.3384,28
619,64,-0.16016,1.6914,0.11914,1.3384,178
619,64,-0.10938,1.7363,0.060547,1.3384,386
619,64,-0.11133,1.7754,0.023438,1.3384,360
619,64,-0.11328,1.8125,-0.029297,1.3384,147
619,64,-0.17383,1.8418,-0.13281,1.3384,20
619,64,-0.16016,1.6758,0.25586,1.673,38
619,64,-0.16406,1.7227,0.1875,1.673,83
619,64,-0.16602,1.7637,0.15039,1.673,79
619,64,-0.16992,1.8047,0.11719,1.673,32
619,64,0.058594,1.8301,-0.29297,-0.66921,11
619,64,0,1.8711,-0.27148,-0.66921,25
619,64,0,1.9141,-0.24805,-0.66921,25
619,64,0,1.9512,-0.25586,-0.66921,16
619,64,0.1875,1.8945,-0.62695,-0.66921,15
619,64,0.19141,1.9043,-0.71484,-0.66921,22
619,64,0,1.6719,-0.48438,-0.33461,18
619,64,0,1.6992,-0.52539,-0.33461,17
619,64,0.058594,1.8477,-0.14648,-0.33461,33
619,64,0,1.8848,-0.16797,-0.33461,76
619,64,0,1.9238,-0.14648,-0.33461,79
619,64,0.060547,1.9551,-0.20117,-0.33461,51
619,64,0.1875,1.9258,-0.5293,-0.33461,46
619,64,0.19141,1.9355,-0.62695,-0.33461,57
619,64,0.19531,1.9492,-0.70117,-0.33461,28
619,64,-2.5547,0,2.6055,0,7
619,64,-2.3672,0,2.6602,0,11
619,64,-2.502,0,2.918,0,7
620,63,-0.2168,1.7246,-0.095703,0,16
620,63,-0.11133,1.7617,-0.21094,0,81
620,63,-0.16992,1.7891,-0.26367,0,146
620,63,-0.11523,1.8184,-0.33984,0,110
620,63,-0.23633,1.8027,-0.52148,0,11
620,63,-0.060547,1.9141,-0.23438,0,54
620,63,-0.060547,1.9473,-0.26953,0,60
620,63,-0.0625,1.9941,-0.19531,0,45
620,63,0,2.0391,-0.12305,0,45
620,63,0,2.0742,-0.17188,0,33
620,63,3.2285,0.90039,-0.78906,0,24
620,63,3.2637,0.79688,-0.91211,0,37
620,63,3.1895,1.0059,-1.0957,0,24
620,63,-0.2168,1.7266,0.019531,0.33461,29
620,63,-0.16602,1.7676,-0.095703,0.33461,151
620,63,-0.16992,1.8027,-0.14453,0.33461,264
620,63,-0.17383,1.8379,-0.17773,0.33461,189
620,63,0,1.8535,0.37305,0.33461,36
620,63,-0.12109,1.9199,-0.15234,0.33461,108
620,63,-0.12305,1.9531,-0.20508,0.33461,98
620,63,-0.125,2,-0.058594,0.33461,47
620,63,3.2285,1.0605,-0.55859,0.33461,49
620,63,3.2637,1.0273,-0.64063,0.33461,76
620,63,3.1895,1.2168,-0.85547,0.33461,49
620,63,-0.2168,1.7227,0.12109,0.66921,20
620,63,-0.16602,1.7695,0.0078125,0.66921,96
620,63,-0.16992,1.8066,-0.041016,0.66921,166
620,63,-0.17383,1.8438,-0.068359,0.66921,118
620,63,-0.11914,1.8809,0.16016,0.66921,40
620,63,-0.12109,1.9258,0.027344,0.66921,55
620,63,-0.12305,1.9629,-0.050781,0.66921,47
620,63,3.1191,1.4004,-0.39844,0.66921,37
620,63,3.1543,1.3848,-0.49805,0.66921,59
620,63,3.1895,1.3438,-0.63672,0.66921,39
620,63,-0.16992,1.8066,0.076172,1.0038,17
620,63,-0.17383,1.8398,0.15039,1.0038,19
620,63,-0.17773,1.8828,0.066406,1.0038,15
620,63,3.1543,1.4355,-0.32227,1.0038,12
620,63,0,1.9863,-0.2793,-0.66921,36
620,63,0,2.0078,-0.38086,-0.66921,54
620,63,0,2.041,-0.40625,-0.66921,38
620,63,0,2.0645,-0.47852,-0.66921,14
620,63,-0.16602,1.75,-0.26563,-0.33461,11
620,63,-0.11328,1.7383,-0.51172,-0.33461,24
620,63,0,1.2461,-1.3711,-0.33461,27
620,63,0.058594,1.2012,1.459,-0.33461,20
620,63,-0.30078,1.3242,-1.3711,-0.33461,12
620,63,0.18359,1.9316,-0.32227,-0.33461,22
620,63,0,1.998,-0.16211,-0.33461,70
620,63,0,2.0254,-0.26758,-0.33461,106
620,63,0,2.0547,-0.33398,-0.33461,73
620,63,0,2.0918,-0.33984,-0.33461,27
620,63,0.88672,1.0039,1.3359,0,6
620,63,-2.3672,0,2.6309,0,17
620,63,-2.3926,0.33203,2.5059,0,24
620,63,-2.5293,0.71484,2.3398,0,15
620,63,-2.3672,0,2.7891,0.33461,36
620,63,-2.3926,0,2.7012,0.33461,52
620,63,-2.5293,0,2.5508,0.33461,32
620,63,-2.4746,0,2.9512,0.66921,29
620,63,-2.502,0,2.8574,0.66921,43
620,63,-2.5293,0,2.7246,0.66921,27
620,63,-2.502,0,2.9141,1.0038,10
621,21,-0.17773,1.8672,-0.25,0,20
621,21,-0.18164,1.8926,-0.33398,0,52
621,21,-0.18359,1.918,-0.39453,0,53
621,21,-0.1875,1.918,-0.55664,0,23
621,21,-0.16992,1.7988,-0.18164,0.33461,18
621,21,-0.11523,1.834,-0.24414,0.33461,22
621,21,-0.29492,1.8691,-0.0078125,0.33461,33
621,21,-0.24023,1.9043,-0.19336,0.33461,115
621,21,-0.18359,1.9434,-0.24414,0.33461,122
621,21,-0.1875,1.9844,-0.21875,0.33461,50
621,21,-0.24023,1.9121,-0.076172,0.66921,46
621,21,-0.18359,1.9551,-0.125,0.66921,49
621,21,-0.25,1.9844,-0.13281,0.66921,20
621,21,0,1.873,-0.59961,-0.66921,11
621,21,-0.16992,1.7754,-0.33984,-0.33461,10
621,21,0,1.7891,-0.48242,-0.33461,17
621,21,-0.18164,1.8789,-0.40234,-0.33461,26
621,21,-0.12305,1.9063,-0.4707,-0.33461,33
621,21,0,1.9199,-0.58008,-0.33461,15
621,21,0.25586,1.8984,-0.70898,-0.33461,25
621,21,0.25977,1.918,-0.76172,-0.33461,15
622,18,-0.17383,1.8418,-0.11133,0,14
622,18,-0.23633,1.8594,-0.25781,0,13
622,18,-0.22656,1.8027,0.0039063,0.33461,26
622,18,-0.23242,1.8379,-0.046875,0.33461,50
622,18,-0.23633,1.875,-0.10352,0.33461,45
622,18,-0.18164,1.9121,-0.18359,0.33461,28
622,18,-0.24609,1.9512,0.056641,0.33461,22
622,18,0.1875,1.916,-0.5625,0.33461,20
622,18,0.12695,1.959,-0.56445,0.33461,15
622,18,-0.23242,1.834,0.12891,0.66921,19
622,18,-0.23633,1.875,0.076172,0.66921,16
622,18,-0.16992,1.7949,-0.21289,-0.33461,15
622,18,-0.17383,1.8281,-0.25,-0.33461,28
622,18,-0.11914,1.8555,-0.34766,-0.33461,24
622,18,-0.18164,1.8867,-0.35742,-0.33461,19
622,18,-0.12305,1.9531,-0.20508,-0.33461,21
622,18,0.1875,1.8809,-0.66992,-0.33461,26
622,18,0.19141,1.8906,-0.75,-0.33461,20
623,8,0,1.7988,-0.44922,0.33461,19
623,8,0,1.8438,-0.42578,0.33461,24
623,8,-0.12109,1.8887,-0.37695,0.33461,19
623,8,-0.30664,1.9355,-0.16602,0.33461,17
623,8,0,1.7207,-0.6875,-0.33461,17
623,8,0,1.7637,-0.68555,-0.33461,24
623,8,-0.060547,1.8301,-0.60938,-0.33461,22
623,8,-0.24609,1.8887,-0.49219,-0.33461,18
624,3,-0.058594,1.834,-0.45898,0.33461,13
624,3,-0.060547,1.8965,-0.3457,0.33461,13
624,3,-0.18359,1.9082,-0.4375,0.33461,10
657,10,0,1.7852,-0.50195,0.33461,29
657,10,0.058594,1.8242,-0.49805,0.33461,34
657,10,0,1.875,-0.45703,0.33461,17
657,10,0.058594,1.8418,-0.42969,0.66921,12
657,10,0.058594,1.6094,-0.91797,-0.66921,12
657,10,0.058594,1.7227,-0.77734,-0.66921,13
657,10,0,1.666,-0.72266,-0.33461,12
657,10,0.058594,1.707,-0.71875,-0.33461,34
657,10,0.058594,1.7637,-0.68359,-0.33461,38
657,10,0.060547,1.793,-0.70898,-0.33461,19
658,8,0,1.8203,-0.34766,0.33461,27
658,8,0,1.8555,-0.36719,0.33461,32
658,8,0,1.8906,-0.39063,0.33461,17
658,8,0,1.8711,-0.2793,0.66921,10
658,8,0,1.7578,-0.69922,-0.66921,12
658,8,0,1.7578,-0.58789,-0.33461,29
658,8,0,1.8008,-0.58203,-0.33461,34
658,8,0,1.8359,-0.59375,-0.33461,19
661,3,-0.12695,1.3555,0.035156,0.33461,14
661,3,-0.087891,1.3965,-0.0097656,0.33461,14
661,3,-0.087891,1.3809,-0.21484,-0.33461,11
662,22,-0.041016,1.3223,0.044922,0,13
662,22,-0.042969,1.3613,-0.0097656,0,45
662,22,-0.042969,1.3984,-0.066406,0,75
662,22,-0.044922,1.4336,-0.10352,0,62
662,22,-0.046875,1.4648,-0.17188,0,23
662,22,-0.13672,2.1016,-0.61523,0,14
662,22,-0.082031,1.3164,0.11719,0.33461,23
662,22,-0.042969,1.3594,0.056641,0.33461,85
662,22,-0.042969,1.3984,0.013672,0.33461,147
662,22,-0.089844,1.4355,-0.017578,0.33461,123
662,22,-0.046875,1.4727,-0.076172,0.33461,46
662,22,-0.13672,2.1133,-0.57227,0.33461,26
662,22,-0.13867,2.1133,0.70508,0.33461,23
662,22,0,1.3203,0.11133,0.66921,11
662,22,-0.085938,1.3496,0.1582,0.66921,39
662,22,-0.087891,1.3926,0.10352,0.66921,65
662,22,-0.089844,1.4336,0.064453,0.66921,54
662,22,-0.046875,1.4746,0.011719,0.66921,20
662,22,-0.042969,1.3906,-0.15625,-0.33461,14
662,22,-0.044922,1.418,-0.23438,-0.33461,14
662,22,0,1.7012,-0.73633,-0.33461,22
662,22,0,1.7773,-0.64844,-0.33461,21
663,26,0,1.832,-0.47266,0,8
663,26,0,1.8047,-0.19531,0.33461,23
663,26,0,1.8496,-0.12695,0.33461,46
663,26,0,1.8906,-0.052734,0.33461,47
663,26,0.060547,1.9277,0.039063,0.33461,24
663,26,-0.087891,1.3965,0.017578,0.66921,16
663,26,-0.089844,1.4336,-0.080078,0.66921,29
663,26,-0.046875,1.4727,-0.076172,0.66921,28
663,26,0,1.5117,-0.050781,0.66921,18
663,26,-0.087891,1.3906,0.13867,1.0038,29
663,26,-0.089844,1.4336,0.074219,1.0038,45
663,26,-0.046875,1.4727,0.066406,1.0038,49
663,26,-0.046875,1.5117,0.025391,1.0038,42
663,26,-0.048828,1.5508,-0.029297,1.0038,15
663,26,-0.13086,1.3711,0.24805,1.3384,17
663,26,-0.089844,1.418,0.21289,1.3384,23
663,26,-0.091797,1.4609,0.17969,1.3384,25
663,26,-0.09375,1.5059,0.12109,1.3384,25
663,26,0,1.7695,-0.55273,-0.66921,19
663,26,0,1.8184,-0.52344,-0.66921,20
663,26,0,1.8438,-0.57031,-0.66921,12
663,26,0,1.752,-0.47852,-0.33461,27
663,26,0.058594,1.8105,-0.39258,-0.33461,57
663,26,0.058594,1.8574,-0.35352,-0.33461,60
663,26,0,1.8984,-0.3457,-0.33461,38
663,26,0,1.9414,-0.31445,-0.33461,19
664,63,0,1.7832,-0.34766,0,22
664,63,0.058594,1.8086,-0.40625,0,36
664,63,0.17773,1.8145,-0.50586,0,20
664,63,-0.24023,1.8809,-0.35547,0,32
664,63,-0.18359,1.9102,-0.43555,0,34
664,63,-0.125,1.9551,-0.42383,0,20
664,63,0,1.8047,-0.19922,0.33461,48
664,63,0,1.8477,-0.14258,0.33461,114
664,63,0,1.8887,-0.10938,0.33461,142
664,63,-0.060547,1.9238,-0.12695,0.33461,111
664,63,-0.18359,1.9473,-0.21484,0.33461,68
664,63,-0.1875,1.9609,-0.37305,0.33461,34
664,63,0,1.8125,-0.12695,0.66921,16
664,63,0,1.8535,-0.027344,0.66921,40
664,63,0,1.8926,0.013672,0.66921,54
664,63,-0.12109,1.9258,-0.0078125,0.66921,49
664,63,-0.12305,1.957,-0.1543,0.66921,34
664,63,-0.14648,2.0137,1.1934,0.66921,32
664,63,-0.22266,2.1543,0.99609,0.66921,26
664,63,3.2246,0.8125,0.14453,0.66921,15
664,63,-3.3672,0,0.025391,0.66921,23
664,63,3.2988,0.84375,0.021484,0.66921,16
664,63,-0.099609,1.582,-0.099609,1.0038,20
664,63,-0.10156,1.6172,-0.13672,1.0038,28
664,63,-0.15625,1.6445,-0.20703,1.0038,16
664,63,-0.2207,1.8301,-1.4512,1.0038,54
664,63,-0.14844,2.291,0.64258,1.0038,46
664,63,-0.15039,2.2461,0.89063,1.0038,19
664,63,-3.3301,0,0.22852,1.0038,15
664,63,3.2617,0.75977,0.3457,1.0038,21
664,63,3.1914,1.127,0.36719,1.0038,13
664,63,-0.09375,1.5059,0.10938,1.3384,17
664,63,-0.048828,1.5488,0.060547,1.3384,72
664,63,-0.099609,1.5859,0.039063,1.3384,105
664,63,-0.10156,1.623,0.03125,1.3384,54
664,63,-0.2207,2.0117,-1.1875,1.3384,30
664,63,-0.22266,2.0391,1.2148,1.3384,26
664,63,-0.15039,2.2871,0.78125,1.3384,14
664,63,-0.09375,1.4883,0.26172,1.673,29
664,63,-0.097656,1.541,0.1543,1.673,139
664,63,-0.099609,1.582,0.11719,1.673,242
664,63,-0.10156,1.6211,0.091797,1.673,175
664,63,-0.10352,1.6602,0.072266,1.673,48
664,63,-0.14258,1.4648,0.35547,2.0076,13
664,63,-0.097656,1.5313,0.22852,2.0076,72
664,63,-0.14844,1.5684,0.20703,2.0076,133
664,63,-0.15234,1.6094,0.18164,2.0076,107
664,63,-0.10352,1.6523,0.16797,2.0076,36
664,63,0.056641,1.7129,-0.60156,-0.66921,28
664,63,0.11523,1.7676,-0.54492,-0.66921,59
664,63,0.058594,1.8105,-0.54492,-0.66921,57
664,63,0.12109,1.8516,-0.52734,-0.66921,25
664,63,0,1.7148,-0.46875,-0.33461,16
664,63,0.056641,1.7598,-0.44922,-0.33461,83
664,63,0.058594,1.8027,-0.42773,-0.33461,169
664,63,0.058594,1.8457,-0.41406,-0.33461,159
664,63,0.060547,1.8887,-0.39453,-0.33461,69
664,63,0.11328,1.7734,-0.37305,0,22
664,63,-0.47266,1.4961,1.0566,0,15
664,63,-1.248,0,-3.3301,0.66921,8
664,63,-1.1445,0.17969,-3.1211,1.0038,8
664,63,-2.209,0,-3.1465,1.0038,11
664,63,-2.2344,0,-3.1797,1.0038,7
665,64,-0.052734,1.6563,-0.39258,0,15
665,64,-0.10938,1.6875,-0.41016,0,17
665,64,-0.27734,1.7383,-0.24805,0,9
665,64,-0.16992,1.7813,-0.31445,0,16
665,64,-0.11523,1.834,-0.25,0,34
665,64,-0.11914,1.8711,-0.25586,0,55
665,64,-0.18164,1.8984,-0.29883,0,55
665,64,-0.18359,1.9238,-0.37109,0,35
665,64,3.0859,1.291,-0.63867,0,13
665,64,3.0117,1.5254,-0.66992,0,10
665,64,-0.27734,1.7246,-0.33398,0.33461,11
665,64,-0.22656,1.7578,-0.39648,0.33461,31
665,64,-0.17383,1.8125,-0.35156,0.33461,65
665,64,-0.11914,1.8789,-0.19336,0.33461,118
665,64,-0.12109,1.918,-0.17383,0.33461,138
665,64,-0.12305,1.9473,-0.25195,0.33461,89
665,64,-0.1875,1.9141,-0.56445,0.33461,30
665,64,3.1563,1.0625,-0.49414,0.33461,15
665,64,3.0859,1.3633,-0.45898,0.33461,31
665,64,3.2285,1.0664,-0.54492,0.33461,30
665,64,-0.10547,1.6895,-0.17773,0.66921,27
665,64,-0.10938,1.7227,-0.21484,0.66921,35
665,64,-0.16602,1.7598,-0.19141,0.66921,24
665,64,-0.22656,1.793,-0.18555,0.66921,21
665,64,-0.17383,1.8359,-0.18359,0.66921,30
665,64,-0.17773,1.8828,-0.068359,0.66921,46
665,64,-0.18164,1.9199,-0.058594,0.66921,54
665,64,-0.12305,1.9609,-0.10156,0.66921,36
665,64,3.1914,1.1836,-0.068359,0.66921,29
665,64,3.2285,1.1895,-0.14258,0.66921,34
665,64,3.2637,1.1836,-0.25781,0.66921,17
665,64,-0.15625,1.6582,0.0058594,1.0038,46
665,64,-0.10547,1.6973,-0.070313,1.0038,163
665,64,-0.16406,1.7305,-0.091797,1.0038,232
665,64,-0.11133,1.7695,-0.14844,1.0038,153
665,64,-0.16992,1.7969,-0.20313,1.0038,43
665,64,3.2285,1.1797,0.21484,1.0038,14
665,64,-0.10352,1.6602,0.082031,1.3384,57
665,64,-0.16016,1.6934,0.0625,1.3384,219
665,64,-0.16406,1.7324,0.025391,1.3384,338
665,64,-0.11133,1.7754,-0.015625,1.3384,246
665,64,-0.16992,1.8066,-0.070313,1.3384,76
665,64,-0.20898,1.6426,0.16992,1.673,21
665,64,-0.16016,1.6855,0.18164,1.673,95
665,64,-0.16406,1.7266,0.1543,1.673,169
665,64,-0.16602,1.7656,0.125,1.673,136
665,64,-0.16992,1.8066,0.078125,1.673,48
665,64,-0.16406,1.7129,0.26172,2.0076,13
665,64,-0.22266,1.7441,0.26172,2.0076,14
665,64,0,1.6855,-0.86133,-0.66921,13
665,64,0,1.8379,-0.58789,-0.66921,17
665,64,0.060547,1.9043,-0.48828,-0.66921,18
665,64,0.125,1.9277,-0.53906,-0.66921,18
665,64,0.064453,1.9844,-0.48438,-0.66921,17
665,64,0,2.041,-0.4082,-0.66921,14
665,64,0.058594,1.7598,-0.58008,-0.33461,30
665,64,0,1.748,-0.72266,-0.33461,42
665,64,0,1.8887,-0.39648,-0.33461,52
665,64,0.060547,1.9336,-0.35156,-0.33461,50
665,64,0.125,1.918,-0.57031,-0.33461,35
665,64,0.064453,1.8945,-0.76367,-0.33461,24
665,64,-2.3418,0,2.7305,0,9
665,64,-2.4746,0,2.6758,0,7
665,64,-2.4199,0,2.9277,0.33461,10
666,49,-0.27148,1.7109,-0.16602,0,10
666,49,-0.22266,1.7441,-0.26953,0,47
666,49,-0.22656,1.7734,-0.32031,0,87
666,49,-0.17383,1.8066,-0.38281,0,69
666,49,-0.29492,1.832,-0.36328,0,13
666,49,-0.18164,1.9063,-0.23633,0,37
666,49,-0.18359,1.9043,-0.45703,0,29
666,49,3.2285,0.45313,-1.1094,0,15
666,49,3.0449,1.2305,-1.1504,0,13
666,49,-0.2168,1.7266,-0.050781,0.33461,20
666,49,-0.22266,1.7559,-0.16211,0.33461,92
666,49,-0.22656,1.7871,-0.23633,0.33461,162
666,49,-0.17383,1.8164,-0.32227,0.33461,120
666,49,-0.058594,1.8867,-0.10742,0.33461,64
666,49,-0.12109,1.9199,-0.13867,0.33461,107
666,49,-0.12305,1.957,-0.16406,0.33461,78
666,49,-0.0625,1.9941,-0.19922,0.33461,31
666,49,3.1191,1.2148,-0.80273,0.33461,28
666,49,3.1543,1.166,-0.89844,0.33461,25
666,49,-0.27148,1.7129,0.14844,0.66921,14
666,49,-0.22266,1.7637,-0.042969,0.66921,64
666,49,-0.22656,1.7988,-0.11914,0.66921,109
666,49,-0.23242,1.8301,-0.17969,0.66921,79
666,49,-0.11914,1.8887,-0.0078125,0.66921,57
666,49,-0.18164,1.9199,-0.033203,0.66921,56
666,49,-0.12305,1.9629,-0.042969,0.66921,32
666,49,3.1191,1.377,-0.4707,0.66921,22
666,49,-0.2832,1.793,0,1.0038,15
666,49,-0.23242,1.8379,0.078125,1.0038,24
666,49,-0.23633,1.877,0.041016,1.0038,23
666,49,0.11914,1.7832,-0.61914,-0.66921,12
666,49,0.060547,1.8457,-0.55859,-0.66921,15
666,49,0.060547,1.8926,-0.53516,-0.66921,15
666,49,0.0625,1.9355,-0.52148,-0.66921,14
666,49,0,2.0078,-0.38281,-0.66921,14
666,49,-0.16992,1.7734,-0.34766,-0.33461,17
666,49,0,1.7891,-0.48633,-0.33461,23
666,49,0,1.8242,-0.5,-0.33461,35
666,49,0.060547,1.877,-0.44336,-0.33461,44
666,49,0.060547,1.9238,-0.41211,-0.33461,42
666,49,0.0625,1.9648,-0.39648,-0.33461,37
666,49,0,2.0254,-0.26563,-0.33461,34
666,49,0,2.0625,-0.27539,-0.33461,24
666,49,1.7734,0.49805,-0.42969,0,7
666,49,-2.4746,0.90039,2.2168,0,10
666,49,-2.6113,0.95117,2.0977,0,9
666,49,-2.582,0,2.4102,0.33461,19
666,49,-2.6113,0,2.3711,0.33461,18
666,49,-2.4746,0,2.9063,0.66921,16
667,27,-0.33984,1.7813,0.085938,0,14
667,27,-0.34766,1.8145,0.16016,0,13
667,27,-0.18164,1.8828,-0.37891,0,18
667,27,-0.24609,1.916,-0.37109,0,16
667,27,-0.33398,1.7305,0.23633,0.33461,19
667,27,-0.33984,1.7637,0.26563,0.33461,41
667,27,-0.40625,1.7617,0.4082,0.33461,38
667,27,0.11914,1.8867,-0.089844,0.33461,27
667,27,-0.12109,1.9199,-0.1582,0.33461,52
667,27,-0.060547,1.9473,-0.27734,0.33461,54
667,27,0,1.9629,-0.41211,0.33461,26
667,27,-0.18164,1.9199,-0.083984,0.66921,20
667,27,-0.12305,1.957,-0.1582,0.66921,20
667,27,-0.33984,1.7676,0.24414,-0.33461,18
667,27,0.058594,1.8184,-0.35352,-0.33461,21
667,27,0.058594,1.8906,-0.029297,-0.33461,13
667,27,0,1.9004,-0.33398,-0.33461,22
667,27,0.060547,1.8906,-0.54102,-0.33461,28
667,27,0.1875,1.8887,-0.64648,-0.33461,25
667,27,0.11523,1.6895,-0.75586,0,9
667,27,0.16992,1.6367,-0.76758,0.33461,22
667,27,0.11523,1.7734,-0.5293,0.33461,36
667,27,-0.5918,0,1.8164,0.33461,15
667,27,0.16992,1.6758,-0.67773,-0.33461,12
667,27,-0.40625,1.752,0.45117,-0.33461,19
667,27,-0.53125,0,-1.8496,-0.33461,10
667,27,-0.43945,0.25391,-1.9395,-0.33461,13
668,8,-0.058594,1.8105,-0.39258,0.33461,19
668,8,-0.11914,1.8594,-0.33008,0.33461,25
668,8,-0.18164,1.9082,-0.21484,0.33461,23
668,8,-0.18359,1.9531,-0.14844,0.33461,20
668,8,-0.25,1.9609,-0.33008,0.33461,12
668,8,0,1.7949,-0.59766,-0.33461,15
668,8,0,1.8711,-0.4668,-0.33461,15
668,8,-0.18359,1.9238,-0.36914,-0.33461,14
669,8,0.11523,1.793,-0.45703,0.33461,17
669,8,0,1.8105,-0.54883,0.33461,19
669,8,0,1.8789,-0.44141,0.33461,15
669,8,0.11523,1.707,-0.71289,-0.33461,13
669,8,0.058594,1.709,-0.80859,-0.33461,16
669,8,0.060547,1.793,-0.71094,-0.33461,13
669,8,-0.40625,0.85547,-1.5938,0.33461,12
669,8,-0.40625,0.77344,1.6348,-0.33461,11
670,4,-0.17383,1.832,-0.23047,0.33461,12
670,4,-0.17773,1.8711,-0.22266,0.33461,10
670,4,-0.11523,1.8242,-0.30469,-0.33461,15
670,4,-0.11914,1.8477,-0.38477,-0.33461,13
711,1,0.058594,1.8496,-0.39453,-0.33461,15
712,21,0,1.3242,0,0,7
712,21,-0.042969,1.3613,-0.033203,0,21
712,21,0,1.3965,-0.089844,0,30
712,21,0,1.4336,-0.11523,0,21
712,21,0,1.4648,-0.17969,0,8
712,21,0,1.3203,0.10156,0.33461,18
712,21,-0.042969,1.3613,0.048828,0.33461,56
712,21,0,1.4004,0.0019531,0.33461,81
712,21,0,1.4375,-0.050781,0.33461,61
712,21,0,1.4727,-0.09375,0.33461,22
712,21,0.1875,1.9902,-0.14453,0.33461,13
712,21,-0.085938,1.3535,0.125,0.66921,21
712,21,-0.087891,1.3945,0.09375,0.66921,31
712,21,0,1.4375,0.0097656,0.66921,23
712,21,0,1.3555,-0.13867,-0.33461,20
712,21,0,1.3906,-0.16797,-0.33461,31
712,21,0,1.418,-0.23242,-0.33461,24
712,21,0.24609,1.8887,-0.49219,-0.33461,13
712,21,0.1875,1.9395,-0.4707,-0.33461,16
712,21,0.19141,1.9824,-0.45703,-0.33461,11
712,21,-0.42969,1.0625,1.5977,-0.33461,7
713,31,0,1.3945,-0.12109,0,24
713,31,-0.044922,1.4297,-0.14844,0,45
713,31,0,1.4609,-0.20898,0,37
713,31,0,1.4902,-0.26563,0,13
713,31,0,1.707,-0.7207,0,17
713,31,-0.042969,1.3984,-0.023438,0.33461,56
713,31,-0.044922,1.4355,-0.070313,0.33461,105
713,31,-0.046875,1.4707,-0.10547,0.33461,86
713,31,0,1.502,-0.17773,0.33461,29
713,31,0,1.9297,0.0097656,0.33461,35
713,31,0,1.9609,-0.16016,0.33461,33
713,31,0.0625,1.9023,-0.62891,0.33461,21
713,31,0,1.3613,0.03125,0.66921,14
713,31,-0.087891,1.3945,0.082031,0.66921,52
713,31,-0.044922,1.4375,0.015625,0.66921,98
713,31,-0.046875,1.4746,-0.021484,0.66921,80
713,31,-0.09375,1.5078,-0.078125,0.66921,27
713,31,0,1.8398,-1.2617,0.66921,31
713,31,-0.070313,2.2637,-0.14258,0.66921,28
713,31,0,1.3516,0.16406,1.0038,12
713,31,0,1.3945,0.11328,1.0038,20
713,31,-0.044922,1.4355,0.074219,1.0038,27
713,31,-0.13867,1.4688,0.025391,1.0038,21
713,31,0,1.7969,-0.5918,-0.66921,13
713,31,0,1.418,-0.23438,-0.33461,9
713,31,0,1.7988,-0.44531,-0.33461,34
713,31,0.058594,1.8516,-0.38281,-0.33461,41
713,31,0.12109,1.9004,-0.31055,-0.33461,36
713,31,0.12305,1.9473,-0.25977,-0.33461,28
713,31,0.1875,1.5742,-1.2285,-0.33461,20
713,31,0.25586,1.8301,-0.87109,-0.33461,20
714,32,0,1.4805,-0.31055,0,14
714,32,0,1.5078,-0.36523,0,15
714,32,0,1.8809,-0.20117,0,11
714,32,0,1.916,-0.23438,0,14
714,32,0,1.9375,-0.3457,0,11
714,32,0,1.7285,-0.67188,0.33461,13
714,32,-0.11914,1.8516,-0.36914,0.33461,18
714,32,-0.12109,1.8828,-0.40039,0.33461,24
714,32,0,1.9492,-0.26367,0.33461,28
714,32,0,1.9922,-0.2207,0.33461,23
714,32,-0.046875,1.4688,-0.12305,0.66921,31
714,32,0,1.5059,-0.15625,0.66921,73
714,32,0,1.541,-0.18359,0.66921,73
714,32,0,1.5723,-0.23438,0.66921,30
714,32,0,1.4355,0.082031,1.0038,14
714,32,-0.046875,1.4746,-0.0078125,1.0038,89
714,32,-0.046875,1.5117,-0.039063,1.0038,202
714,32,0,1.5488,-0.078125,1.0038,201
714,32,0,1.584,-0.12109,1.0038,88
714,32,0,1.6211,-0.14648,1.0038,14
714,32,0,1.4258,0.17969,1.3384,13
714,32,-0.046875,1.4707,0.10742,1.3384,77
714,32,-0.046875,1.5117,0.064453,1.3384,171
714,32,0,1.5508,0.025391,1.3384,169
714,32,0,1.5898,-0.019531,1.3384,75
714,32,-0.046875,1.457,0.23438,1.673,18
714,32,-0.046875,1.5,0.19141,1.673,38
714,32,0,1.5449,0.12891,1.673,36
714,32,0,1.5879,0.042969,1.673,16
714,32,0.18359,1.8008,-0.76758,-0.33461,15
714,32,0.125,1.9336,-0.51758,-0.33461,14
714,32,-0.81055,0.78125,1.4727,0.33461,7
715,50,0,1.5488,-0.35547,0,10
715,50,0,1.5762,-0.40234,0,22
715,50,0,1.6016,-0.45117,0,20
715,50,0,1.5938,-0.59961,0,8
715,50,3.2617,0.69141,-0.46875,0,15
715,50,3.2988,0.59961,-0.5957,0,25
715,50,3.2285,0.93164,-0.75391,0,19
715,50,0.058594,1.8438,-0.18945,0.33461,21
715,50,0,1.8887,-0.11719,0.33461,22
715,50,-0.14648,1.9824,-1.2461,0.33461,30
715,50,3.2617,0.80469,-0.22461,0.33461,25
715,50,3.2988,0.76172,-0.36719,0.33461,42
715,50,3.3359,0.67773,-0.51953,0.33461,31
715,50,-0.048828,1.5723,-0.22461,0.66921,25
715,50,-0.050781,1.6133,-0.19727,0.66921,54
715,50,0,1.6484,-0.22852,0.66921,52
715,50,0,1.6855,-0.24609,0.66921,24
715,50,3.2988,0.83008,-0.1543,0.66921,20
715,50,3.2285,1.0801,-0.51758,0.66921,14
715,50,-0.097656,1.5469,0.035156,1.0038,16
715,50,-0.099609,1.5859,-0.048828,1.0038,95
715,50,-0.050781,1.623,-0.099609,1.0038,198
715,50,-0.052734,1.6582,-0.13672,1.0038,179
715,50,-0.052734,1.6895,-0.20313,1.0038,68
715,50,-0.14453,1.5352,0.16992,1.3384,17
715,50,-0.048828,1.5879,0.054688,1.3384,102
715,50,-0.050781,1.627,0.0097656,1.3384,200
715,50,-0.052734,1.6641,-0.037109,1.3384,169
715,50,-0.10547,1.6973,-0.09375,1.3384,59
715,50,-0.099609,1.5762,0.16992,1.673,32
715,50,-0.10156,1.6172,0.13477,1.673,58
715,50,-0.10352,1.6602,0.083984,1.673,44
715,50,-0.052734,1.7012,0.054688,1.673,14
715,50,0,1.7773,-0.52539,-0.66921,13
715,50,0,1.8359,-0.45313,-0.66921,11
715,50,0.18359,1.8887,-0.51758,-0.66921,14
715,50,0,1.5273,-0.55859,-0.33461,11
715,50,0.056641,1.7402,-0.51563,-0.33461,17
715,50,0.058594,1.8047,-0.41992,-0.33461,38
715,50,0,1.8555,-0.37109,-0.33461,32
715,50,0.18359,1.918,-0.39258,-0.33461,39
715,50,0.25,1.9434,-0.42188,-0.33461,34
715,50,0.25586,1.9629,-0.50586,-0.33461,19
715,50,-1.2637,1.5723,2.6973,0,8
715,50,-1.2637,0.95508,2.9727,0.33461,16
715,50,-1.2773,0.56445,3.1055,0.33461,24
715,50,-1.291,1.1621,2.9727,0.33461,17
715,50,-1.2773,0,-3.3574,0.66921,14
715,50,-1.291,0,-3.2871,0.66921,9
715,50,-0.65039,1.0371,1.4434,-0.66921,6
716,47,-0.16016,1.6621,-0.33203,0,16
716,47,-0.10938,1.707,-0.32422,0,24
716,47,-0.054688,1.7539,-0.29297,0,23
716,47,0,1.7871,-0.31836,0,15
716,47,0,1.8184,-0.36328,0,13
716,47,0,1.8516,-0.39258,0,18
716,47,-0.060547,1.873,-0.45898,0,18
716,47,-0.10547,1.6836,-0.23047,0.33461,11
716,47,-0.10938,1.7168,-0.25781,0.33461,18
716,47,-0.11133,1.7559,-0.25977,0.33461,19
716,47,0,1.791,-0.30273,0.33461,21
716,47,0.17383,1.7734,-0.51367,0.33461,22
716,47,-0.29492,1.8672,0.037109,0.33461,25
716,47,-0.24023,1.8789,-0.36328,0.33461,27
716,47,-0.15625,1.6563,-0.066406,0.66921,25
716,47,-0.16016,1.6895,-0.12695,0.66921,89
716,47,-0.10938,1.7324,-0.12305,0.66921,135
716,47,-0.054688,1.7754,-0.078125,0.66921,123
716,47,-0.056641,1.8125,-0.11133,0.66921,66
716,47,0,1.834,-0.26758,0.66921,16
716,47,0,2.5938,0.30078,0.66921,22
716,47,0,2.627,0.33594,0.66921,31
716,47,-0.15625,1.6563,0.039063,1.0038,30
716,47,-0.16016,1.6953,-0.017578,1.0038,102
716,47,-0.16406,1.7324,-0.027344,1.0038,152
716,47,-0.11133,1.7754,0.027344,1.0038,135
716,47,-0.11328,1.8125,0.0078125,1.0038,67
716,47,0,2.5664,0.47852,1.0038,20
716,47,-0.082031,2.5938,0.52539,1.0038,30
716,47,0,2.6426,0.48438,1.0038,19
716,47,-0.16016,1.6934,0.09375,1.3384,32
716,47,-0.16406,1.7285,0.10742,1.3384,48
716,47,-0.16602,1.7656,0.13281,1.3384,40
716,47,-0.11328,1.8066,0.13281,1.3384,20
716,47,0,2.0254,-0.26367,-0.66921,15
716,47,0,2.0605,-0.28711,-0.66921,15
716,47,0,1.7168,-0.46289,-0.33461,11
716,47,0.056641,1.7539,-0.46875,-0.33461,23
716,47,0.11523,1.7637,-0.55859,-0.33461,35
716,47,0.17773,1.7813,-0.60938,-0.33461,29
716,47,0.12109,1.8691,-0.46484,-0.33461,23
716,47,0.12305,1.9434,-0.2793,-0.33461,24
716,47,0.125,1.9629,-0.39063,-0.33461,18
716,47,0.064453,1.9863,-0.47461,-0.33461,13
716,47,-0.46289,1.2969,1.2422,0.33461,13
716,47,0.29492,1.5762,-1.0039,0.33461,15
716,47,-0.72266,0.88672,1.3613,-0.33461,6
717,33,-0.16406,1.7188,-0.2207,0,31
717,33,-0.16602,1.752,-0.25781,0,60
717,33,-0.11328,1.8008,-0.20117,0,84
717,33,-0.11523,1.8418,-0.18555,0,87
717,33,-0.11914,1.877,-0.20703,0,42
717,33,0,1.9219,-0.17773,0,15
717,33,0,2.6563,0.39648,0,13
717,33,3.2637,1.0117,-0.66602,0,11
717,33,-0.2168,1.7227,-0.11719,0.33461,60
717,33,-0.16602,1.7637,-0.16016,0.33461,118
717,33,-0.11328,1.8105,-0.10156,0.33461,171
717,33,-0.11523,1.8457,-0.13086,0.33461,188
717,33,-0.11914,1.875,-0.22852,0.33461,105
717,33,-0.12109,1.9258,0.011719,0.33461,32
717,33,0.1875,1.9629,-0.36914,0.33461,26
717,33,-0.083984,2.6055,0.64844,0.33461,25
717,33,3.3711,0.72852,-0.46289,0.33461,20
717,33,-0.2168,1.7266,-0.050781,0.66921,27
717,33,-0.16602,1.7695,-0.015625,0.66921,56
717,33,-0.11328,1.8125,0.039063,0.66921,97
717,33,-0.17383,1.8457,0.015625,0.66921,101
717,33,-0.11914,1.8867,-0.074219,0.66921,51
717,33,0.058594,1.6992,-0.73828,-0.66921,12
717,33,-0.16602,1.7441,-0.30273,-0.33461,16
717,33,-0.22656,1.8008,-0.052734,-0.33461,11
717,33,0.058594,1.7363,-0.64844,-0.33461,29
717,33,0,1.7461,-0.73047,-0.33461,27
717,33,0.24609,1.8223,-0.69727,-0.33461,23
717,33,0.1875,1.8809,-0.67188,-0.33461,30
717,33,0.19141,1.9238,-0.66016,-0.33461,23
717,33,-2.3926,0,2.8887,0,7
717,33,-2.3926,0,3.0117,0.33461,14
717,33,-0.85156,0.84766,1.3613,-0.33461,7
718,13,-0.16602,1.7695,0.042969,0.33461,13
718,13,-0.16992,1.8086,-0.013672,0.33461,19
718,13,-0.23242,1.8398,-0.035156,0.33461,11
718,13,-0.29492,1.8672,0.050781,0.33461,10
718,13,-0.24023,1.9121,-0.10938,0.33461,16
718,13,-0.12305,1.959,-0.125,0.33461,19
718,13,0,1.9844,-0.28711,0.33461,23
718,13,-0.16602,1.7656,-0.13867,-0.33461,13
718,13,-0.16992,1.791,-0.24414,-0.33461,20
718,13,-0.17383,1.7988,-0.41602,-0.33461,12
718,13,-0.24023,1.877,-0.375,-0.33461,13
718,13,0,1.9395,-0.51172,-0.33461,16
718,13,-0.84375,0.64258,1.6113,0.33461,9
719,8,-0.22266,1.7637,0.042969,0.33461,12
719,8,-0.22656,1.8008,0.013672,0.33461,18
719,8,-0.28906,1.8281,-0.097656,0.33461,11
719,8,0.060547,1.9277,-0.039063,0.33461,12
719,8,0.060547,1.9395,-0.32422,0.33461,17
719,8,0,1.9492,-0.46875,0.33461,15
719,8,-0.22656,1.7832,-0.25195,-0.33461,14
719,8,0.060547,1.8906,-0.53711,-0.33461,13
757,2,0,1.8223,-0.50586,0.33461,12
757,2,0,1.75,-0.7168,-0.33461,12
758,4,-0.058594,1.875,-0.25,0.33461,17
758,4,0,1.9102,-0.27539,0.33461,12
758,4,0,1.8223,-0.50781,-0.33461,15
758,4,0,1.8438,-0.56641,-0.33461,11
759,15,0,1.3242,0.039063,0,10
759,15,0,1.3613,0.017578,0,13
759,15,-0.042969,1.3945,-0.11914,0,12
759,15,-0.044922,1.4297,-0.14258,0,13
759,15,-0.082031,1.3164,0.125,0.33461,18
759,15,0,1.3613,0.0097656,0.33461,21
759,15,-0.087891,1.3965,-0.033203,0.33461,28
759,15,-0.089844,1.4336,-0.039063,0.33461,33
759,15,0,1.4707,-0.12109,0.33461,16
759,15,-0.068359,1.7109,-1.373,0.33461,21
759,15,0,1.4766,-1.6738,0.33461,18
759,15,-0.089844,1.4355,0.017578,0.66921,12
759,15,-0.042969,1.3887,-0.16602,-0.33461,13
759,15,0,1.4219,-0.21484,-0.33461,13
759,15,0,1.8379,-0.44922,-0.33461,17
760,29,0,1.6973,-0.64453,0,21
760,29,0,1.7461,-0.62305,0,46
760,29,0,1.793,-0.59961,0,41
760,29,0,1.8691,-0.48242,0,19
760,29,-0.12305,1.9297,-0.36133,0,11
760,29,0,1.7148,-0.59961,0.33461,41
760,29,0.058594,1.7676,-0.55273,0.33461,89
760,29,0,1.8242,-0.5,0.33461,87
760,29,-0.060547,1.8984,-0.33789,0.33461,47
760,29,0,1.9609,-0.14844,0.33461,22
760,29,-0.042969,1.3984,-0.0019531,0.66921,30
760,29,-0.044922,1.4336,-0.085938,0.66921,90
760,29,0,1.4707,-0.12695,0.66921,117
760,29,0,1.502,-0.1875,0.66921,69
760,29,0,1.5352,-0.22852,0.66921,18
760,29,0,1.7949,-0.46289,0.66921,39
760,29,0,1.8457,-0.41406,0.66921,37
760,29,-0.087891,1.3945,0.089844,1.0038,54
760,29,-0.044922,1.4375,0.0039063,1.0038,164
760,29,-0.046875,1.4746,-0.044922,1.0038,219
760,29,-0.046875,1.5098,-0.09375,1.0038,133
760,29,0,1.541,-0.18164,1.0038,30
760,29,-0.13086,1.3672,0.26953,1.3384,29
760,29,-0.089844,1.4316,0.10547,1.3384,77
760,29,-0.091797,1.4727,0.029297,1.3384,107
760,29,-0.09375,1.5098,-0.011719,1.3384,68
760,29,0,1.5488,-0.078125,1.3384,16
760,29,0,1.7305,-0.76563,-0.33461,15
760,29,0,1.8477,-0.55664,-0.33461,13
761,42,-0.17773,1.875,-0.1875,0,17
761,42,-0.060547,1.8887,-0.38867,0,32
761,42,0,1.9258,-0.40234,0,31
761,42,0,1.9668,-0.38477,0,19
761,42,-0.11523,1.8418,0.17969,0.33461,26
761,42,-0.058594,1.8887,0.095703,0.33461,52
761,42,-0.12109,1.9238,-0.097656,0.33461,41
761,42,-0.18359,1.9531,-0.13867,0.33461,30
761,42,0,2,-0.14258,0.33461,30
761,42,0.12695,2.0059,-0.36914,0.33461,23
761,42,0,1.5527,-0.33398,0.66921,11
761,42,-0.14453,1.8281,-1.4023,0.66921,25
761,42,-0.2207,2.0488,-1.123,0.66921,35
761,42,-0.14258,1.5059,-0.060547,1.0038,14
761,42,-0.048828,1.5469,-0.11523,1.0038,81
761,42,-0.048828,1.582,-0.14063,1.0038,166
761,42,-0.050781,1.6152,-0.18359,1.0038,149
761,42,-0.052734,1.6445,-0.24805,1.0038,57
761,42,-0.2207,2.0039,-1.1992,1.0038,27
761,42,-0.14258,1.5059,0.058594,1.3384,19
761,42,-0.048828,1.5508,-0.027344,1.3384,118
761,42,-0.099609,1.5859,-0.052734,1.3384,254
761,42,-0.050781,1.623,-0.089844,1.3384,230
761,42,-0.052734,1.6563,-0.15234,1.3384,90
761,42,0,2.3691,0.65625,1.3384,13
761,42,-0.097656,1.5469,-0.041016,1.673,35
761,42,-0.099609,1.5859,0.0019531,1.673,88
761,42,-0.10156,1.623,-0.019531,1.673,89
761,42,-0.10352,1.6582,-0.089844,1.673,36
761,42,-0.14453,1.5156,0.29297,2.0076,17
761,42,-0.099609,1.5625,0.27539,2.0076,24
761,42,-0.10156,1.5957,0.29688,2.0076,16
761,42,0.058594,1.8711,-0.27344,-0.66921,18
761,42,0,1.8066,-0.67969,-0.66921,16
761,42,0.12305,1.8496,-0.66016,-0.66921,11
761,42,0.25,1.8965,-0.60156,-0.66921,14
761,42,0,1.8535,-0.025391,-0.33461,22
761,42,0,1.8906,-0.035156,-0.33461,44
761,42,0,1.8926,-0.37305,-0.33461,40
761,42,0.18359,1.9082,-0.43945,-0.33461,35
761,42,0.25,1.9453,-0.41992,-0.33461,44
761,42,0.25586,1.9668,-0.48633,-0.33461,30
762,64,0,1.6582,-0.38281,0,21
762,64,-0.054688,1.6836,-0.43945,0,31
762,64,-0.054688,1.6914,-0.54688,0,19
762,64,0.11523,1.7207,-0.68164,0,14
762,64,-0.24023,1.8906,-0.29883,0,14
762,64,-0.12305,1.9473,-0.25195,0,15
762,64,3.0859,1.2148,-0.77344,0,16
762,64,3.2285,0.85547,-0.83984,0,25
762,64,3.2637,0.82031,-0.89258,0,17
762,64,-0.054688,1.7012,-0.36523,0.33461,16
762,64,0.056641,1.7813,-0.34961,0.33461,13
762,64,0.058594,1.8223,-0.33984,0.33461,32
762,64,0.058594,1.8711,-0.27148,0.33461,37
762,64,-0.060547,1.916,-0.2168,0.33461,33
762,64,0,1.9609,-0.16211,0.33461,31
762,64,0.125,1.998,-0.11133,0.33461,28
762,64,3.2988,0.64844,-0.54102,0.33461,36
762,64,3.2285,0.99414,-0.66992,0.33461,50
762,64,3.2637,0.91211,-0.79883,0.33461,32
762,64,3.0859,1.3691,-0.44727,0.66921,28
762,64,3.1191,1.3418,-0.56445,0.66921,35
762,64,3.2637,1.0898,-0.5293,0.66921,19
762,64,-0.10352,1.6621,0.0058594,1.0038,31
762,64,-0.10547,1.6973,-0.066406,1.0038,126
762,64,-0.054688,1.7344,-0.12109,1.0038,199
762,64,-0.054688,1.7695,-0.16602,1.0038,136
762,64,-0.11328,1.7988,-0.21875,1.0038,35
762,64,-0.10352,1.6582,0.11328,1.3384,85
762,64,-0.10547,1.6992,0.039063,1.3384,338
762,64,-0.10938,1.7363,-0.0039063,1.3384,516
762,64,-0.11133,1.7734,-0.048828,1.3384,358
762,64,-0.056641,1.8105,-0.12305,1.3384,95
762,64,-0.10352,1.6465,0.22656,1.673,66
762,64,-0.10547,1.6914,0.15234,1.673,256
762,64,-0.10938,1.7344,0.10938,1.673,404
762,64,-0.11133,1.7734,0.064453,1.673,271
762,64,-0.11328,1.8125,-0.013672,1.673,73
762,64,-0.16016,1.6758,0.25781,2.0076,41
762,64,-0.16406,1.7188,0.22461,2.0076,63
762,64,-0.11133,1.7676,0.1543,2.0076,43
762,64,-0.16992,1.8086,0.023438,2.0076,11
762,64,-0.16406,1.6914,0.37695,2.3422,13
762,64,0,2.0039,-0.050781,-1.0038,13
762,64,-0.064453,2.0254,-0.26367,-1.0038,24
762,64,0,2.0645,-0.26172,-1.0038,24
762,64,0,2.1016,-0.26367,-1.0038,18
762,64,0.058594,1.6738,-0.79492,-0.66921,18
762,64,0.17773,1.6543,-0.90039,-0.66921,18
762,64,0,1.9492,-0.4668,-0.66921,19
762,64,0,2.0176,-0.32617,-0.66921,25
762,64,0,2.0586,-0.30664,-0.66921,18
762,64,0,1.5938,-0.59961,-0.33461,11
762,64,0,1.6406,-0.58203,-0.33461,16
762,64,0,1.584,-0.80859,-0.33461,10
762,64,0.11328,1.6836,-0.67383,-0.33461,20
762,64,0.058594,1.7266,-0.66992,-0.33461,53
762,64,0.11914,1.6992,-0.82227,-0.33461,51
762,64,0.18164,1.8281,-0.58984,-0.33461,28
762,64,0.24609,1.9395,-0.21875,-0.33461,30
762,64,0.1875,1.9707,-0.32422,-0.33461,36
762,64,0.19141,1.9922,-0.41406,-0.33461,20
762,64,-0.72266,1.0586,1.2324,0,10
762,64,-2.3418,0,2.6309,0,10
762,64,-2.3672,0,2.6152,0,14
763,52,-0.23242,1.8359,0.10547,0,11
763,52,-0.11914,1.875,-0.2207,0,45
763,52,-0.12109,1.9023,-0.30078,0,69
763,52,-0.18359,1.9199,-0.39063,0,38
763,52,0.0625,1.9355,0.51953,0,18
763,52,0,2.0059,-0.39063,0,16
763,52,0,2.0293,-0.46094,0,12
763,52,3.3711,0.57422,-0.64453,0,17
763,52,3.2988,1.0234,-0.66992,0,14
763,52,-0.22266,1.7617,-0.10352,0.33461,16
763,52,0,1.8066,-0.17383,0.33461,31
763,52,0,1.8438,-0.18945,0.33461,64
763,52,-0.058594,1.8848,-0.14063,0.33461,130
763,52,-0.060547,1.9238,-0.13281,0.33461,176
763,52,-0.060547,1.9609,-0.15625,0.33461,112
763,52,0,1.998,-0.1582,0.33461,46
763,52,0,2.0352,-0.18555,0.33461,46
763,52,0,2.0703,-0.20117,0.33461,29
763,52,0,2.7695,0.41602,0.33461,18
763,52,3.2285,1.1387,-0.37109,0.33461,19
763,52,3.2637,1.123,-0.45117,0.33461,35
763,52,3.2988,1.0957,-0.54883,0.33461,30
763,52,-0.058594,1.8516,-0.068359,0.66921,23
763,52,-0.058594,1.8906,0.0058594,0.66921,49
763,52,-0.12109,1.9258,-0.0019531,0.66921,68
763,52,0,1.9668,-0.011719,0.66921,43
763,52,0,2.0039,-0.060547,0.66921,18
763,52,0,2.0391,-0.11133,0.66921,19
763,52,3.1543,1.4375,-0.31055,0.66921,14
763,52,3.1895,1.4648,-0.25391,0.66921,12
763,52,0.11523,1.7402,-0.62695,-0.66921,18
763,52,0.058594,1.7871,-0.62109,-0.66921,22
763,52,0.12109,1.8672,-0.47266,-0.66921,25
763,52,0.18359,1.9355,-0.30469,-0.66921,28
763,52,0.1875,1.7109,-1.0273,-0.66921,19
763,52,0.19141,1.7832,-0.97852,-0.66921,14
763,52,0.056641,1.7598,-0.44727,-0.33461,21
763,52,0.058594,1.7891,-0.48047,-0.33461,52
763,52,0.058594,1.8262,-0.48633,-0.33461,66
763,52,0.060547,1.8965,-0.35352,-0.33461,72
763,52,0.18359,1.9375,-0.28711,-0.33461,76
763,52,0.1875,1.7813,-0.90234,-0.33461,54
763,52,0.19141,1.8555,-0.83203,-0.33461,39
763,52,0.19531,1.9375,-0.73438,-0.33461,14
763,52,-2.3926,0,3.0918,0,10
763,52,-2.4199,0,2.877,0,8
763,52,-2.3672,0,3.1875,0.33461,13
763,52,-2.3926,0,3.0957,0.33461,22
763,52,-2.4199,0,2.9258,0.33461,17
763,52,-2.502,0,3.0664,0.66921,9
763,52,-2.5293,0,3.0313,0.66921,8
763,52,-0.56445,1.6113,1.0527,-0.66921,10
764,42,-0.16406,1.7305,-0.070313,0,21
764,42,-0.16602,1.7637,-0.14648,0,81
764,42,-0.16992,1.7988,-0.17383,0,131
764,42,-0.17383,1.8301,-0.23633,0,99
764,42,0,1.8164,-0.5293,0,56
764,42,0.12109,1.8711,-0.45508,0,35
764,42,0.24609,1.916,-0.36719,0,25
764,42,0.25,1.9805,-0.18945,0,19
764,42,0.19141,2.0254,-0.18164,0,17
764,42,-0.16406,1.7324,0.013672,0.33461,41
764,42,-0.16602,1.7695,-0.03125,0.33461,163
764,42,-0.16992,1.8066,-0.056641,0.33461,252
764,42,-0.17383,1.8398,-0.15234,0.33461,184
764,42,0,1.8262,-0.49609,0.33461,122
764,42,-0.12109,1.8984,-0.31836,0.33461,69
764,42,-0.24609,1.9512,-0.037109,0.33461,33
764,42,3.2637,1.209,-0.064453,0.33461,16
764,42,3.4082,0.86328,-0.12695,0.33461,16
764,42,-0.2168,1.7227,0.12305,0.66921,18
764,42,-0.16602,1.7695,0.064453,0.66921,74
764,42,-0.16992,1.8066,0.039063,0.66921,118
764,42,-0.17383,1.8457,-0.041016,0.66921,90
764,42,-0.058594,1.8652,-0.30469,0.66921,50
764,42,-0.12109,1.916,-0.20117,0.66921,26
764,42,0,1.6875,-0.85352,-0.66921,13
764,42,0.30664,1.8164,-0.6875,-0.66921,19
764,42,0.25,1.9141,-0.53906,-0.66921,15
764,42,0.19141,1.9766,-0.47852,-0.66921,15
764,42,-0.16602,1.752,-0.25586,-0.33461,17
764,42,-0.22656,1.7949,-0.15234,-0.33461,18
764,42,0.058594,1.6426,-0.85938,-0.33461,38
764,42,-0.058594,1.7617,-0.68555,-0.33461,44
764,42,-0.30078,1.8867,0.27539,-0.33461,36
764,42,0.30664,1.8496,-0.59766,-0.33461,50
764,42,0.3125,1.9316,-0.43945,-0.33461,38
764,42,0.25586,1.9863,-0.40039,-0.33461,38
764,42,0.19531,2.002,-0.5293,-0.33461,23
764,42,0.42969,1.2422,-1.4648,0.33461,17
764,42,0,3.4805,0.041016,0.33461,9
764,42,-0.36914,1.625,1.0449,-0.66921,12
764,42,0.36133,1.7734,-0.66797,-0.33461,33
764,42,-0.36914,1.6035,1.0801,-0.33461,32
765,7,-0.16992,1.8086,0,0.33461,18
765,7,-0.058594,1.8438,-0.17383,0.33461,26
765,7,0,1.8613,-0.3418,0.33461,19
765,7,-0.11328,1.7871,-0.30469,-0.33461,21
765,7,0,1.8164,-0.36914,-0.33461,29
765,7,0,1.7949,-0.5957,-0.33461,17
765,7,0.18359,1.9375,-0.2832,-0.33461,14
766,12,0,1.8535,-0.064453,0.33461,11
766,12,0,1.8887,-0.10352,0.33461,10
766,12,0.12109,1.9199,-0.1543,0.33461,12
766,12,0.18359,1.9375,-0.29297,0.33461,16
766,12,0.1875,1.9512,-0.42188,0.33461,20
766,12,0.12695,1.9688,-0.5293,0.33461,14
766,12,0,1.8418,-0.20313,-0.33461,10
766,12,0.058594,1.873,-0.25391,-0.33461,10
766,12,0.18164,1.8828,-0.38086,-0.33461,11
766,12,0.18359,1.8809,-0.55078,-0.33461,12
766,12,0.1875,1.8594,-0.72461,-0.33461,14
766,12,0.12695,1.877,-0.79492,-0.33461,10
767,6,-0.11328,1.8027,-0.18164,0.33461,13
767,6,0,1.8418,-0.21094,0.33461,19
767,6,0,1.8516,-0.38867,0.33461,15
767,6,-0.11328,1.7598,-0.4375,-0.33461,15
767,6,0,1.7773,-0.52539,-0.33461,19
767,6,0,1.7852,-0.625,-0.33461,14
768,4,-0.16992,1.8027,-0.13086,0.33461,11
768,4,0,1.832,-0.2832,0.33461,10
768,4,-0.16992,1.7754,-0.33984,-0.33461,14
768,4,0,1.7656,-0.56641,-0.33461,12
806,15,-0.041016,1.3223,0.048828,0,10
806,15,0,1.3613,-0.058594,0,21
806,15,-0.087891,1.3945,-0.076172,0,24
806,15,-0.044922,1.4297,-0.13477,0,22
806,15,0,1.457,-0.22656,0,16
806,15,-0.082031,1.3184,0.09375,0.33461,17
806,15,-0.085938,1.3574,0.070313,0.33461,39
806,15,-0.087891,1.3965,0.0019531,0.33461,47
806,15,-0.044922,1.4355,-0.070313,0.33461,47
806,15,0,1.4707,-0.12109,0.33461,35
806,15,-0.085938,1.3496,0.1582,0.66921,19
806,15,-0.087891,1.3926,0.11133,0.66921,22
806,15,-0.089844,1.4355,0.027344,0.66921,19
806,15,-0.046875,1.4746,-0.019531,0.66921,15
806,15,0,1.6543,-0.83594,-0.33461,16
807,18,0,1.4258,-0.18555,0,8
807,18,-0.091797,1.4551,-0.23047,0,10
807,18,-0.042969,1.3965,-0.072266,0.33461,13
807,18,-0.044922,1.4316,-0.11914,0.33461,35
807,18,-0.091797,1.4668,-0.14063,0.33461,36
807,18,-0.09375,1.5039,-0.14258,0.33461,14
807,18,-0.087891,1.3965,0.015625,0.66921,29
807,18,-0.089844,1.4355,-0.027344,0.66921,79
807,18,-0.091797,1.4727,-0.050781,0.66921,90
807,18,-0.09375,1.5078,-0.076172,0.66921,41
807,18,-0.13867,2.2188,-0.20313,0.66921,29
807,18,-0.14258,2.25,0.25781,0.66921,24
807,18,-0.087891,1.3945,0.091797,1.0038,23
807,18,-0.089844,1.4336,0.056641,1.0038,51
807,18,-0.091797,1.4727,0.042969,1.0038,58
807,18,-0.09375,1.5098,0.027344,1.0038,28
807,18,0,1.4121,-1.2012,-0.33461,16
807,18,0,1.9258,-0.12891,-0.33461,15
808,36,0,1.4863,-0.28906,0,10
808,36,0,1.5176,-0.32031,0,19
808,36,0,1.5488,-0.35547,0,16
808,36,0,1.8594,-0.34375,0,18
808,36,0,1.8711,-0.47461,0,20
808,36,0,1.9219,-0.41797,0,18
808,36,0,1.9707,-0.37305,0,14
808,36,0.23633,1.8652,0.21484,0.33461,11
808,36,-0.24023,1.7148,-0.85156,0.33461,18
808,36,-0.18359,1.9277,-0.34375,0.33461,29
808,36,-0.125,1.9648,-0.375,0.33461,31
808,36,0,1.9902,-0.45703,0.33461,13
808,36,-0.14258,1.5039,-0.083984,0.66921,24
808,36,-0.097656,1.5391,-0.16602,0.66921,47
808,36,-0.099609,1.5762,-0.18164,0.66921,42
808,36,0,1.6152,-0.19727,0.66921,15
808,36,-0.091797,1.4688,0.11133,1.0038,17
808,36,-0.09375,1.5098,0.0078125,1.0038,82
808,36,-0.097656,1.5469,-0.037109,1.0038,156
808,36,-0.099609,1.584,-0.074219,1.0038,137
808,36,-0.10156,1.6191,-0.12305,1.0038,53
808,36,-0.13867,1.459,0.16797,1.3384,17
808,36,-0.09375,1.5059,0.11133,1.3384,81
808,36,-0.097656,1.5469,0.076172,1.3384,154
808,36,-0.048828,1.5879,0.044922,1.3384,135
808,36,-0.10156,1.623,-0.023438,1.3384,54
808,36,-0.14258,1.498,0.1543,1.673,22
808,36,-0.097656,1.5371,0.17773,1.673,43
808,36,-0.14844,1.5742,0.16406,1.673,37
808,36,0,1.625,0.078125,1.673,14
808,36,0.11914,1.8516,-0.36719,-0.66921,13
808,36,0.17383,1.8418,-0.12695,-0.33461,21
808,36,0.11914,1.8711,-0.25195,-0.33461,36
808,36,0,1.8906,-0.38867,-0.33461,22
808,36,-0.35547,1.5039,-1.0918,0.33461,9
808,36,-0.9043,0.70898,1.5488,0.33461,13
809,43,0,1.6406,-0.28711,0,12
809,43,0,1.6621,-0.36523,0,13
809,43,0,1.8457,-0.17578,0,20
809,43,0,1.8828,-0.18945,0,28
809,43,0,1.7949,-0.2793,0.33461,23
809,43,0,1.8438,-0.20117,0.33461,41
809,43,0.058594,1.8887,-0.095703,0.33461,36
809,43,0,1.9258,-0.12695,0.33461,21
809,43,-0.060547,1.9414,-0.31445,0.33461,29
809,43,-0.0625,1.9297,-0.53906,0.33461,27
809,43,-0.22266,1.8008,-1.5449,0.33461,33
809,43,3.0508,1.4023,-0.24805,0.33461,16
809,43,3.1914,1.1367,-0.33594,0.33461,17
809,43,-0.052734,1.6621,-0.080078,0.66921,22
809,43,0,1.6973,-0.13281,0.66921,24
809,43,-0.054688,1.7266,-0.20703,0.66921,13
809,43,3.1563,1.166,0.11523,0.66921,16
809,43,3.1914,1.1797,0.10938,0.66921,17
809,43,-0.10156,1.623,0.025391,1.0038,56
809,43,-0.10352,1.6621,-0.023438,1.0038,128
809,43,-0.10547,1.6973,-0.060547,1.0038,135
809,43,-0.10938,1.7324,-0.11719,1.0038,63
809,43,-0.10156,1.6191,0.13281,1.3384,76
809,43,-0.10352,1.6582,0.089844,1.3384,169
809,43,-0.10547,1.6992,0.048828,1.3384,172
809,43,-0.10938,1.7363,-0.017578,1.3384,78
809,43,0,1.7656,-0.21289,1.3384,12
809,43,-0.15234,1.6035,0.22461,1.673,31
809,43,-0.15625,1.6465,0.1875,1.673,68
809,43,-0.16016,1.6895,0.14453,1.673,66
809,43,-0.16406,1.7305,0.099609,1.673,28
809,43,0.056641,1.7363,-0.52734,-0.66921,11
809,43,0.058594,1.7988,-0.44531,-0.66921,24
809,43,0.058594,1.8535,-0.37695,-0.66921,26
809,43,0.060547,1.8691,-0.47266,-0.66921,11
809,43,0.056641,1.7578,-0.45313,-0.33461,31
809,43,0.058594,1.8184,-0.35547,-0.33461,69
809,43,0.058594,1.8672,-0.29688,-0.33461,74
809,43,0.060547,1.875,-0.45117,-0.33461,32
809,43,-0.63867,0.70117,1.4141,0,7
809,43,-2.4199,0,3.0664,0.33461,10
809,43,-2.3418,0,3.0781,0.33461,12
809,43,-2.2344,0,3.2988,0.66921,10
810,64,-0.16406,1.6973,-0.35156,0,14
810,64,-0.16602,1.7344,-0.35156,0,25
810,64,-0.11328,1.7754,-0.36719,0,24
810,64,0,1.834,-0.26367,0,29
810,64,0,1.8809,-0.19727,0,46
810,64,-0.12109,1.9023,-0.30078,0,53
810,64,-0.12305,1.9277,-0.37695,0,35
810,64,3.1191,1.2344,-0.77148,0,16
810,64,3.1543,1.1953,-0.85742,0,14
810,64,-0.2168,1.7168,-0.1875,0.33461,11
810,64,-0.16602,1.7539,-0.24414,0.33461,23
810,64,0,1.7988,-0.25,0.33461,39
810,64,0.058594,1.8379,-0.24023,0.33461,56
810,64,0.11914,1.8594,-0.32617,0.33461,35
810,64,-0.12109,1.9238,-0.10547,0.33461,73
810,64,-0.12305,1.959,-0.13477,0.33461,70
810,64,-0.30273,1.3262,-2.0039,0.33461,30
810,64,-0.30664,1.248,-2.0957,0.33461,29
810,64,3.0859,1.3691,-0.44727,0.33461,20
810,64,3.3359,0.67969,-0.51758,0.33461,42
810,64,3.2637,1.0352,-0.62891,0.33461,38
810,64,-0.10547,1.6992,-0.033203,0.66921,43
810,64,-0.16406,1.7305,-0.085938,0.66921,204
810,64,-0.16602,1.7656,-0.13281,0.66921,374
810,64,-0.11328,1.8027,-0.18555,0.66921,318
810,64,-0.11523,1.834,-0.24023,0.66921,117
810,64,0.058594,1.8906,0.021484,0.66921,17
810,64,-0.12109,1.9258,-0.0039063,0.66921,40
810,64,-0.12305,1.9629,-0.052734,0.66921,33
810,64,3.0859,1.4316,-0.1582,0.66921,19
810,64,3.2285,1.1523,-0.32813,0.66921,43
810,64,3.2637,1.1387,-0.41211,0.66921,40
810,64,3.1895,1.3203,-0.68359,0.66921,16
810,64,-0.16016,1.6934,0.09375,1.0038,70
810,64,-0.16406,1.7324,0.021484,1.0038,339
810,64,-0.16602,1.7695,-0.019531,1.0038,619
810,64,-0.16992,1.8066,-0.0625,1.0038,529
810,64,-0.17383,1.8418,-0.125,1.0038,187
810,64,-0.23633,1.8633,-0.22461,1.0038,17
810,64,3.1191,1.4551,0.0097656,1.0038,14
810,64,3.1543,1.4414,-0.29688,1.0038,14
810,64,-0.16016,1.6816,0.20508,1.3384,33
810,64,-0.16406,1.7266,0.13477,1.3384,164
810,64,-0.16602,1.7676,0.09375,1.3384,318
810,64,-0.16992,1.8066,0.054688,1.3384,271
810,64,-0.17383,1.8457,0.0019531,1.3384,101
810,64,-0.17773,1.8828,-0.042969,1.3384,14
810,64,0,1.7793,-0.36328,-0.66921,14
810,64,0.11523,1.7949,-0.45313,-0.66921,30
810,64,0.058594,1.8301,-0.47852,-0.66921,27
810,64,0.060547,1.9277,-0.38867,-0.66921,14
810,64,0,2.0742,-0.15625,-0.66921,13
810,64,0.056641,1.7793,-0.35547,-0.33461,39
810,64,0.058594,1.8164,-0.36914,-0.33461,90
810,64,0.058594,1.8418,-0.42383,-0.33461,84
810,64,0,1.8906,-0.38867,-0.33461,31
810,64,0.060547,1.9395,-0.32813,-0.33461,39
810,64,0.125,1.9688,-0.35547,-0.33461,26
810,64,-2.4746,0,2.4453,0,9
810,64,-2.3926,0,2.75,0,8
810,64,-0.5918,0.90625,-1.5527,0.33461,24
810,64,-2.4473,0,3.1602,0.33461,12
810,64,-2.3672,0,2.9336,0.33461,25
810,64,-2.3926,0,2.873,0.33461,22
811,45,-0.16602,1.7695,0.074219,0,30
811,45,-0.16992,1.8066,0.048828,0,85
811,45,-0.17383,1.8457,0.017578,0,110
811,45,-0.17773,1.8828,-0.066406,0,83
811,45,-0.24023,1.8887,-0.31445,0,53
811,45,-0.18359,1.9004,-0.47461,0,32
811,45,-0.1875,1.9121,-0.57227,0,15
811,45,0,2.0156,-0.33398,0,12
811,45,0,2.0547,-0.33398,0,8
811,45,3.1543,1.3633,-0.55469,0,13
811,45,3.1895,1.334,-0.66016,0,10
811,45,0,1.8516,-0.10352,0.33461,27
811,45,-0.058594,1.8809,-0.1875,0.33461,70
811,45,-0.060547,1.9141,-0.23633,0.33461,108
811,45,-0.060547,1.9473,-0.2793,0.33461,94
811,45,0,1.9844,-0.28516,0.33461,55
811,45,-0.064453,2.0332,-0.19531,0.33461,30
811,45,-0.064453,2.0723,-0.17383,0.33461,16
811,45,3.1191,1.3262,-0.60156,0.33461,16
811,45,3.2637,1.1211,-0.46094,0.33461,30
811,45,3.2988,1.1191,-0.49414,0.33461,23
811,45,-0.17773,1.8789,-0.13672,0.66921,28
811,45,-0.12109,1.9219,-0.10742,0.66921,44
811,45,-0.12305,1.959,-0.14453,0.66921,36
811,45,-0.0625,1.998,-0.16797,0.66921,20
811,45,0,2.043,-0.029297,0.66921,11
811,45,-0.16602,1.7656,-0.11719,-0.66921,27
811,45,-0.11328,1.8027,-0.18164,-0.66921,79
811,45,-0.11523,1.8359,-0.23242,-0.66921,100
811,45,-0.11914,1.875,-0.22852,-0.66921,56
811,45,0.18164,1.7832,-0.71289,-0.66921,19
811,45,0.18359,1.8105,-0.74805,-0.66921,21
811,45,0.125,1.8477,-0.76758,-0.66921,15
811,45,-0.16602,1.7695,-0.0097656,-0.33461,50
811,45,-0.11328,1.8105,-0.095703,-0.33461,150
811,45,-0.11523,1.8457,-0.12891,-0.33461,190
811,45,-0.17773,1.8809,-0.080078,-0.33461,108
811,45,0.18164,1.8164,-0.625,-0.33461,57
811,45,0.12305,1.8691,-0.60156,-0.33461,60
811,45,0.125,1.8945,-0.64648,-0.33461,42
811,45,0.12695,1.9375,-0.63477,-0.33461,21
811,45,-2.502,0,2.8281,0,7
811,45,-2.4746,0,2.7715,0.33461,11
811,45,-2.3926,0,2.9961,0.33461,18
811,45,-2.4199,0,2.916,0.33461,13
812,30,-0.22266,1.7637,-0.070313,0,28
812,30,-0.16992,1.8008,-0.15234,0,64
812,30,-0.17383,1.832,-0.2207,0,68
812,30,-0.17773,1.8594,-0.30078,0,33
812,30,-0.27148,1.7148,0.10742,0.33461,13
812,30,-0.16602,1.7695,0.033203,0.33461,65
812,30,-0.16992,1.8086,-0.023438,0.33461,140
812,30,-0.17383,1.8438,-0.099609,0.33461,142
812,30,-0.17773,1.8672,-0.25391,0.33461,60
812,30,-0.12109,1.9258,-0.019531,0.33461,21
812,30,-0.060547,1.9492,-0.25391,0.33461,48
812,30,0,1.9746,-0.35352,0.33461,37
812,30,0.064453,2,-0.41211,0.33461,17
812,30,-0.22266,1.7617,0.095703,0.66921,27
812,30,-0.16992,1.8066,0.087891,0.66921,57
812,30,-0.17383,1.8457,0.011719,0.66921,58
812,30,-0.17773,1.877,-0.14844,0.66921,25
812,30,0,1.9668,-0.076172,0.66921,17
812,30,0,1.9961,-0.19727,0.66921,13
812,30,0.060547,1.793,-0.80664,-0.66921,15
812,30,0.125,1.7734,-0.92773,-0.66921,15
812,30,-0.22266,1.752,-0.20117,-0.33461,16
812,30,-0.22656,1.7715,-0.32617,-0.33461,29
812,30,0,1.8125,-0.39453,-0.33461,32
812,30,0.058594,1.8184,-0.51563,-0.33461,18
812,30,-0.12109,1.8516,-0.53125,-0.33461,22
812,30,0,1.8672,-0.61719,-0.33461,44
812,30,0.125,1.875,-0.69727,-0.33461,45
812,30,0.12695,1.8789,-0.79102,-0.33461,27
812,30,0.13086,1.8965,-0.8457,-0.33461,11
813,16,-0.2832,1.791,-0.11328,0,10
813,16,-0.23242,1.8242,-0.24023,0,11
813,16,-0.22266,1.7637,0.013672,0.33461,21
813,16,-0.22656,1.8008,0.048828,0.33461,40
813,16,-0.17383,1.8457,0.019531,0.33461,35
813,16,-0.29492,1.8672,-0.072266,0.33461,15
813,16,0.24609,1.9453,-0.16602,0.33461,16
813,16,-0.11328,1.7871,-0.30664,-0.66921,19
813,16,-0.17383,1.8125,-0.34766,-0.66921,17
813,16,-0.16602,1.7637,-0.14648,-0.33461,28
813,16,-0.16992,1.7969,-0.20703,-0.33461,56
813,16,-0.17383,1.8301,-0.24219,-0.33461,51
813,16,-0.17773,1.8438,-0.38281,-0.33461,23
813,16,0.30664,1.9004,-0.4043,-0.33461,18
813,16,0.1875,1.8809,-0.67188,-0.33461,14
813,16,-0.42969,0.60742,1.8203,-0.33461,10
814,6,-0.22656,1.8008,0.025391,0.33461,10
814,6,0,1.8906,0.085938,0.33461,10
814,6,0.12109,1.916,-0.20117,0.33461,17
814,6,0.18359,1.9258,-0.35742,0.33461,16
814,6,0.18164,1.8809,-0.39453,-0.33461,16
814,6,0.18359,1.8809,-0.54688,-0.33461,14
852,64,0,1.6855,0.24609,0,53
852,64,0,1.7324,0.16992,0,285
852,64,0,1.7773,0.064453,0,598
852,64,0,1.8008,-0.24219,0,584
852,64,-0.058594,1.7539,-0.59961,0,257
852,64,-0.29492,1.8516,-0.25781,0,87
852,64,0.24023,1.8516,0.48438,0,67
852,64,3.4082,0.72461,-0.48828,0,36
852,64,3.4453,0.59375,-0.65234,0,49
852,64,-3.5938,0,-0.78711,0,34
852,64,0,3.5996,-0.48047,0,23
852,64,0,3.6074,-0.67383,0,19
852,64,0,1.6445,0.56641,0.33461,15
852,64,-0.11133,1.7656,0.18359,0.33461,21
852,64,-0.11328,1.8066,-0.15234,0.33461,56
852,64,-0.058594,1.8418,-0.20313,0.33461,69
852,64,-0.11914,1.8789,-0.18164,0.33461,47
852,64,-0.18164,1.9121,-0.1875,0.33461,34
852,64,-0.18359,1.9375,-0.28711,0.33461,27
852,64,-3.5566,0,-0.76953,0.33461,18
852,64,-0.054688,1.7773,0.0039063,0.66921,17
852,64,-0.056641,1.8105,-0.11523,0.66921,31
852,64,-0.11523,1.8457,-0.12109,0.66921,27
852,64,-0.23633,1.875,-0.060547,0.66921,12
852,64,0,1.7363,-0.11914,-1.0038,17
852,64,0.054688,1.7734,-0.10742,-1.0038,29
852,64,0,1.8066,-0.1875,-1.0038,20
852,64,0,1.7813,-0.51563,-1.0038,20
852,64,0,1.8047,-0.56641,-1.0038,17
852,64,-0.060547,1.8359,-0.58984,-1.0038,11
852,64,0,1.7031,0.011719,-0.66921,56
852,64,0,1.7402,-0.037109,-0.66921,294
852,64,0,1.7734,-0.12109,-0.66921,595
852,64,0,1.7734,-0.38672,-0.66921,543
852,64,-0.058594,1.6211,-0.89648,-0.66921,200
852,64,-0.23633,1.8184,-0.4668,-0.66921,83
852,64,0.18164,1.9141,0.15625,-0.66921,63
852,64,3.4082,0.24609,-0.83789,-0.66921,32
852,64,-3.5566,0,-1.1211,-0.66921,46
852,64,-3.4824,0,-1.2285,-0.66921,34
852,64,0,3.5332,-0.8457,-0.66921,36
852,64,0,3.4492,-1.2539,-0.66921,31
852,64,0,1.6973,0.12695,-0.33461,98
852,64,0,1.7402,0.056641,-0.33461,523
852,64,0,1.7773,-0.054688,-0.33461,1107
852,64,0,1.7793,-0.36133,-0.33461,1102
852,64,-0.058594,1.7207,-0.68945,-0.33461,503
852,64,-0.29492,1.8301,-0.38086,-0.33461,164
852,64,0.24023,1.8887,0.31055,-0.33461,126
852,64,-0.30664,1.9023,-0.39258,-0.33461,107
852,64,-3.5176,0,-0.76563,-0.33461,75
852,64,-3.5566,0,-0.88672,-0.33461,106
852,64,-3.4824,0,-1.043,-0.33461,76
852,64,0,3.5625,-0.70703,-0.33461,47
852,64,0,3.5313,-0.99609,-0.33461,41
852,64,0.35547,1.4355,1.1797,0,77
852,64,-0.36133,1.8574,-0.37891,0,60
852,64,-0.11133,3.5313,-0.41211,0,26
852,64,-0.11328,3.5625,-0.4668,0,28
852,64,-3.5176,0.2168,-0.875,0,13
852,64,-1.377,0,3.5664,0,10
852,64,0.29492,1.7461,0.66406,-0.66921,76
852,64,-0.30078,1.791,-0.65039,-0.66921,58
852,64,-0.22461,3.5234,-0.67188,-0.66921,29
853,46,0,1.6523,0.20703,0,26
853,46,0,1.6973,0.13672,0,97
853,46,0.054688,1.7383,-0.0625,0,152
853,46,0.11133,1.7598,-0.23438,0,370
853,46,0.056641,1.8047,-0.19922,0,637
853,46,0.058594,1.8438,-0.1875,0,530
853,46,0.058594,1.8652,-0.31055,0,196
853,46,-0.060547,1.8418,-0.57422,0,81
853,46,0,1.6875,0.22266,0.33461,18
853,46,0,1.7363,0.11328,0.33461,26
853,46,0.054688,1.7734,-0.11523,0.33461,54
853,46,0.056641,1.8145,-0.050781,0.33461,94
853,46,0.058594,1.8535,-0.0097656,0.33461,78
853,46,0.058594,1.8906,-0.0078125,0.33461,27
853,46,0.11133,1.6445,-0.66602,-1.3384,11
853,46,0.11328,1.709,-0.60547,-1.3384,21
853,46,0.11523,1.748,-0.60938,-1.3384,18
853,46,0.052734,1.6992,-0.10742,-1.0038,35
853,46,0.10938,1.7305,-0.14648,-1.0038,45
853,46,0.16602,1.7266,-0.38867,-1.0038,53
853,46,0.056641,1.7578,-0.44922,-1.0038,111
853,46,0.058594,1.8008,-0.43359,-1.0038,100
853,46,0,1.8105,-0.55078,-1.0038,36
853,46,0,3.3477,-0.95313,-1.0038,30
853,46,0,3.3789,-0.97852,-1.0038,35
853,46,0,3.4883,-0.69531,-1.0038,21
853,46,0,1.6641,0.021484,-0.66921,44
853,46,0.052734,1.7012,-0.037109,-0.66921,163
853,46,0.10938,1.7266,-0.1875,-0.66921,228
853,46,0.11133,1.7227,-0.42773,-0.66921,446
853,46,0.056641,1.7715,-0.39844,-0.66921,803
853,46,0.11523,1.8145,-0.36133,-0.66921,679
853,46,0.11914,1.8379,-0.43359,-0.66921,240
853,46,0,1.7305,-0.85352,-0.66921,57
853,46,0,3.4297,-0.78906,-0.66921,42
853,46,0,1.6602,0.11328,-0.33461,55
853,46,0,1.7012,0.054688,-0.33461,202
853,46,0.054688,1.7344,-0.13477,-0.33461,301
853,46,0.11133,1.7422,-0.33594,-0.33461,692
853,46,0.056641,1.7891,-0.30469,-0.33461,1209
853,46,0.11523,1.8301,-0.27734,-0.33461,1007
853,46,0.11914,1.8457,-0.39258,-0.33461,370
853,46,0,1.793,-0.71289,-0.33461,140
853,46,-0.5,0.95117,1.416,-1.3384,6
853,46,-0.33398,0.92383,-1.4824,-1.0038,31
853,46,3.4082,0.67383,0.55469,-0.66921,30
854,64,0,1.6191,0.16602,0,7
854,64,0.052734,1.6426,0.26563,0,21
854,64,-0.10547,1.6309,-0.47461,0,57
854,64,-0.054688,1.6758,-0.46289,0,180
854,64,-0.054688,1.7168,-0.46094,0,215
854,64,0,1.7539,-0.47461,0,160
854,64,0,1.7949,-0.46484,0,110
854,64,-0.058594,1.8418,-0.42383,0,55
854,64,3.2285,1.1855,0.17773,0,33
854,64,3.3711,0.7793,0.37109,0,38
854,64,-3.5176,0,0.095703,0,35
854,64,-3.5566,0,-0.23633,0,29
854,64,-0.16016,1.6699,-0.28906,0.33461,15
854,64,-0.054688,1.7129,-0.30664,0.33461,41
854,64,-0.054688,1.7461,-0.32813,0.33461,48
854,64,0,1.7832,-0.33789,0.33461,34
854,64,0,1.8203,-0.3457,0.33461,22
854,64,0,1.5977,-0.69141,-1.3384,16
854,64,0,1.6172,-0.73828,-1.3384,15
854,64,0.10547,3.2578,-0.98633,-1.3384,27
854,64,0.10742,3.2598,-1.1035,-1.3384,42
854,64,0.10938,3.25,-1.2402,-1.3384,33
854,64,0.10938,3.291,-1.2402,-1.3384,17
854,64,0.050781,1.627,0.015625,-1.0038,33
854,64,0.052734,1.6641,-0.033203,-1.0038,132
854,64,0.10547,1.6992,-0.0078125,-1.0038,158
854,64,-0.27148,0.60938,-1.6074,-1.0038,69
854,64,-0.11133,1.3633,-1.1348,-1.0038,143
854,64,-0.056641,1.5684,-0.91602,-1.0038,122
854,64,0,1.6836,-0.77734,-1.0038,87
854,64,-0.058594,1.7695,-0.66406,-1.0038,60
854,64,0.10547,3.3262,-0.72266,-1.0038,31
854,64,0.10742,3.3262,-0.88477,-1.0038,52
854,64,0.2168,3.3418,-0.94922,-1.0038,43
854,64,0.10938,3.3477,-1.0762,-1.0038,20
854,64,0.050781,1.623,0.10938,-0.66921,69
854,64,0.052734,1.6621,0.066406,-0.66921,264
854,64,0.10547,1.6953,0.11719,-0.66921,264
854,64,-0.16406,1.373,-1.0566,-0.66921,252
854,64,-0.054688,1.5566,-0.85742,-0.66921,452
854,64,-0.056641,1.6367,-0.7832,-0.66921,372
854,64,0,1.7285,-0.67188,-0.66921,281
854,64,-0.058594,1.8008,-0.57617,-0.66921,172
854,64,3.3359,0.83398,-0.1875,-0.66921,45
854,64,-3.4805,0,-0.125,-0.66921,52
854,64,-3.5176,0,-0.39844,-0.66921,47
854,64,-3.5566,0,-0.75781,-0.66921,37
854,64,0,1.6133,0.20313,-0.33461,44
854,64,0.052734,1.6543,0.17383,-0.33461,161
854,64,0.10547,1.6895,0.18359,-0.33461,122
854,64,-0.10938,1.5781,-0.72656,-0.33461,337
854,64,-0.054688,1.6543,-0.65234,-0.33461,490
854,64,0,1.709,-0.61328,-0.33461,384
854,64,0,1.7656,-0.56641,-0.33461,278
854,64,-0.058594,1.8262,-0.48633,-0.33461,156
854,64,3.3359,0.85352,-0.0019531,-0.33461,64
854,64,-3.4805,0,0.10156,-0.33461,73
854,64,-3.5176,0,-0.13477,-0.33461,68
854,64,-3.4453,0.75,-0.46484,-0.33461,57
854,64,0.21484,3.4336,0.13477,0,19
854,64,0.10938,3.4766,-0.10156,0,28
854,64,0.10938,3.5078,-0.25195,0,25
854,64,0,3.5488,-0.2168,0,16
854,64,-0.99023,2.0449,2.6855,-1.3384,10
855,64,0,1.541,0.18359,0,17
855,64,0,1.5801,0.17578,0,46
855,64,0,1.625,0.070313,0,88
855,64,0,1.6641,-0.0039063,0,128
855,64,0.052734,1.7012,-0.0097656,0,91
855,64,-0.43555,1.6484,0.3457,0,23
855,64,0,1.7402,-0.36328,0,20
855,64,-0.16992,1.7539,-0.43945,0,35
855,64,-0.17383,1.8008,-0.40234,0,26
855,64,-0.16602,2.6406,0.095703,0,19
855,64,0,1.5645,0.2793,0.33461,19
855,64,0,1.6191,0.16211,0.33461,38
855,64,0,1.6602,0.11914,0.33461,53
855,64,0.052734,1.6953,0.14258,0.33461,36
855,64,-0.2832,1.752,-0.38867,0.33461,15
855,64,0.050781,1.5566,-0.4707,-1.673,14
855,64,0.052734,1.5684,-0.55469,-1.673,19
855,64,0.052734,1.6289,-0.49414,-1.673,12
855,64,0,2.9102,-1.4531,-1.673,18
855,64,0,3.0195,-1.3125,-1.673,32
855,64,-0.10352,2.9863,-1.4688,-1.673,23
855,64,-0.52539,3.3223,-0.16211,-1.673,13
855,64,0,3.252,-1.0078,-1.673,30
855,64,0.10742,3.2461,-1.1406,-1.673,22
855,64,0,1.543,-0.15234,-1.3384,18
855,64,0.048828,1.5762,-0.19727,-1.3384,47
855,64,0.050781,1.5918,-0.33008,-1.3384,88
855,64,0.052734,1.6094,-0.41992,-1.3384,123
855,64,0.10547,1.6426,-0.43555,-1.3384,81
855,64,-0.32617,1.6543,-0.42969,-1.3384,34
855,64,0.054688,1.6367,-0.69336,-1.3384,20
855,64,-0.16992,1.5313,-0.96289,-1.3384,27
855,64,-0.17383,1.6836,-0.75586,-1.3384,20
855,64,0,3.0371,-1.1699,-1.3384,19
855,64,0,3.0723,-1.1816,-1.3384,33
855,64,0,3.1094,-1.1875,-1.3384,21
855,64,0.10547,3.3086,-0.79688,-1.3384,28
855,64,0.10742,3.3418,-0.81836,-1.3384,21
855,64,0,1.5488,-0.068359,-1.0038,90
855,64,0.048828,1.584,-0.12109,-1.0038,239
855,64,0.10156,1.6094,-0.2168,-1.0038,434
855,64,0.10352,1.6367,-0.28125,-1.0038,607
855,64,0.16016,1.6777,-0.23633,-1.0038,371
855,64,-0.32617,1.6914,-0.25,-1.0038,108
855,64,0.16602,1.6797,-0.55859,-1.0038,169
855,64,-0.22656,1.4336,-1.0898,-1.0038,177
855,64,-0.17383,1.6836,-0.75781,-1.0038,131
855,64,0,1.5508,0.025391,-0.66921,102
855,64,0,1.5898,-0.019531,-0.66921,270
855,64,0.050781,1.6211,-0.11523,-0.66921,501
855,64,0.052734,1.6563,-0.16797,-0.66921,690
855,64,0.10547,1.6973,-0.066406,-0.66921,409
855,64,0,1.5664,-0.75781,-0.66921,136
855,64,0.22266,1.7129,-0.42578,-0.66921,268
855,64,-0.2832,1.3965,-1.125,-0.66921,235
855,64,-0.23242,1.6875,-0.73047,-0.66921,169
855,64,0,1.9004,-1.377,-0.66921,67
855,64,0,1.5469,0.11914,-0.33461,23
855,64,0,1.5859,0.089844,-0.33461,65
855,64,0.050781,1.627,0,-0.33461,117
855,64,0.052734,1.6641,-0.0097656,-0.33461,152
855,64,0.10547,1.6406,0.43945,-0.33461,79
855,64,0.054688,1.6406,-0.58008,-0.33461,82
855,64,0.16602,1.7227,-0.40625,-0.33461,124
856,64,0,1.4531,0.25391,0,16
856,64,0,1.5,0.20117,0,47
856,64,-0.048828,1.543,0.14844,0,56
856,64,-0.19922,1.5762,0.021484,0,24
856,64,0.10156,1.6016,0.26953,0,35
856,64,0.10352,1.6582,-0.11133,0,36
856,64,0.10547,1.6855,-0.21094,0,27
856,64,0.10938,1.7129,-0.28906,0,23
856,64,0,1.4883,0.27734,0.33461,18
856,64,-0.048828,1.5371,0.20703,0.33461,24
856,64,0,1.5879,-0.074219,0.33461,15
856,64,0.050781,1.6211,-0.13867,0.33461,18
856,64,0.052734,1.6641,-0.048828,0.33461,16
856,64,0.097656,3.0313,-0.65039,-2.3422,16
856,64,0.19531,3.0391,-0.76563,-2.3422,16
856,64,0.048828,1.4375,-0.67383,-2.0076,18
856,64,0,1.4824,-0.66797,-2.0076,14
856,64,0.097656,3.043,-0.59961,-2.0076,25
856,64,0.097656,3.0547,-0.72461,-2.0076,34
856,64,0.19922,2.9824,-1.0801,-2.0076,26
856,64,0.046875,1.4785,-0.32227,-1.673,12
856,64,0.048828,1.4746,-0.47656,-1.673,33
856,64,0.048828,1.4727,-0.5918,-1.673,55
856,64,0.050781,1.4844,-0.66406,-1.673,49
856,64,0.052734,1.4941,-0.73047,-1.673,24
856,64,0.097656,3.0898,-0.55469,-1.673,21
856,64,0.099609,2.998,-1.0469,-1.673,16
856,64,0,1.4707,-0.12109,-1.3384,37
856,64,0,1.4648,-0.38281,-1.3384,161
856,64,0.048828,1.4727,-0.48633,-1.3384,548
856,64,0,1.5137,-0.48242,-1.3384,965
856,64,0,1.5449,-0.51172,-1.3384,820
856,64,-0.052734,1.543,-0.625,-1.3384,298
856,64,-0.26563,1.3926,-0.94141,-1.3384,74
856,64,0.27148,1.6445,-0.50195,-1.3384,77
856,64,0.27734,1.6191,-0.67969,-1.3384,49
856,64,0,1.4746,-0.029297,-1.0038,109
856,64,0.046875,1.502,-0.18555,-1.0038,377
856,64,0,1.5,-0.39453,-1.0038,1017
856,64,0.048828,1.543,-0.38086,-1.0038,1735
856,64,0,1.5781,-0.39648,-1.0038,1453
856,64,-0.10352,1.5684,-0.54688,-1.0038,505
856,64,0.26563,1.6504,-0.32422,-1.0038,201
856,64,0.2168,1.6602,-0.47656,-1.0038,201
856,64,0.22266,1.6504,-0.62109,-1.0038,125
856,64,0.31641,4.9824,-0.88086,-1.0038,25
856,64,0,1.4746,0.072266,-0.66921,89
856,64,0,1.5137,0.0058594,-0.66921,278
856,64,0,1.5234,-0.29688,-0.66921,589
856,64,0,1.5625,-0.29102,-0.66921,953
856,64,-0.050781,1.5977,-0.30078,-0.66921,796
856,64,-0.15625,1.582,-0.49414,-0.66921,262
856,64,0.21289,1.6641,-0.29102,-0.66921,158
856,64,0.2168,1.6738,-0.42188,-0.66921,154
856,64,0.16602,1.6875,-0.53711,-0.66921,96
856,64,0,1.4902,0.26367,-0.33461,27
856,64,0,1.543,-0.1582,-0.33461,40
856,64,0,1.541,-0.38867,-0.33461,54
856,64,-0.050781,1.5996,-0.29297,-0.33461,47
856,64,0,1.6445,-0.25195,-0.33461,16
856,64,-3.4043,0,-0.34961,-0.33461,36
856,64,-0.98047,1.8809,2.3164,-2.3422,11
856,64,-1.1641,1.375,2.5254,-2.0076,13
856,64,-1.0801,1.5332,2.5195,-2.0076,20
857,64,0,1.3555,0.34961,0,10
857,64,0,1.4004,0.32227,0,29
857,64,0,1.4551,0.24414,0,35
857,64,0,1.5098,-0.10742,0,43
857,64,-0.048828,1.5469,-0.095703,0,43
857,64,-0.14844,1.5762,-0.125,0,26
857,64,-0.20313,1.5957,-0.24414,0,19
857,64,-0.09375,1.502,-0.15234,0.33461,13
857,64,0,1.5508,0,0.33461,16
857,64,-0.14844,1.582,-0.037109,0.33461,11
857,64,0,2.6523,-1.0098,-2.3422,15
857,64,0.089844,2.6719,-1.0605,-2.3422,42
857,64,0.091797,2.6895,-1.1152,-2.3422,50
857,64,0,2.707,-1.1738,-2.3422,27
857,64,0,2.7246,-0.79492,-2.0076,45
857,64,0.089844,2.7344,-0.88281,-2.0076,125
857,64,0,2.7383,-0.99609,-2.0076,157
857,64,0,2.75,-1.0723,-2.0076,97
857,64,0,2.8281,-0.96875,-2.0076,40
857,64,0.09375,2.9004,-0.86133,-2.0076,30
857,64,0.09375,1.4609,-0.38086,-1.673,21
857,64,0.097656,1.4844,-0.44141,-1.673,23
857,64,-0.099609,1.4219,-0.70117,-1.673,20
857,64,-0.15234,1.4805,-0.65625,-1.673,20
857,64,0,2.7734,-0.59766,-1.673,36
857,64,0.089844,2.7813,-0.72656,-1.673,105
857,64,0,2.7871,-0.8457,-1.673,141
857,64,0,2.7988,-0.93555,-1.673,93
857,64,0,2.8438,-0.91992,-1.673,38
857,64,0.09375,2.9199,-0.78711,-1.673,24
857,64,0,1.3965,-0.10156,-1.3384,48
857,64,0.044922,1.418,-0.23828,-1.3384,206
857,64,0.046875,1.4453,-0.29688,-1.3384,452
857,64,0.09375,1.4805,-0.30078,-1.3384,564
857,64,0.14453,1.5137,-0.30859,-1.3384,372
857,64,0.099609,1.5605,-0.28711,-1.3384,128
857,64,-0.15234,1.5352,-0.51563,-1.3384,167
857,64,-0.15625,1.5957,-0.44922,-1.3384,90
857,64,0,2.834,-0.67578,-1.3384,28
857,64,0,2.8203,-0.87109,-1.3384,22
857,64,-0.042969,1.3984,0.019531,-1.0038,114
857,64,0,1.4316,-0.12695,-1.0038,444
857,64,0.046875,1.4629,-0.19336,-1.0038,922
857,64,0.09375,1.4961,-0.20898,-1.0038,1107
857,64,0.097656,1.5332,-0.21484,-1.0038,695
857,64,0.14844,1.5781,-0.10938,-1.0038,198
857,64,-0.10156,1.5723,-0.40234,-1.0038,233
857,64,-0.15625,1.6172,-0.35938,-1.0038,144
857,64,-0.12305,3.8086,-0.97852,-1.0038,41
857,64,0,1.3926,0.14453,-0.66921,78
857,64,0,1.4375,0.017578,-0.66921,287
857,64,0.046875,1.4727,-0.074219,-0.66921,551
857,64,0.09375,1.5078,-0.10156,-0.66921,642
857,64,0.097656,1.5449,-0.11328,-0.66921,389
857,64,0.14844,1.582,-0.027344,-0.66921,88
857,64,-0.15234,1.5977,-0.26367,-0.66921,99
857,64,-0.15625,1.6387,-0.24414,-0.66921,66
857,64,0,1.9219,-0.98047,-0.66921,32
857,64,0,1.9336,-1.0371,-0.66921,38
857,64,0,1.9395,-1.1035,-0.66921,44
857,64,0,1.4102,0.2832,-0.33461,18
857,64,0.046875,1.4355,0.33594,-0.33461,30
857,64,0,1.4492,0.4375,-0.33461,32
857,64,0,1.3438,0.77539,-0.33461,14
858,64,0,1.2695,0.21289,0,8
858,64,0,1.3223,0.054688,0,28
858,64,-0.042969,1.3613,0.0019531,0,58
858,64,0,1.3984,0.050781,0,85
858,64,0,1.4258,0.17969,0,71
858,64,-0.18359,1.4375,0.2793,0,32
858,64,-0.2832,1.4785,0.15039,0,25
858,64,-0.29102,1.5234,0.027344,0,15
858,64,3.2285,1.0078,-0.64648,0,22
858,64,3.3711,0.48828,-0.71289,0,26
858,64,-0.041016,1.3145,0.1543,0.33461,10
858,64,0,1.3594,0.097656,0.33461,21
858,64,0,1.3945,0.12305,0.33461,31
858,64,0,1.4141,0.25977,0.33461,24
858,64,-0.23047,1.4102,0.36914,0.33461,10
858,64,0.16992,2.584,-0.8457,-2.3422,14
858,64,0.085938,2.5781,-0.98633,-2.3422,15
858,64,0.083984,2.627,-0.55273,-2.0076,20
858,64,0.16992,2.6777,-0.47266,-2.0076,29
858,64,0.085938,2.7539,-0.18945,-2.0076,25
858,64,-0.69922,1.877,-1.9551,-2.0076,13
858,64,0,2.7734,-0.60352,-2.0076,17
858,64,0.16797,2.6543,-0.37695,-1.673,18
858,64,0.25586,2.7129,-0.019531,-1.673,19
858,64,-0.69141,2.002,-1.7734,-1.673,15
858,64,-0.4375,2.5449,-1.0801,-1.673,16
858,64,-0.087891,2.7539,-0.67578,-1.673,16
858,64,0,1.2813,-0.11719,-1.3384,45
858,64,0.041016,1.3105,-0.1875,-1.3384,129
858,64,0.042969,1.3418,-0.23047,-1.3384,228
858,64,0.087891,1.3789,-0.22461,-1.3384,343
858,64,0.044922,1.4238,-0.19727,-1.3384,351
858,64,0,1.4551,-0.24414,-1.3384,223
858,64,-0.14258,1.4824,-0.26758,-1.3384,138
858,64,-0.19336,1.5234,-0.21094,-1.3384,75
858,64,0.19922,1.3516,-0.8125,-1.3384,21
858,64,0,1.2852,-0.039063,-1.0038,104
858,64,0.041016,1.3164,-0.13477,-1.0038,309
858,64,0.042969,1.3496,-0.18359,-1.0038,571
858,64,0.042969,1.3926,-0.14258,-1.0038,841
858,64,0.044922,1.4336,-0.10352,-1.0038,804
858,64,-0.046875,1.4707,-0.10547,-1.0038,469
858,64,-0.18945,1.4941,-0.15039,-1.0038,314
858,64,-0.19336,1.5313,-0.1582,-1.0038,184
858,64,-0.24805,1.5684,0.03125,-1.0038,55
858,64,0.25391,1.3262,-0.9082,-1.0038,24
858,64,-0.35742,3.6719,-0.99219,-1.0038,45
858,64,-0.24023,3.7168,-1.0137,-1.0038,34
858,64,0,1.2871,0.017578,-0.66921,71
858,64,0,1.3223,-0.070313,-0.66921,222
858,64,0,1.3555,-0.12305,-0.66921,423
858,64,0.042969,1.3965,-0.083984,-0.66921,610
858,64,0.044922,1.4375,-0.0039063,-0.66921,531
858,64,-0.091797,1.4727,0.042969,-0.66921,292
858,64,-0.18945,1.5,-0.046875,-0.66921,214
858,64,-0.24219,1.5313,-0.064453,-0.66921,128
858,64,-0.24805,1.5684,0.076172,-0.66921,41
858,64,0.068359,1.7871,-1.2051,-0.66921,27
858,64,0.068359,1.6992,-1.3867,-0.66921,33
858,64,-1.3047,0,2.3457,-0.66921,42
858,64,3.1895,0.8125,0.080078,-0.66921,37
858,64,3.3359,0,-0.92383,-0.66921,75
858,64,3.3711,0,-0.99023,-0.66921,83
858,64,0,1.3184,-0.11719,-0.33461,17
859,64,0,1.1973,0.17578,0,17
859,64,0,1.248,0.0097656,0,78
859,64,0,1.2852,-0.050781,0,161
859,64,-0.041016,1.3164,-0.14063,0,152
859,64,-0.12695,1.3047,-0.37109,0,69
859,64,0.21875,1.3496,0.30273,0,39
859,64,-0.31445,1.3652,-0.32617,0,20
859,64,-0.23047,1.4531,-0.10742,0,16
859,64,-0.2832,1.4863,-0.033203,0,10
859,64,0,1.2461,0.070313,0.33461,26
859,64,-0.041016,1.2852,0.037109,0.33461,53
859,64,-0.082031,1.3203,-0.054688,0.33461,49
859,64,-0.16992,1.3242,-0.26758,0.33461,22
859,64,0.17578,1.3008,0.48633,0.33461,14
859,64,-0.11133,0.99805,-1.4688,-2.6769,12
859,64,0,2.3418,-0.86523,-2.3422,23
859,64,0,2.3809,-0.87305,-2.3422,27
859,64,0,2.3477,-0.73047,-2.0076,18
859,64,0,2.3711,-0.78125,-2.0076,43
859,64,-0.080078,2.4453,-0.66016,-2.0076,51
859,64,-0.24023,1.8848,1.7344,-2.0076,24
859,64,0,2.6094,-0.0625,-2.0076,23
859,64,-0.24805,2.5547,-0.6543,-2.0076,29
859,64,0,2.4258,-0.59375,-1.673,28
859,64,-0.080078,1.9102,1.6641,-1.673,31
859,64,0.32227,2.5527,0.035156,-1.673,23
859,64,0.082031,2.5859,-0.35156,-1.673,28
859,64,-0.16602,2.5918,-0.51563,-1.673,26
859,64,-0.25195,2.4355,-1.1035,-1.673,15
859,64,0,1.1719,-0.0039063,-1.3384,27
859,64,0.037109,1.209,-0.037109,-1.3384,133
859,64,0.039063,1.2168,-0.27344,-1.3384,455
859,64,0,1.2324,-0.36523,-1.3384,935
859,64,0,1.252,-0.42969,-1.3384,915
859,64,0,1.2422,-0.56055,-1.3384,426
859,64,0.17578,1.3887,0.042969,-1.3384,117
859,64,0.089844,1.4199,-0.20898,-1.3384,51
859,64,-0.13867,1.4004,-0.44141,-1.3384,74
859,64,-0.14258,1.4355,-0.45508,-1.3384,60
859,64,-0.14453,1.4668,-0.48438,-1.3384,24
859,64,0,1.1699,0.068359,-1.0038,56
859,64,0.037109,1.209,0.035156,-1.0038,286
859,64,0,1.2324,-0.20117,-1.0038,1032
859,64,0,1.2539,-0.28516,-1.0038,2120
859,64,0,1.2754,-0.35547,-1.0038,2098
859,64,-0.042969,1.2637,-0.50781,-1.0038,959
859,64,0.21875,1.3809,0.064453,-1.0038,305
859,64,-0.26953,1.2891,-0.57617,-1.0038,126
859,64,-0.13867,1.4219,-0.37305,-1.0038,175
859,64,-0.14258,1.4629,-0.35742,-1.0038,134
859,64,-0.14453,1.502,-0.35742,-1.0038,53
859,64,0.30078,4.7129,-0.88867,-1.0038,33
859,64,0.30273,4.5957,-1.498,-1.0038,37
859,64,0,1.1641,0.14648,-0.66921,34
859,64,0,1.2051,0.10547,-0.66921,184
859,64,0,1.2422,-0.12305,-0.66921,690
859,64,0,1.2695,-0.20508,-0.66921,1426
859,64,0,1.293,-0.28125,-0.66921,1372
859,64,-0.042969,1.2754,-0.47656,-0.66921,631
859,64,0.21875,1.373,0.16797,-0.66921,236
859,64,-0.26953,1.3203,-0.50195,-0.66921,115
859,64,-0.18359,1.4336,-0.29492,-0.66921,123
859,64,-0.18945,1.4824,-0.24023,-0.66921,88
859,64,-0.19336,1.5176,-0.25391,-0.66921,35
860,64,0,1.1328,0.072266,0,15
860,64,0,1.1719,0.025391,0,39
860,64,0.037109,1.209,-0.021484,0,44
860,64,0.15625,1.2383,0.041016,0,36
860,64,0.16016,1.2754,-0.060547,0,32
860,64,0.082031,1.3125,-0.1582,0,15
860,64,-0.25586,1.3262,0.18359,0,11
860,64,0,1.3789,-0.24609,0,18
860,64,0.044922,1.4121,-0.26953,0,17
860,64,0,1.1211,0.18359,0.33461,10
860,64,-0.037109,1.166,0.12695,0.33461,27
860,64,-0.037109,1.209,0.046875,0.33461,33
860,64,-0.15625,1.2148,-0.24609,0.33461,16
860,64,0,1.1113,-0.48047,-2.3422,9
860,64,0,2.1133,-0.92969,-2.3422,15
860,64,0,2.1289,-0.98633,-2.3422,47
860,64,-0.074219,2.1133,-1.0996,-2.3422,71
860,64,-0.15039,2.0234,-1.3223,-2.3422,51
860,64,-0.53711,1.0762,2.1445,-2.3422,39
860,64,0,1.1113,-0.375,-2.0076,17
860,64,0,1.1328,-0.42578,-2.0076,21
860,64,0,1.1367,-0.51758,-2.0076,14
860,64,-0.072266,2.1855,-0.73828,-2.0076,21
860,64,0,2.1816,-0.86328,-2.0076,73
860,64,0,2.2012,-0.91602,-2.0076,115
860,64,0,2.2324,-0.93555,-2.0076,82
860,64,-0.61523,1.4746,1.8691,-2.0076,56
860,64,-0.625,2.3359,0.625,-2.0076,28
860,64,0,1.1133,-0.21875,-1.673,27
860,64,0,1.1328,-0.30273,-1.673,65
860,64,0,1.1563,-0.36133,-1.673,80
860,64,0,1.1738,-0.42578,-1.673,48
860,64,-0.080078,1.1855,-0.49414,-1.673,21
860,64,-0.16992,1.2266,-0.56641,-1.673,18
860,64,-0.17578,1.2676,-0.56641,-1.673,19
860,64,0,2.2285,-0.73438,-1.673,36
860,64,0,2.2344,-0.83203,-1.673,60
860,64,0,2.2598,-0.86914,-1.673,46
860,64,-0.76758,1.6738,1.6309,-1.673,26
860,64,0.3125,2.0176,-1.4395,-1.673,18
860,64,0,1.0586,-0.019531,-1.3384,13
860,64,0,1.0957,-0.056641,-1.3384,87
860,64,0,1.127,-0.13086,-1.3384,336
860,64,0,1.1563,-0.19922,-1.3384,815
860,64,0,1.1855,-0.24219,-1.3384,1048
860,64,0.039063,1.2188,-0.26953,-1.3384,755
860,64,0.080078,1.2441,-0.32031,-1.3384,409
860,64,-0.082031,1.2246,-0.49805,-1.3384,210
860,64,-0.16992,1.2344,-0.54883,-1.3384,167
860,64,-0.13086,1.2578,-0.60156,-1.3384,123
860,64,-0.13477,1.2715,-0.6582,-1.3384,63
860,64,0,1.0566,0.068359,-1.0038,22
860,64,0,1.0977,0.021484,-1.0038,145
860,64,0,1.1348,-0.050781,-1.0038,555
860,64,0,1.168,-0.11328,-1.0038,1319
860,64,0,1.2012,-0.15234,-1.0038,1731
860,64,0.039063,1.2344,-0.18555,-1.0038,1363
860,64,0.080078,1.2617,-0.23438,-1.0038,786
860,64,-0.082031,1.2559,-0.41016,-1.0038,374
860,64,-0.12695,1.2656,-0.48828,-1.0038,268
860,64,-0.13086,1.248,-0.61914,-1.0038,168
860,64,0.17969,1.3887,-0.32617,-1.0038,84
860,64,0,1.0938,0.095703,-0.66921,71
860,64,0,1.1348,0.035156,-0.66921,269
861,64,0,0.9707,0.16211,0,7
861,64,0,1.0117,0.14258,0,35
861,64,-0.033203,1.0586,0.044922,0,104
861,64,-0.035156,1.0957,-0.0058594,0,172
861,64,-0.035156,1.1348,-0.021484,0,143
861,64,-0.10938,1.168,-0.039063,0,57
861,64,-0.22656,1.1719,-0.19922,0,29
861,64,-0.23438,1.1797,-0.33594,0,24
861,64,-0.24023,1.2227,-0.31836,0,12
861,64,0,0.99609,0.22656,0.33461,18
861,64,-0.033203,1.0508,0.12891,0.33461,54
861,64,-0.035156,1.0938,0.072266,0.33461,88
861,64,-0.035156,1.1328,0.052734,0.33461,72
861,64,-0.074219,1.1699,0.042969,0.33461,29
861,64,0.064453,2.0762,-0.12109,-2.6769,10
861,64,0.066406,2.0215,-0.62891,-2.6769,47
861,64,0.068359,2.0098,-0.78125,-2.6769,85
861,64,0,1.9961,-0.91406,-2.6769,71
861,64,0,1.9785,-1.0352,-2.6769,36
861,64,-0.14258,1.8242,-1.3438,-2.6769,19
861,64,0,1.002,-0.44531,-2.3422,14
861,64,0,1.0254,-0.48438,-2.3422,11
861,64,0.13086,2.0762,-0.054688,-2.3422,25
861,64,0.066406,2.0684,-0.45508,-2.3422,83
861,64,0.068359,2.0605,-0.63086,-2.3422,142
861,64,0,2.0586,-0.75977,-2.3422,121
861,64,-0.070313,2.0352,-0.91602,-2.3422,67
861,64,-0.14258,2.0059,-1.0547,-2.3422,40
861,64,0.033203,1.0078,-0.32617,-2.0076,27
861,64,0.035156,1.0176,-0.4082,-2.0076,43
861,64,0,1.0527,-0.42383,-2.0076,35
861,64,0,1.0762,-0.4668,-2.0076,14
861,64,0.064453,2.0762,-0.11133,-2.0076,20
861,64,0,2.0957,-0.31445,-2.0076,49
861,64,0,2.0977,-0.49609,-2.0076,73
861,64,0.068359,2.125,-0.53906,-2.0076,63
861,64,-0.070313,2.1133,-0.7168,-2.0076,40
861,64,-0.070313,2.1523,-0.7168,-2.0076,30
861,64,0,1.0039,-0.19141,-1.673,51
861,64,0,1.0137,-0.30859,-1.673,163
861,64,0,1.0352,-0.36133,-1.673,268
861,64,0,1.0684,-0.38477,-1.673,226
861,64,-0.037109,1.0918,-0.42383,-1.673,95
861,64,-0.18945,1.0469,-0.57813,-1.673,61
861,64,-0.19531,0.99023,-0.73438,-1.673,57
861,64,-0.20117,1.0352,-0.73633,-1.673,33
861,64,0,0.98438,-0.019531,-1.3384,67
861,64,0,1.0176,-0.087891,-1.3384,331
861,64,0,1.041,-0.19531,-1.3384,916
861,64,0,1.0664,-0.26172,-1.3384,1436
861,64,0.035156,1.0938,-0.30273,-1.3384,1169
861,64,0.037109,1.1113,-0.37305,-1.3384,493
861,64,-0.18945,1.1191,-0.42383,-1.3384,200
861,64,-0.19531,1.0684,-0.61523,-1.3384,196
861,64,-0.20117,1.1211,-0.59766,-1.3384,117
861,64,-0.20703,1.2246,-0.46094,-1.3384,36
861,64,0.12695,1.1113,-0.77734,-1.3384,15
861,64,0,0.98242,0.041016,-1.0038,92
861,64,0,1.0215,-0.0078125,-1.0038,431
861,64,0,1.0547,-0.10547,-1.0038,1144
861,64,0,1.082,-0.17773,-1.0038,1726
861,64,0,1.1152,-0.21289,-1.0038,1413
861,64,0.074219,1.125,-0.32227,-1.0038,630
861,64,0.076172,1.0898,-0.52148,-1.0038,193
862,64,0,0.89063,-0.17383,0,10
862,64,-0.029297,0.94336,-0.072266,0,61
862,64,-0.060547,0.98047,-0.046875,0,118
862,64,-0.064453,1.0176,-0.048828,0,100
862,64,-0.13281,1.0488,-0.060547,0,43
862,64,-0.058594,0.94336,-0.019531,0.33461,27
862,64,-0.060547,0.98242,0.0078125,0.33461,55
862,64,-0.095703,1.0176,0.0039063,0.33461,48
862,64,-0.16602,1.0449,-0.037109,0.33461,20
862,64,0.058594,1.7637,-0.68164,-2.6769,29
862,64,0,1.7363,-0.83984,-2.6769,42
862,64,-0.060547,1.7031,-0.98242,-2.6769,36
862,64,-0.1875,1.793,-0.875,-2.6769,24
862,64,-0.25586,1.9063,-0.69141,-2.6769,14
862,64,0.11523,1.8438,-0.15039,-2.3422,22
862,64,0.058594,1.8164,-0.52344,-2.3422,70
862,64,0,1.793,-0.71094,-2.3422,100
862,64,-0.060547,1.7734,-0.85156,-2.3422,77
862,64,-0.125,1.8125,-0.84961,-2.3422,52
862,64,-0.19141,1.9004,-0.72656,-2.3422,40
862,64,-0.67383,3.3477,-1.1191,-2.3422,35
862,64,0,0.88086,-0.43945,-2.0076,26
862,64,0,0.92188,-0.44141,-2.0076,22
862,64,0.11523,1.8496,0.037109,-2.0076,16
862,64,0.058594,1.8535,-0.37305,-2.0076,51
862,64,0,1.8457,-0.56055,-2.0076,71
862,64,-0.060547,1.832,-0.7168,-2.0076,51
862,64,-0.125,1.8574,-0.74414,-2.0076,36
862,64,-0.19141,1.9355,-0.625,-2.0076,32
862,64,-0.029297,0.83203,-0.36328,-1.673,18
862,64,0,0.87305,-0.36328,-1.673,107
862,64,-0.03125,0.91602,-0.35547,-1.673,214
862,64,-0.064453,0.94922,-0.37109,-1.673,191
862,64,-0.13281,0.97852,-0.38281,-1.673,89
862,64,-0.24023,1.0703,0.025391,-1.673,25
862,64,-0.2832,0,-1.127,-1.673,14
862,64,0,0.86914,0.013672,-1.3384,30
862,64,-0.029297,0.9043,-0.070313,-1.3384,56
862,64,-0.029297,0.88281,-0.33789,-1.3384,353
862,64,0,0.93164,-0.31641,-1.3384,828
862,64,-0.03125,0.9668,-0.32617,-1.3384,734
862,64,-0.13281,0.96094,-0.42773,-1.3384,315
862,64,-0.24023,0.89258,-0.5918,-1.3384,99
862,64,0.10547,1.0938,-0.28711,-1.3384,57
862,64,0.14648,1.0742,-0.44922,-1.3384,39
862,64,-0.31836,3.2637,-0.91797,-1.3384,37
862,64,0,0.86719,0.072266,-1.0038,52
862,64,0,0.90234,0.09375,-1.0038,123
862,64,-0.029297,0.90039,-0.28711,-1.0038,283
862,64,-0.03125,0.94336,-0.27734,-1.0038,810
862,64,-0.064453,0.97852,-0.28906,-1.0038,713
862,64,-0.16602,0.94336,-0.45117,-1.0038,286
862,64,0.13672,1.0879,0.046875,-1.0038,156
862,64,0.070313,1.1133,-0.21094,-1.0038,66
862,64,0.18359,1.1074,-0.33984,-1.0038,32
862,64,0.052734,0.73242,-1.5371,-1.0038,22
862,64,-0.21289,3.3594,-0.51563,-1.0038,43
862,64,0,0.86133,0.12891,-0.66921,27
862,64,0,0.89453,0.15625,-0.66921,82
862,64,0,0.94531,-0.019531,-0.66921,52
862,64,-0.03125,0.95508,-0.23633,-0.66921,185
862,64,-0.03125,1.002,-0.19531,-0.66921,175
862,64,0.099609,1.043,0.1582,-0.66921,119
862,64,0.10352,1.0859,0.12109,-0.66921,83
863,64,0,0.78906,0.095703,0,8
863,64,0,0.83203,0.0019531,0,41
863,64,0.027344,0.86719,-0.054688,0,90
863,64,0.029297,0.90234,-0.091797,0,88
863,64,-0.23633,0.875,0.27148,0,58
863,64,-0.18359,0.94727,0.18945,0,32
863,64,0.16016,0.98047,-0.24023,0,17
863,64,0.099609,1.0215,-0.25977,0,9
863,64,-0.054688,1.7383,-0.080078,0,8
863,64,0,2.9414,0.23828,0,17
863,64,2.8027,0.54492,0.88477,0,30
863,64,2.9316,0.68555,0.30469,0,34
863,64,0.025391,0.83203,-0.0078125,0.33461,14
863,64,0.027344,0.86914,-0.037109,0.33461,32
863,64,-0.22656,0.77539,0.41602,0.33461,38
863,64,-0.23633,0.87695,0.26172,0.33461,28
863,64,-0.24609,0.94531,0.11328,0.33461,14
863,64,-0.31836,1.6582,-0.21289,-2.3422,21
863,64,-0.16406,1.668,-0.4707,-2.3422,23
863,64,-0.72266,0,1.668,-2.3422,17
863,64,-0.45313,1.6406,-0.63281,-2.3422,19
863,64,-0.40625,1.7012,-0.61719,-2.3422,20
863,64,-0.14258,0.86133,-0.25,-2.0076,19
863,64,-0.17773,0.87109,-0.32227,-2.0076,14
863,64,0,1.5156,-0.68945,-2.0076,40
863,64,0,1.5488,-0.70703,-2.0076,89
863,64,-0.054688,1.6094,-0.66211,-2.0076,94
863,64,-0.11133,1.6719,-0.5957,-2.0076,50
863,64,-0.2832,1.7813,-0.20508,-2.0076,20
863,64,-0.34766,1.7539,-0.48828,-2.0076,25
863,64,-0.18164,0.81055,-0.048828,-1.673,24
863,64,-0.16406,0.8457,-0.12891,-1.673,85
863,64,-0.16992,0.87109,-0.19336,-1.673,131
863,64,-0.17773,0.89063,-0.26758,-1.673,98
863,64,-0.21484,0.87109,-0.40039,-1.673,44
863,64,-0.22266,0.86328,-0.49805,-1.673,18
863,64,-0.052734,1.5684,-0.55664,-1.673,47
863,64,-0.052734,1.5957,-0.59375,-1.673,101
863,64,-0.054688,1.6348,-0.5918,-1.673,106
863,64,0,1.6797,-0.58398,-1.673,55
863,64,0,1.8145,-0.064453,-1.673,16
863,64,-0.11523,1.7617,-0.56641,-1.673,21
863,64,-0.023438,0.74609,0.11914,-1.3384,11
863,64,0,0.79297,0.048828,-1.3384,75
863,64,-0.025391,0.82422,-0.11523,-1.3384,295
863,64,-0.054688,0.84961,-0.18359,-1.3384,637
863,64,-0.085938,0.875,-0.22461,-1.3384,741
863,64,-0.14844,0.88086,-0.3125,-1.3384,450
863,64,-0.21484,0.85352,-0.43945,-1.3384,192
863,64,-0.25586,0.87109,-0.46875,-1.3384,72
863,64,-0.33008,0.96094,-0.30078,-1.3384,12
863,64,0,1.6152,-0.40234,-1.3384,14
863,64,-0.052734,1.623,-0.50977,-1.3384,30
863,64,0,1.6641,-0.50977,-1.3384,30
863,64,-0.054688,1.6973,-0.52539,-1.3384,17
863,64,0,0.73633,0.17188,-1.0038,21
863,64,0,0.79102,0.070313,-1.0038,155
863,64,0,0.82813,-0.082031,-1.0038,609
863,64,-0.027344,0.85938,-0.13867,-1.0038,1271
863,64,0,0.89648,-0.13867,-1.0038,1335
863,64,-0.029297,0.93555,-0.13867,-1.0038,680
863,64,-0.27734,0.81055,-0.48242,-1.0038,202
863,64,0.25586,0.89453,-0.42188,-1.0038,97
863,64,0.19922,0.95508,-0.41016,-1.0038,45
864,64,0,0.64844,0.20703,0,14
864,64,0,0.68945,0.20117,0,72
864,64,0,0.72852,0.20117,0,123
864,64,0.025391,0.76367,0.2168,0,81
864,64,-0.25977,0.78906,-0.037109,0,26
864,64,0.054688,0.85742,0.13867,0,19
864,64,0.085938,0.88281,0.19727,0,17
864,64,0.087891,0.92773,0.16602,0,9
864,64,0,0.67188,0.25586,0.33461,28
864,64,0,0.71289,0.25391,0.33461,48
864,64,0.025391,0.73633,0.29883,0.33461,32
864,64,-0.25977,0.79102,-0.019531,0.33461,15
864,64,0.082031,0.86328,0.072266,0.33461,12
864,64,0.085938,0.88867,0.16992,0.33461,11
864,64,-0.63867,1.4453,1.6309,2.3422,16
864,64,-0.7207,1.293,1.7695,2.3422,18
864,64,-0.80664,1.2109,1.8398,2.3422,15
864,64,-1.2773,0.84766,1.6738,-2.6769,12
864,64,-0.36133,2.25,-0.36719,-2.6769,17
864,64,-0.36719,2.2773,-0.43164,-2.6769,13
864,64,0,1.4668,-0.36914,-2.0076,16
864,64,-0.097656,1.4219,-0.61328,-2.0076,33
864,64,-0.19922,1.459,-0.59766,-2.0076,37
864,64,-0.25391,1.5059,-0.56055,-2.0076,35
864,64,-0.25977,1.5254,-0.61328,-2.0076,28
864,64,0.023438,0.71875,0.0097656,-1.673,9
864,64,-0.18945,0.63867,-0.35742,-1.673,28
864,64,-0.17383,0.73242,-0.25391,-1.673,47
864,64,-0.20898,0.76172,-0.26172,-1.673,40
864,64,-0.24414,0.76758,-0.32813,-1.673,19
864,64,0,1.4375,-0.47461,-1.673,28
864,64,0,1.4141,-0.63867,-1.673,45
864,64,-0.24805,1.5195,-0.39453,-1.673,26
864,64,-0.25391,1.5586,-0.39453,-1.673,35
864,64,-0.25977,1.6133,-0.3125,-1.673,29
864,64,0,0.68164,-0.011719,-1.3384,25
864,64,-0.023438,0.7168,-0.050781,-1.3384,143
864,64,-0.070313,0.75,-0.080078,-1.3384,355
864,64,-0.125,0.77344,-0.12891,-1.3384,497
864,64,-0.15625,0.79492,-0.19531,-1.3384,382
864,64,-0.18945,0.80469,-0.26953,-1.3384,160
864,64,-0.22656,0.79297,-0.38086,-1.3384,47
864,64,0,1.4004,-0.66797,-1.3384,19
864,64,0.050781,1.6172,0.16016,-1.3384,22
864,64,0,1.6563,0.16602,-1.3384,18
864,64,0,0.67773,0.064453,-1.0038,85
864,64,0,0.71875,0.027344,-1.0038,453
864,64,-0.046875,0.75586,-0.0019531,-1.0038,861
864,64,-0.074219,0.78906,-0.046875,-1.0038,888
864,64,-0.15625,0.80078,-0.16211,-1.0038,617
864,64,-0.18945,0.75781,-0.38477,-1.0038,294
864,64,0.14258,0.86523,-0.23828,-1.0038,244
864,64,0.11914,0.88086,-0.32227,-1.0038,113
864,64,0.091797,0.76563,-0.60938,-1.0038,28
864,64,0.16016,0.83984,-0.55859,-1.0038,27
864,64,4.0605,5.8398,4.9453,-1.0038,34
864,64,0,0.66992,0.12305,-0.66921,81
864,64,0,0.71289,0.091797,-0.66921,411
864,64,0,0.75391,0.066406,-0.66921,735
864,64,-0.048828,0.79297,0.027344,-0.66921,575
864,64,-0.13086,0.80859,-0.14453,-0.66921,303
864,64,0.13672,0.85352,-0.10547,-0.66921,353
864,64,0.14258,0.87695,-0.1875,-0.66921,373
864,64,0.14844,0.89453,-0.26563,-0.66921,181
865,64,0.019531,0.56445,0.2207,0,15
865,64,0.041016,0.57617,0.28125,0,54
865,64,-0.19141,0.65234,-0.041016,0,84
865,64,-0.17969,0.69531,0.0039063,0,90
865,64,-0.11914,0.74414,-0.066406,0,66
865,64,-0.099609,0.78711,0.048828,0,30
865,64,0.052734,0.82422,0.097656,0,12
865,64,0.13672,0.83984,-0.18164,0,10
865,64,0.11328,0.77344,-0.46094,0,12
865,64,-0.18945,0.68164,-1.3379,0,11
865,64,-0.060547,1.916,0.43945,0,41
865,64,0,0.53711,0.2793,0.33461,7
865,64,0.041016,0.55859,0.31445,0.33461,25
865,64,-0.19141,0.6543,-0.0078125,0.33461,36
865,64,-0.17969,0.69531,0.033203,0.33461,38
865,64,-0.11914,0.74609,-0.037109,0.33461,27
865,64,-0.099609,0.7832,0.085938,0.33461,13
865,64,-0.39063,1.9492,-0.61719,-2.3422,13
865,64,0,1.2148,-0.52734,-2.0076,21
865,64,0,1.1758,-0.68555,-2.0076,29
865,64,0,1.1602,-0.78125,-2.0076,20
865,64,-0.45508,1.9492,-0.57031,-2.0076,19
865,64,-0.39648,1.9727,-0.66406,-2.0076,24
865,64,-0.4043,1.957,-0.80859,-2.0076,16
865,64,0.060547,0.63477,0.083984,-1.673,9
865,64,-0.14844,0.60742,-0.26758,-1.673,14
865,64,-0.1582,0.66406,-0.22461,-1.673,14
865,64,-0.070313,0.66602,-0.35352,-1.673,11
865,64,0,1.2617,-0.25391,-1.673,20
865,64,0,1.2402,-0.46289,-1.673,61
865,64,0,1.2129,-0.61719,-1.673,88
865,64,0,1.1992,-0.72266,-1.673,64
865,64,-0.13477,1.3105,-0.57422,-1.673,26
865,64,-0.13867,1.3887,-0.48047,-1.673,23
865,64,-0.33008,2.0371,-0.48047,-1.673,29
865,64,-0.33789,2.0898,-0.41602,-1.673,27
865,64,0.037109,0.59766,0.089844,-1.3384,12
865,64,-0.14063,0.57617,-0.24609,-1.3384,45
865,64,-0.14844,0.63281,-0.20508,-1.3384,116
865,64,-0.13477,0.68164,-0.1875,-1.3384,137
865,64,-0.09375,0.72461,-0.19727,-1.3384,100
865,64,-0.074219,0.78711,-0.076172,-1.3384,47
865,64,-0.078125,0.81641,0.14063,-1.3384,14
865,64,0,1.2617,-0.40039,-1.3384,50
865,64,0,1.248,-0.54492,-1.3384,73
865,64,0,1.2422,-0.64648,-1.3384,56
865,64,-0.089844,1.3691,-0.43164,-1.3384,30
865,64,-0.091797,1.4219,-0.38281,-1.3384,23
865,64,0.037109,0.59375,0.10742,-1.0038,82
865,64,0.060547,0.62305,0.14844,-1.0038,318
865,64,-0.14844,0.62891,-0.21484,-1.0038,477
865,64,-0.1582,0.68164,-0.16406,-1.0038,536
865,64,-0.09375,0.71875,-0.21289,-1.0038,401
865,64,-0.074219,0.78906,-0.056641,-1.0038,193
865,64,0.18164,0.78906,-0.19336,-1.0038,128
865,64,0.18945,0.82813,-0.18945,-1.0038,128
865,64,0.19922,0.85547,-0.22852,-1.0038,59
865,64,-0.53711,2.498,8.1992,-1.0038,29
865,64,-0.53906,4.0508,7.5977,-1.0038,36
865,64,-1.082,3.7402,7.7402,-1.0038,25
865,64,0,0.49219,0.2832,-0.66921,7
865,64,0.037109,0.58789,0.14258,-0.66921,108
865,64,0.041016,0.61523,0.18164,-0.66921,426
865,64,0.064453,0.61523,0.28516,-0.66921,600
866,64,0.035156,0.54102,0.16992,0,27
866,64,0.056641,0.57031,0.19336,0,55
866,64,-0.12109,0.63086,-0.042969,0,60
866,64,-0.064453,0.67773,0.0039063,0,62
866,64,-0.044922,0.71289,-0.083984,0,48
866,64,0.18945,0.73047,-0.050781,0,101
866,64,0.22266,0.75781,-0.085938,0,118
866,64,0.23438,0.79297,-0.099609,0,69
866,64,0.24414,0.82617,-0.11914,0,21
866,64,0,1.8867,-0.13281,0,36
866,64,-0.060547,1.9082,0.28516,0,67
866,64,0,1.9258,0.39844,0,56
866,64,-0.125,1.9063,0.60742,0,25
866,64,0.58789,0.92969,-6.1836,0,38
866,64,0.78906,0.96875,-6.1934,0,36
866,64,0,0.53906,0.17773,0.33461,7
866,64,0,0.59375,0.11523,0.33461,16
866,64,-0.060547,0.64063,0,0.33461,12
866,64,-0.064453,0.67773,0.015625,0.33461,8
866,64,0,0.71875,-0.011719,0.33461,9
866,64,0.16602,0.73828,-0.021484,0.33461,18
866,64,0.19922,0.76758,-0.052734,0.33461,21
866,64,0.20898,0.80469,-0.058594,0.33461,12
866,64,-0.33398,1.6094,-0.67969,-2.3422,12
866,64,-0.2832,1.6543,-0.69336,-2.3422,12
866,64,-0.27734,1.7031,-0.42969,-2.0076,22
866,64,-0.2832,1.7246,-0.49219,-2.0076,21
866,64,-0.98438,0.74219,1.3848,-2.0076,10
866,64,-0.41406,1.5215,-1.0469,-2.0076,18
866,64,0,0.88867,-0.82227,-1.673,16
866,64,-0.039063,0.92969,-0.83203,-1.673,20
866,64,-0.041016,1.0391,-0.75586,-1.673,15
866,64,0.041016,1.0938,-0.74609,-1.673,13
866,64,0,0.53125,-0.19922,-1.3384,5
866,64,0,0.57422,-0.18945,-1.3384,15
866,64,-0.060547,0.60742,-0.20508,-1.3384,20
866,64,-0.10547,0.64258,-0.19922,-1.3384,11
866,64,0,0.97266,-0.7207,-1.3384,23
866,64,-0.078125,1.0371,-0.68945,-1.3384,32
866,64,-0.080078,1.1367,-0.59766,-1.3384,26
866,64,0.125,0.96094,-0.90234,-1.3384,28
866,64,0.16992,0.8125,-1.0801,-1.3384,37
866,64,-0.099609,0.40234,-0.33008,-1.0038,7
866,64,-0.070313,0.49023,-0.27734,-1.0038,89
866,64,-0.076172,0.55859,-0.22266,-1.0038,295
866,64,-0.080078,0.62109,-0.14844,-1.0038,437
866,64,-0.064453,0.67188,-0.085938,-1.0038,343
866,64,-0.023438,0.70898,-0.11523,-1.0038,173
866,64,0,0.7168,-0.24023,-1.0038,57
866,64,0.16602,1.1211,0.68555,-1.0038,25
866,64,0.16992,1.207,0.60938,-1.0038,38
866,64,0,3.5879,7.7188,-1.0038,38
866,64,0,3.9922,7.5605,-1.0038,51
866,64,-0.26758,3.9453,7.623,-1.0038,37
866,64,-0.082031,0.4082,-0.32813,-0.66921,18
866,64,-0.087891,0.48438,-0.28125,-0.66921,177
866,64,-0.09375,0.56055,-0.20508,-0.66921,557
866,64,-0.099609,0.625,-0.11328,-0.66921,826
866,64,-0.064453,0.67578,-0.046875,-0.66921,688
866,64,-0.044922,0.71289,-0.076172,-0.66921,370
866,64,0.23633,0.70703,-0.12695,-0.66921,154
866,64,0.24805,0.73047,-0.19336,-0.66921,180
866,64,0.25977,0.76367,-0.20117,-0.66921,104
866,64,0,1.9297,-0.0019531,-0.66921,77
867,64,0.10742,0.45898,0.14063,0,56
867,64,0.11523,0.48438,0.18164,0,233
867,64,0.125,0.50977,0.2168,0,377
867,64,0.11328,0.52734,0.27734,0,254
867,64,0.12109,0.56445,0.2832,0,65
867,64,0,0.64648,0.2168,0,43
867,64,0.24805,0.66992,-0.078125,0,81
867,64,0.25977,0.70703,-0.066406,0,111
867,64,0.27344,0.74023,-0.099609,0,80
867,64,0.28516,0.76367,-0.16211,0,27
867,64,0,1.8457,0.16406,0,22
867,64,0,1.8867,0.14453,0,38
867,64,0,1.9121,0.25391,0,31
867,64,0.076172,0.4668,0.13672,0.33461,9
867,64,-0.066406,0.52539,0.0019531,0.33461,38
867,64,-0.070313,0.55664,-0.078125,0.33461,62
867,64,-0.076172,0.57617,-0.16797,0.33461,44
867,64,0.12109,0.5625,0.28711,0.33461,9
867,64,0,0.61914,0.28516,0.33461,9
867,64,0,0.55469,-0.11914,0.66921,7
867,64,0,0.57813,-0.17773,0.66921,5
867,64,-0.24805,1.4199,-0.66797,-2.6769,16
867,64,-0.30469,1.3789,-0.80664,-2.6769,16
867,64,-0.24219,1.4707,-0.42969,-2.3422,20
867,64,-0.24805,1.5039,-0.45117,-2.3422,33
867,64,-0.25391,1.4785,-0.62695,-2.3422,25
867,64,0,1.5703,-0.55078,-2.3422,14
867,64,-0.070313,0.52734,-0.19531,-2.0076,6
867,64,-0.24805,1.5117,-0.41797,-2.0076,29
867,64,-0.40625,1.1582,-1.0664,-2.0076,20
867,64,0.052734,1.6465,-0.23828,-2.0076,24
867,64,0.052734,1.6699,-0.32227,-2.0076,15
867,64,0.32617,1.7012,0.16797,-2.0076,19
867,64,-0.066406,0.51758,-0.095703,-1.673,10
867,64,-0.052734,0.5293,-0.19922,-1.673,16
867,64,-0.056641,0.54102,-0.26563,-1.673,11
867,64,-0.30859,1.0234,-0.24414,-1.673,35
867,64,-0.31836,1.0605,-0.24414,-1.673,45
867,64,-0.25586,1.0664,-0.41406,-1.673,44
867,64,-0.18945,1.043,-0.58398,-1.673,40
867,64,0.38086,1.6855,0.20508,-1.673,30
867,64,-0.060547,0.48047,-0.087891,-1.3384,13
867,64,-0.048828,0.51563,-0.11523,-1.3384,55
867,64,-0.052734,0.54688,-0.14063,-1.3384,90
867,64,-0.076172,0.57813,-0.16406,-1.3384,66
867,64,-0.099609,0.59766,-0.21289,-1.3384,20
867,64,-0.34375,1.0273,0.17383,-1.3384,52
867,64,-0.35547,1.043,0.27148,-1.3384,63
867,64,-0.29297,1.123,0.16992,-1.3384,59
867,64,-0.22656,0.9707,-0.6875,-1.3384,54
867,64,1.0586,4.5313,-1.3398,-1.3384,40
867,64,1.0684,4.5723,-1.332,-1.3384,82
867,64,1.0762,4.5859,-1.4141,-1.3384,72
867,64,-0.076172,0.48438,-0.03125,-1.0038,68
867,64,-0.082031,0.52148,-0.052734,-1.0038,272
867,64,-0.070313,0.5625,-0.041016,-1.0038,437
867,64,-0.09375,0.59766,0.0097656,-1.0038,325
867,64,0.060547,0.60742,-0.20117,-1.0038,99
867,64,0,0.62695,-0.26563,-1.0038,38
867,64,-0.068359,0.68555,-0.20703,-1.0038,54
867,64,1.0586,4.6133,-1.0195,-1.0038,64
867,64,1.0684,4.6406,-1.0723,-1.0038,127
867,64,1.0762,4.6563,-1.1621,-1.0038,108
867,64,3.4434,3.0801,7.1055,-1.0038,34
868,64,0.085938,0.44531,0.019531,0,183
868,64,0.091797,0.46094,0.14453,0,537
868,64,0.11523,0.49609,0.14648,0,1068
868,64,0.125,0.53906,0.12305,0,1275
868,64,0.13281,0.58203,0.099609,0,825
868,64,0.12109,0.625,0.095703,0,258
868,64,0.16992,0.6543,0.076172,0,54
868,64,0.22461,0.68164,0.041016,0,50
868,64,-0.056641,0.43164,0.13086,0.33461,38
868,64,0.091797,0.48242,-0.015625,0.33461,91
868,64,0.099609,0.51758,0.056641,0.33461,170
868,64,0.10547,0.54688,0.10352,0.33461,202
868,64,0.11328,0.58203,0.12109,0.33461,133
868,64,0.099609,0.62109,0.12891,0.33461,42
868,64,0.10742,0.47266,0.083984,0.66921,13
868,64,0.11523,0.50391,0.11719,0.66921,25
868,64,0.125,0.5332,0.14648,0.66921,24
868,64,0.11328,0.57422,0.1582,0.66921,13
868,64,0.12305,0.44336,0.17383,1.0038,5
868,64,0.13281,0.48047,0.17969,1.0038,10
868,64,0.14258,0.51758,0.18555,1.0038,8
868,64,-0.13086,1.1738,-0.75195,-2.6769,15
868,64,-0.12695,1.2148,-0.60352,-2.3422,21
868,64,-0.13086,1.25,-0.61914,-2.3422,29
868,64,-0.13477,1.2793,-0.64063,-2.3422,24
868,64,0.14258,0.53516,-0.12109,-2.0076,7
868,64,-0.029297,0.89844,-0.12891,-2.0076,30
868,64,-0.029297,0.43945,-0.11328,-1.673,16
868,64,-0.03125,0.47266,-0.13477,-1.673,22
868,64,-0.048828,0.48828,-0.19727,-1.673,17
868,64,0.125,0.54883,-0.068359,-1.673,16
868,64,0.13281,0.58594,-0.076172,-1.673,12
868,64,-0.029297,0.44531,-0.083984,-1.3384,141
868,64,-0.03125,0.48047,-0.10156,-1.3384,187
868,64,-0.033203,0.51172,-0.13477,-1.3384,115
868,64,0.14258,0.54688,-0.050781,-1.3384,49
868,64,0.13281,0.58789,-0.060547,-1.3384,33
868,64,0.35547,2.793,-0.35352,-1.3384,26
868,64,0.35938,2.8164,-0.45117,-1.3384,38
868,64,0.45508,2.8281,-0.5332,-1.3384,33
868,64,-0.013672,0.41406,-0.035156,-1.0038,159
868,64,0,0.44922,-0.064453,-1.0038,542
868,64,0,0.48438,-0.087891,-1.0038,775
868,64,0.033203,0.51367,-0.12305,-1.0038,516
868,64,0.125,0.54883,-0.076172,-1.0038,301
868,64,0.13281,0.58984,-0.041016,-1.0038,195
868,64,0.12109,0.63086,-0.015625,-1.0038,78
868,64,0.44922,2.832,-0.22461,-1.0038,50
868,64,0.45508,2.8633,-0.29102,-1.0038,53
868,64,0.013672,0.44922,-0.056641,-0.66921,679
868,64,0.046875,0.48438,-0.068359,-0.66921,1241
868,64,0.099609,0.51953,-0.021484,-0.66921,1653
868,64,0.125,0.55273,0.017578,-0.66921,1779
868,64,0.13281,0.58984,0.015625,-0.66921,1153
868,64,0.12109,0.63086,0.019531,-0.66921,398
868,64,0.056641,0.44922,-0.037109,-0.33461,472
868,64,0.076172,0.48633,0.013672,-0.33461,1200
868,64,0.11523,0.51172,0.078125,-0.33461,2158
868,64,0.125,0.54883,0.078125,-0.33461,2509
868,64,0.13281,0.58789,0.060547,-0.33461,1617
868,64,0.12109,0.62891,0.060547,-0.33461,526
868,64,0.12695,0.6582,0.12109,-0.33461,106
868,64,0.22461,0.68359,0,-0.33461,94
868,64,0.25977,0.71094,0.0019531,-0.33461,65
869,62,0.039063,0.41211,-0.041016,0,136
869,62,0.056641,0.42578,-0.14844,0,155
869,62,0.23047,0.39063,0.18945,0,253
869,62,0.24805,0.43359,0.17383,0,195
869,62,-0.035156,0.4082,-0.39258,0,63
869,62,0.099609,0.57422,0.27344,0,43
869,62,0.023438,0.37695,-0.0019531,0.33461,45
869,62,0.039063,0.41406,-0.0058594,0.33461,59
869,62,0.056641,0.45117,-0.0078125,0.33461,31
869,62,0.16992,0.43164,0.16602,0.33461,38
869,62,0.18164,0.45508,0.20117,0.33461,40
869,62,0.16016,0.45117,0.30469,0.33461,19
869,62,0.36328,2.8828,0.21289,0.33461,20
869,62,0.46094,2.9043,0.24609,0.33461,24
869,62,2.6152,0,-2.3145,0.33461,16
869,62,0.16992,0.35352,0.22656,0.66921,6
869,62,0.19922,0.39258,0.2168,0.66921,15
869,62,0.18164,0.42969,0.25,0.66921,13
869,62,0.16992,0.36133,0.28711,1.0038,7
869,62,0.19922,0.38477,0.30664,1.0038,6
869,62,0.029297,0.38086,-0.24609,-2.0076,4
869,62,0.042969,0.41797,-0.17383,-1.673,12
869,62,0.035156,0.35547,-0.12305,-1.3384,87
869,62,0.039063,0.39063,-0.14063,-1.3384,111
869,62,0.056641,0.41992,-0.16211,-1.3384,64
869,62,0.046875,0.45703,-0.17383,-1.3384,16
869,62,0.03125,0.32813,-0.082031,-1.0038,205
869,62,0.046875,0.36133,-0.099609,-1.0038,622
869,62,0.039063,0.39844,-0.11133,-1.0038,805
869,62,0.056641,0.42969,-0.13281,-1.0038,461
869,62,0.060547,0.45117,-0.18555,-1.0038,113
869,62,0.082031,0.23438,-0.4668,-1.0038,33
869,62,0.035156,0.36914,-0.074219,-0.66921,866
869,62,0.039063,0.40625,-0.083984,-0.66921,1114
869,62,0.042969,0.44141,-0.095703,-0.66921,579
869,62,0.26172,0.38477,0.1582,-0.66921,231
869,62,0.28125,0.43359,0.11914,-0.66921,158
869,62,0.087891,0.13672,0.54297,-0.66921,122
869,62,0.09375,0.56836,0.18359,-0.66921,170
869,62,0.035156,0.37305,-0.048828,-0.33461,312
869,62,0.039063,0.41211,-0.050781,-0.33461,393
869,62,0.24023,0.33203,0.19531,-0.33461,225
869,62,0.24609,0.39453,0.1582,-0.33461,468
869,62,0.24805,0.44531,0.14453,-0.33461,360
869,62,0,0.32617,-0.46484,-0.33461,125
869,62,0.09375,0.48633,0.34766,-0.33461,159
869,62,0.099609,0.60742,0.1875,-0.33461,117
869,62,0.21289,0.33398,0.2207,0,114
869,62,0.060547,0.39648,-0.28516,0,183
869,62,0.066406,0.34766,-0.39453,0,125
869,62,0.10547,0.14063,0.53906,0,49
869,62,-0.017578,0.42578,-0.375,0.33461,12
869,62,2.459,0,-2.2031,0.33461,13
869,62,2.4902,0,-2.25,0.33461,22
869,62,0.56055,2.9063,0.41602,0.33461,14
869,62,-0.14258,0.39648,0.16992,-2.0076,3
869,62,0.076172,0.41016,-0.25977,-0.66921,156
869,62,0.099609,0.33594,-0.39844,-0.66921,147
869,62,0.042969,0.44141,-0.10156,-0.33461,177
869,62,0.060547,0.37891,-0.30859,-0.33461,303
869,62,0.082031,0.32813,-0.4082,-0.33461,240
869,62,0.10547,0.12695,-0.54297,-0.33461,114
870,40,0.13086,0.33984,-0.10352,0,213
870,40,0.24023,0.375,0.083984,0,112
870,40,0.24609,0.41797,0.083984,0,209
870,40,0.24805,0.45508,0.10742,0,187
870,40,0.23047,0.49805,0.14063,0,94
870,40,0.18945,0.53516,0.21289,0,50
870,40,0.44727,0.40234,-0.51953,0,23
870,40,0.18164,0.22461,0.78125,0,20
870,40,0.24023,0.36719,0.11133,0.33461,38
870,40,0.24609,0.4082,0.12109,0.33461,51
870,40,0.28125,0.42969,0.13086,0.33461,32
870,40,-2.4824,0,-1.623,0.33461,24
870,40,-2.9512,0,-2.1172,0.33461,37
870,40,0.21289,0.37109,0.15039,0.66921,13
870,40,0.23047,0.41016,0.14258,0.66921,20
870,40,0.24805,0.44336,0.14648,0.66921,14
870,40,0.21484,0.41016,0.16797,1.0038,6
870,40,0.22656,0.39258,0.019531,-1.0038,7
870,40,0.046875,0.46289,-0.1582,-1.0038,9
870,40,0.066406,0.49805,-0.16992,-1.0038,30
870,40,0.087891,0.5332,-0.17383,-1.0038,49
870,40,0.09375,0.57227,-0.17188,-1.0038,36
870,40,0.24023,0.38281,0.029297,-0.66921,96
870,40,0.24609,0.42383,0.03125,-0.66921,189
870,40,0.24805,0.46289,0.068359,-0.66921,187
870,40,0.24805,0.49219,0.13281,-0.66921,113
870,40,0.13086,0.33203,-0.12695,-0.33461,391
870,40,0.24023,0.38086,0.056641,-0.33461,226
870,40,0.24609,0.42188,0.054688,-0.33461,413
870,40,0.26563,0.45313,0.076172,-0.33461,366
870,40,0.24805,0.49609,0.11523,-0.33461,188
870,40,0.17383,0.5293,0.56641,0,17
870,40,0.46875,0.32422,-0.60742,0,19
870,40,1.3828,0.94922,2.4277,0.33461,20
870,40,0.070313,0,0.45313,-1.0038,4
870,40,0.26172,0.39453,0.13477,-1.0038,8
870,40,0.085938,0,0.45313,-0.66921,49
870,40,0.048828,0.37695,-0.36914,-0.66921,114
870,40,0.052734,0.47266,-0.30859,-0.66921,105
870,40,0.035156,0.37891,-0.42188,-0.33461,99
