Frame #,# Obj,X,Y,Z,Doppler,Intensity
1004,1,0,8.0156,-1.1406,-0.33461,15
1006,1,0,8.3086,-1.2305,0.33461,17
1007,1,0,8.3887,-0.41016,0.33461,17
1008,1,0,8.1973,-1.834,0,10
1009,1,0,8.3789,-0.58203,0.33461,17
1020,3,-0.72266,5.7422,0.099609,0.33461,18
1020,3,-0.72852,5.7793,0.10547,0.33461,22
1020,3,-0.54688,5.75,-0.77148,-0.33461,23
1026,1,0,8.3906,-0.38477,0.33461,17
1029,1,0,8.3711,-0.67578,0.33461,14
1044,1,0,8.3828,-0.53711,0.33461,15
1046,1,0,8.3535,-0.88281,0.33461,17
1047,1,0,8.3398,-0.99414,0.33461,17
1048,1,0,8.3711,-0.68359,0.33461,16
1059,1,0,8.3848,-0.48242,0.33461,18
1074,1,0,8.3809,-0.55273,0.33461,17
1075,1,0,8.3574,-0.8418,0.33461,18
1076,1,0,8.2617,-1.5156,0.33461,16
1089,1,0,8.332,-1.0547,0.33461,16
1090,2,0,8.2734,-1.4453,0,10
1090,2,0,8.3105,-1.2168,0.33461,16
1091,1,0,8.3691,-0.71094,0.33461,16
1117,2,0,8.0449,-0.91016,-0.33461,15
1117,2,0,8.0059,-1.4375,-0.33461,12
1120,1,0,8.3613,-0.78906,0.33461,18
1121,2,0,8.3066,-1.2402,0,11
1121,2,0,8.3496,-0.90234,0.33461,19
1122,1,0,8.3691,-0.70898,0.33461,18
1123,1,-0.26172,8.3457,-0.9043,0.33461,18
1135,1,0,8.0352,-0.99609,-0.33461,14
112,35,-0.34375,1.873,-1.0898,0,13
112,35,0.2793,2.1816,-0.37695,0,24
112,35,0.35547,2.1973,-0.44531,0,29
112,35,0.28906,2.1855,-0.68164,0,16
112,35,-0.20508,2.1016,-0.59766,0.33461,24
112,35,0.2793,2.2031,-0.22461,0.33461,49
112,35,0.2832,2.2285,-0.32227,0.33461,63
112,35,0.28906,2.2539,-0.4043,0.33461,40
112,35,0.2207,2.3086,-0.35156,0.33461,13
112,35,0.2793,2.2148,-0.035156,0.66921,16
112,35,0.2832,2.2461,-0.1582,0.66921,21
112,35,0.2168,2.2949,-0.09375,0.66921,13
112,35,-0.27344,1.7598,-1.2813,-0.66921,15
112,35,0.34961,2.1016,-0.66406,-0.66921,31
112,35,0.35547,2.0898,-0.8125,-0.66921,40
112,35,0.36133,2.082,-0.92773,-0.66921,23
112,35,0,2.1543,-0.10742,-0.33461,14
112,35,-0.20508,1.9102,-1.0605,-0.33461,44
112,35,0.34961,2.1465,-0.50781,-0.33461,89
112,35,0.35547,2.1504,-0.63086,-0.33461,111
112,35,0.36133,2.1563,-0.73828,-0.33461,67
112,35,0.29297,2.1504,-0.88867,-0.33461,19
112,35,-0.41797,1.7129,-1.3691,0,23
112,35,-0.42578,1.2695,-1.834,0,20
112,35,-0.50391,0,2.2715,0,9
112,35,-0.34961,1.8574,-1.1875,0.33461,37
112,35,-0.49609,1.4668,-1.6602,0.33461,36
112,35,-0.48828,1.9063,-1.0527,0.66921,11
112,35,-0.49609,1.6348,-1.4961,0.66921,11
112,35,-0.34961,1.3633,-1.7324,-0.66921,27
112,35,-0.42578,0.44141,-2.1855,-0.66921,26
112,35,-0.50391,0.84961,2.0859,-0.66921,13
112,35,-0.34961,1.5488,-1.5703,-0.33461,76
112,35,-0.42578,0.99414,-1.9961,-0.33461,72
112,35,-0.43359,0.88867,2.0859,-0.33461,38
113,35,0.27344,2.1348,-0.42383,0,23
113,35,0.2793,2.1641,-0.4707,0,45
113,35,0.2832,2.1855,-0.54297,0,34
113,35,0.2168,2.2266,-0.56641,0,9
113,35,0,2.0645,-0.25781,0.33461,10
113,35,0,2.1094,-0.19141,0.33461,35
113,35,0,2.1465,-0.21094,0.33461,51
113,35,0.068359,2.1855,-0.19141,0.33461,54
113,35,0.20898,2.2207,-0.060547,0.33461,52
113,35,0.2832,2.252,-0.070313,0.33461,37
113,35,-0.43359,2.2676,0.027344,0.33461,16
113,35,0,2.1563,-0.050781,0.66921,17
113,35,0,2.1934,-0.082031,0.66921,17
113,35,0.13867,2.2266,0.080078,0.66921,16
113,35,0.2832,2.248,0.13086,0.66921,12
113,35,0.068359,2.0371,-0.70313,-0.66921,19
113,35,0.20508,2.0801,-0.66797,-0.66921,29
113,35,0.2793,2.1094,-0.67383,-0.66921,46
113,35,0.2832,2.1289,-0.73242,-0.66921,35
113,35,0.064453,2.0195,-0.49805,-0.33461,12
113,35,0.066406,2.0547,-0.50977,-0.33461,36
113,35,0.068359,2.0938,-0.51563,-0.33461,58
113,35,0.20508,2.1328,-0.47656,-0.33461,85
113,35,0.2793,2.1582,-0.49414,-0.33461,125
113,35,0.35547,2.168,-0.57422,-0.33461,94
113,35,0.36133,2.166,-0.70898,-0.33461,28
113,35,-0.48047,0.82227,-1.9766,0,12
113,35,-0.35547,2.1035,-0.7793,0.33461,31
113,35,0.28906,2.2598,-0.36719,0.33461,12
113,35,-0.42578,2.1309,-0.6582,0.66921,10
113,35,-0.41797,0.7207,-2.0703,-0.66921,24
113,35,-0.42578,0.33594,-2.2051,-0.66921,18
113,35,-0.41797,1.2383,-1.8105,-0.33461,67
113,35,-0.42578,1.168,-1.9004,-0.33461,49
113,35,-0.43359,2.2441,0.32031,-0.33461,21
114,21,0.20508,2.1465,-0.40234,0,11
114,21,0.20898,2.1641,-0.50195,0,22
114,21,0.21289,2.2051,-0.49414,0,20
114,21,0.2168,2.2188,-0.59961,0,10
114,21,0,2.1563,-0.072266,0.33461,11
114,21,0.068359,2.1914,-0.10742,0.33461,35
114,21,0.13867,2.2207,-0.17969,0.33461,60
114,21,0.14258,2.25,-0.26953,0.33461,53
114,21,0.14453,2.2813,-0.32031,0.33461,26
114,21,0,2.1934,0.072266,0.66921,11
114,21,0,2.2266,-0.14648,0.66921,18
114,21,0.14258,2.2637,-0.11133,0.66921,17
114,21,0.068359,2.0918,-0.66211,-0.66921,17
114,21,0.20898,2.1113,-0.69141,-0.66921,33
114,21,0.21289,2.1465,-0.70703,-0.66921,30
114,21,0.28906,2.166,-0.74609,-0.66921,15
114,21,0,2.127,-0.35547,-0.33461,15
114,21,0.13672,2.1445,-0.44727,-0.33461,51
114,21,0.13867,2.1582,-0.55469,-0.33461,93
114,21,0.21289,2.1836,-0.58594,-0.33461,87
114,21,0.2168,2.2012,-0.66211,-0.33461,43
115,26,0.2793,2.1484,-0.53516,0,7
115,26,0,2.0957,-0.3125,0.33461,12
115,26,0.13477,2.1406,-0.22266,0.33461,22
115,26,0.20508,2.1836,-0.070313,0.33461,32
115,26,0.34961,2.2031,-0.097656,0.33461,36
115,26,0.2832,2.2246,-0.3457,0.33461,28
115,26,0.2168,2.2813,-0.27734,0.33461,19
115,26,3.666,0.9375,-0.015625,0.33461,14
115,26,3.7012,0.9375,-0.13281,0.33461,13
115,26,0.2793,2.2129,0.066406,0.66921,13
115,26,0.066406,2.0469,-0.54492,-0.33461,13
115,26,0.13477,2.1113,-0.42188,-0.33461,22
115,26,0.20508,2.1719,-0.22852,-0.33461,26
115,26,-0.34961,2.002,-0.92383,-0.33461,25
115,26,0.35547,2.1855,-0.5,-0.33461,18
115,26,-3.7832,0,-0.63672,-0.33461,19
115,26,-3.8203,0,-0.71484,-0.33461,18
115,26,-0.62695,1.2168,1.7637,0,4
115,26,-0.48047,1.8027,-1.1563,0.33461,19
115,26,-0.41797,1.9512,-1,0.33461,31
115,26,-0.42578,1.0742,-1.9531,0.33461,23
115,26,0,3.7617,0.41406,0.33461,8
115,26,0,3.8105,0.2832,0.33461,8
115,26,-0.41797,2.0273,-0.83789,0.66921,10
115,26,0.2793,2.2129,-0.064453,-0.33461,24
115,26,-0.35547,2.0684,-0.86719,-0.33461,18
116,38,0.20508,2.0996,-0.60156,0,17
116,38,0.2793,2.1328,-0.59375,0,34
116,38,0.21289,2.1738,-0.61914,0,35
116,38,0.28906,2.2031,-0.62109,0,19
116,38,0,2.1172,-0.056641,0.33461,12
116,38,0,2.1563,0.056641,0.33461,12
116,38,0.34375,2.0645,-0.66211,0.33461,41
116,38,0.34961,2.1152,-0.625,0.33461,89
116,38,0.35547,2.1504,-0.63477,0.33461,92
116,38,0.28906,2.2246,-0.54297,0.33461,52
116,38,0.29297,2.2773,-0.48047,0.33461,15
116,38,3.666,0.91406,0.21484,0.33461,12
116,38,0.27344,2.1035,-0.55859,0.66921,14
116,38,0.2793,2.1582,-0.49414,0.66921,32
116,38,0.2832,2.1973,-0.49414,0.66921,34
116,38,0.28906,2.2441,-0.45898,0.66921,19
116,38,-0.34961,2.1953,0.19727,-0.66921,13
116,38,0.35547,1.6758,-1.4883,-0.66921,10
116,38,0,2.082,-0.39063,-0.33461,11
116,38,0,2.1387,-0.27344,-0.33461,16
116,38,-0.34375,2.1172,0.46484,-0.33461,26
116,38,-0.34961,2.1504,0.48633,-0.33461,41
116,38,0.42578,1.8867,-1.1875,-0.33461,33
116,38,0.28906,2.1094,-0.88867,-0.33461,21
116,38,-3.7832,0,-0.4082,-0.33461,16
116,38,-3.8203,0,-0.51172,-0.33461,15
116,38,-0.48047,1.4941,1.5332,0.33461,30
116,38,-0.41797,1.4102,1.6797,0.33461,56
116,38,-0.49609,1.6094,1.5215,0.33461,48
116,38,0.35547,3.7656,-0.10352,0.33461,7
116,38,-0.48047,0.98047,1.9023,0.66921,10
116,38,-0.48828,1.3594,1.7031,0.66921,19
116,38,0.41797,1.4199,-1.6699,-0.66921,10
116,38,-0.35547,2.2012,0.42578,-0.66921,10
116,38,0.41211,1.6777,-1.3535,-0.33461,15
116,38,0.41797,1.7031,-1.3809,-0.33461,32
116,38,-0.35547,2.1484,0.64063,-0.33461,31
116,38,-0.43359,2.0957,0.86523,-0.33461,11
117,26,-0.19922,2.0605,-0.45508,0,10
117,26,-0.20313,2.0723,-0.5625,0,26
117,26,-0.20508,2.1367,-0.45313,0,46
117,26,-0.2793,2.1914,-0.31445,0,45
117,26,-0.35547,2.2383,-0.125,0,24
117,26,-0.066406,2.1172,-0.064453,0.33461,17
117,26,-0.068359,2.1543,-0.095703,0.33461,27
117,26,0.068359,2.1914,0.099609,0.33461,35
117,26,0.13867,2.2266,-0.050781,0.33461,52
117,26,0.21289,2.1973,-0.5293,0.33461,47
117,26,0.14453,2.1992,-0.6875,0.33461,14
117,26,0,2.1875,0.17188,0.66921,12
117,26,0.13867,2.2227,0.16211,0.66921,19
117,26,0.14258,2.2383,-0.34766,0.66921,17
117,26,-0.13477,2.0723,-0.57813,-0.66921,24
117,26,-0.20508,2.0957,-0.61914,-0.66921,40
117,26,-0.13867,2.1289,-0.6582,-0.66921,38
117,26,0,2.1563,-0.70898,-0.66921,21
117,26,0,2.0879,-0.35742,-0.33461,22
117,26,-0.13477,2.1055,-0.44727,-0.33461,62
117,26,-0.13672,2.1367,-0.47656,-0.33461,101
117,26,-0.13867,2.166,-0.51758,-0.33461,94
117,26,-0.070313,2.207,-0.5293,-0.33461,54
117,26,-0.14453,2.2305,-0.57617,-0.33461,18
117,26,0.35547,1.7695,-1.377,0,13
117,26,-0.57617,1.9473,1.0957,0.33461,9
118,64,-0.19531,2.0645,-0.17188,0,13
118,64,-0.13281,2.1016,-0.24023,0,49
118,64,-0.13477,2.1309,-0.31055,0,74
118,64,-0.068359,2.1523,-0.42188,0,66
118,64,0,2.1973,-0.38867,0,71
118,64,-0.070313,2.25,-0.28906,0,69
118,64,-0.072266,2.2832,-0.32813,0,35
118,64,0,2.3242,-0.3125,0,10
118,64,3.3594,1.5117,-0.41602,0,10
118,64,-0.19531,2.0723,0.023438,0.33461,30
118,64,-0.13281,2.1113,-0.10547,0.33461,110
118,64,-0.13477,2.1484,-0.14063,0.33461,164
118,64,-0.13672,2.1875,-0.085938,0.33461,126
118,64,0,2.2324,0.0097656,0.33461,96
118,64,0.14258,2.2637,-0.10156,0.33461,103
118,64,0.14453,2.2949,-0.19922,0.33461,58
118,64,0.074219,2.3418,-0.091797,0.33461,24
118,64,3.666,0.43359,-0.83203,0.33461,12
118,64,-0.19922,2.1094,0.011719,0.66921,42
118,64,-0.20313,2.1465,-0.0019531,0.66921,62
118,64,-0.13672,2.1875,0.097656,0.66921,44
118,64,0,2.2246,0.18164,0.66921,26
118,64,0.070313,2.2695,0.019531,0.66921,30
118,64,0.14453,2.3027,-0.017578,0.66921,17
118,64,-0.19922,1.9395,-0.83203,-1.673,16
118,64,-0.19531,1.9414,-0.72266,-1.3384,24
118,64,-0.19922,1.9805,-0.72461,-1.3384,49
118,64,-0.20313,2.0313,-0.69727,-1.3384,51
118,64,-0.20508,2.0566,-0.73633,-1.3384,34
118,64,-0.20898,2.0957,-0.74219,-1.3384,15
118,64,3.3594,0.74219,-1.3809,-1.3384,19
118,64,3.3945,0.73242,-1.4043,-1.3384,16
118,64,-0.19531,1.9863,-0.58789,-1.0038,20
118,64,-0.19922,2.0293,-0.57813,-1.0038,67
118,64,-0.20313,2.0664,-0.58008,-1.0038,127
118,64,-0.27344,2.0898,-0.60938,-1.0038,121
118,64,-0.2793,2.1133,-0.66016,-1.0038,59
118,64,-0.21289,2.1094,-0.80859,-1.0038,19
118,64,3.5547,0,-1.0469,-1.0038,35
118,64,3.4766,0.55859,-1.1641,-1.0038,65
118,64,3.5117,0.46484,-1.2188,-1.0038,52
118,64,3.5469,0.25586,-1.291,-1.0038,18
118,64,-0.26563,2.0742,-0.33789,-0.66921,51
118,64,-0.20313,2.1094,-0.4043,-0.66921,123
118,64,-0.27344,2.1309,-0.44727,-0.66921,126
118,64,-0.2793,2.1602,-0.48828,-0.66921,57
118,64,-0.35547,1.8008,-1.3359,-0.66921,25
118,64,3.5547,0.43164,-0.80078,-0.66921,37
118,64,3.4766,0.93164,-0.89258,-0.66921,68
118,64,3.6289,0,-0.9668,-0.66921,54
118,64,3.5469,0.51367,-1.2129,-0.66921,20
118,64,0,2.0195,-0.50391,-0.33461,11
118,64,-0.13281,2.0938,-0.29492,-0.33461,40
118,64,-0.20313,2.1387,-0.1875,-0.33461,69
118,64,-0.20508,2.1621,0.32031,-0.33461,46
118,64,0.070313,2.1602,-0.55469,-0.33461,35
118,64,-0.21289,2.0742,-0.89453,-0.33461,59
118,64,-0.43359,1.8613,-1.2949,-0.33461,30
118,64,0,2.3438,-0.068359,-0.33461,13
118,64,3.5918,0.74023,-0.54688,-0.33461,22
118,64,3.6289,0.57031,-0.73242,-0.33461,19
118,64,-2.5488,0,3.3516,0,8
118,64,-2.5488,1.3438,2.334,-1.3384,10
118,64,-2.4082,1.1797,2.5039,-1.0038,22
119,64,0.066406,2.0918,-0.32813,0,16
119,64,-0.068359,2.1035,-0.4707,0,35
119,64,-0.068359,2.166,-0.34766,0,43
119,64,-0.13867,2.2266,-0.083984,0,35
119,64,-0.14258,2.2598,0.16211,0,19
119,64,-0.2168,2.2832,-0.26563,0,13
119,64,-3.998,1.1582,5.293,0,16
119,64,-4.0215,1.7266,5.168,0,32
119,64,-4.043,2.2305,5.0059,0,30
119,64,-4.2793,1.9004,4.9961,0,13
119,64,7.0078,4.9648,-0.79492,0,9
119,64,0,2.0547,-0.33398,0.33461,36
119,64,0.066406,2.1094,-0.19141,0.33461,67
119,64,0.068359,2.1563,-0.0019531,0.33461,77
119,64,0,2.1934,0.072266,0.33461,89
119,64,-0.070313,2.2227,0.19336,0.33461,90
119,64,-0.14258,2.2363,0.35938,0.33461,45
119,64,-3.7832,0,-0.29492,0.33461,19
119,64,3.7012,0.89648,-0.31055,0.33461,16
119,64,-2.3281,6.332,0.58789,0.33461,17
119,64,0.21289,1.5313,6.6328,0.33461,15
119,64,0,2.1191,-0.0078125,0.66921,25
119,64,-0.13477,2.1504,-0.10938,0.66921,41
119,64,-0.13672,2.1895,-0.021484,0.66921,45
119,64,-0.13867,2.2148,0.24805,0.66921,35
119,64,-0.14258,2.2012,0.5332,0.66921,22
119,64,0,2.2773,-0.36914,0.66921,32
119,64,0,2.2715,-0.58594,0.66921,20
119,64,-0.14258,2.2637,-0.10352,1.0038,14
119,64,-0.14453,2.2832,-0.30078,1.0038,23
119,64,-0.14648,2.3008,-0.42773,1.0038,16
119,64,-0.30078,1.7969,-0.63672,-2.3422,11
119,64,-0.30664,1.8242,-0.66992,-2.3422,17
119,64,-0.375,1.8066,-0.7832,-2.3422,13
119,64,-0.36133,1.8164,-0.54297,-2.0076,13
119,64,-0.30664,1.8516,-0.5918,-2.0076,21
119,64,-0.3125,1.8789,-0.62695,-2.0076,17
119,64,-0.25977,1.9941,-0.53516,-1.673,13
119,64,-0.3125,1.9531,-0.33008,-1.3384,12
119,64,-0.31836,1.9648,-0.45898,-1.3384,26
119,64,-0.25977,2.0098,-0.4707,-1.3384,28
119,64,-0.26563,2.0352,-0.5293,-1.3384,17
119,64,-0.38281,1.9902,-0.26367,-1.0038,22
119,64,-0.39063,2.0137,-0.35156,-1.0038,26
119,64,-0.39648,2.0703,-0.21094,-1.0038,13
119,64,-0.25977,2.0156,-0.44336,-0.66921,17
119,64,-0.26563,2.0059,-0.62695,-0.66921,22
119,64,-0.33789,2.0273,-0.65234,-0.66921,25
119,64,-0.54883,1.5293,-1.4746,-0.66921,16
119,64,0.070313,2.2246,-0.17383,-0.66921,13
119,64,-3.998,3.168,4.3965,-0.66921,15
119,64,-4.0215,3.4219,4.2402,-0.66921,30
119,64,-3.8301,3.957,4.0059,-0.66921,28
119,64,0.064453,2.0195,-0.49805,-0.33461,25
119,64,0.066406,2.0488,-0.53711,-0.33461,47
119,64,0.13477,2.1211,-0.36523,-0.33461,51
119,64,0.068359,2.1934,-0.039063,-0.33461,51
119,64,0,2.2305,0.076172,-0.33461,40
119,64,-3.998,2.3457,4.8848,-0.33461,37
119,64,-4.0215,2.7207,4.7207,-0.33461,73
119,64,-4.043,2.9395,4.625,-0.33461,65
119,64,-4.0664,3.2441,4.4531,-0.33461,25
119,64,7.2773,4.377,-1.5117,-0.33461,18
119,64,-0.72852,0.86719,1.791,0,10
120,64,-0.32422,2.0488,0.16602,0,24
120,64,-0.39648,2.0801,0.037109,0,22
120,64,-0.068359,2.1445,-0.22266,0,26
120,64,-0.13672,2.1602,-0.36328,0,28
120,64,-0.97656,1.082,1.6914,0,15
120,64,-0.92188,1.3066,1.6113,0,9
120,64,0,2.3047,-0.10938,0,13
120,64,0.074219,2.3418,0.12305,0,9
120,64,-0.13477,2.1289,0.31836,0.33461,61
120,64,-0.068359,2.1895,0.11914,0.33461,60
120,64,-1.1855,0,2.0703,0.33461,22
120,64,0.35547,2.0762,-0.84766,0.33461,41
120,64,0.28906,2.2188,-0.5625,0.33461,55
120,64,0.14648,2.3203,-0.3125,0.33461,34
120,64,3.6289,0.86914,-0.33008,0.33461,19
120,64,-3.7832,0,-0.35547,0.33461,28
120,64,-3.7012,0.82031,-0.47461,0.33461,23
120,64,-3.8594,0,-0.38086,0.33461,15
120,64,-0.9043,5.7168,0.021484,0.33461,22
120,64,-0.72852,5.7754,-0.24609,0.33461,33
120,64,-0.91602,5.7129,-0.95117,0.33461,21
120,64,-0.20313,2.1172,0.35547,0.66921,22
120,64,-0.13672,2.1758,0.24609,0.66921,22
120,64,-1.1152,0,1.9551,0.66921,13
120,64,0.35547,2.0625,-0.88086,0.66921,15
120,64,0.14453,2.2754,-0.35352,0.66921,18
120,64,3.5469,1.3125,-0.099609,0.66921,11
120,64,-0.43555,1.6523,-0.32813,-1.673,19
120,64,-0.44531,1.6777,-0.38281,-1.673,17
120,64,-0.47852,1.623,-0.18359,-1.3384,15
120,64,-0.43555,1.6699,-0.22461,-1.3384,29
120,64,-0.38867,1.7129,-0.2793,-1.3384,26
120,64,-0.33984,1.7656,-0.25,-1.3384,18
120,64,-0.43555,1.6836,-0.085938,-1.0038,12
120,64,-0.38867,1.7266,-0.17188,-1.0038,15
120,64,-0.33984,1.7695,-0.22656,-1.0038,16
120,64,-0.36133,1.875,-0.2793,-1.0038,20
120,64,-0.36914,1.9082,-0.30469,-1.0038,21
120,64,-0.41406,1.8457,0,-0.66921,11
120,64,-0.36133,1.8926,-0.11133,-0.66921,26
120,64,-0.42969,1.9082,-0.20703,-0.66921,28
120,64,-0.32422,2.0547,-0.068359,-0.66921,33
120,64,-0.26563,2.0996,-0.12109,-0.66921,40
120,64,0.28906,2.0313,-1.0586,-0.66921,15
120,64,-0.42969,1.9199,-0.042969,-0.33461,11
120,64,-0.38281,2.0059,0.060547,-0.33461,22
120,64,-0.32422,2.0527,0.091797,-0.33461,48
120,64,-0.26563,2.1016,0.074219,-0.33461,66
120,64,-0.13477,2.1523,-0.015625,-0.33461,73
120,64,-0.13672,2.1895,0.0058594,-0.33461,57
120,64,-0.20898,2.1719,0.47266,-0.33461,30
120,64,0.35547,2.0078,-0.99805,-0.33461,30
120,64,0.28906,2.1152,-0.875,-0.33461,44
120,64,0.29297,2.125,-0.94922,-0.33461,26
120,64,-0.91016,5.6563,-1.0605,-0.33461,37
120,64,-0.91602,5.709,-0.97266,-0.33461,34
120,64,-0.89063,0.8418,1.8203,0,18
120,64,-0.20898,2.1816,-0.41797,0,12
120,64,-0.2832,2.252,0.015625,0,9
120,64,-0.87891,0,2.3047,0,8
120,64,-0.76758,1.3828,1.5762,0.33461,22
120,64,-0.56836,1.7031,1.3906,0.33461,27
120,64,0.11719,3.7402,-0.17773,0.33461,10
120,64,-2.9316,0,5.6191,0.33461,11
121,40,-0.43555,1.6816,-0.097656,0,11
121,40,-0.44531,1.707,-0.22461,0,13
121,40,-0.13477,2.1445,-0.1875,0,45
121,40,-0.13672,2.1895,-0.070313,0,37
121,40,-0.20898,2.2227,-0.0039063,0,42
121,40,-0.2832,2.2402,-0.23828,0,36
121,40,-0.36133,2.1895,-0.63281,0,16
121,40,-0.38086,1.6973,0.054688,0.33461,14
121,40,-0.44531,1.7207,-0.048828,0.33461,22
121,40,-0.068359,2.1406,-0.25,0.33461,33
121,40,-0.97656,0,2.1836,0.33461,30
121,40,-0.99219,0,2.2285,0.33461,45
121,40,-1.0098,0,2.293,0.33461,32
121,40,-1.0996,5.7578,0.15039,0.33461,22
121,40,-0.47852,1.6328,-0.017578,0.66921,14
121,40,-0.5,1.7051,0.050781,0.66921,13
121,40,-0.83789,0,2.1953,0.66921,20
121,40,-0.85156,0,-2.2129,0.66921,31
121,40,-1.0098,0,-2.2715,0.66921,22
121,40,0,2.0254,-0.62109,-0.66921,22
121,40,0,2.0898,-0.5332,-0.66921,45
121,40,-0.068359,2.1426,-0.4707,-0.66921,35
121,40,-0.13867,2.2051,-0.32227,-0.66921,23
121,40,-0.21289,2.2324,-0.35547,-0.66921,16
121,40,0,2.0586,-0.50195,-0.33461,45
121,40,0,2.1133,-0.42969,-0.33461,87
121,40,-0.13672,2.1719,-0.2832,-0.33461,62
121,40,-0.20898,2.2188,-0.12695,-0.33461,56
121,40,-0.21289,2.252,-0.19336,-0.33461,42
121,40,0,2.3262,0.30469,-0.33461,12
121,40,-0.30273,2.4023,0.0625,-0.33461,22
121,40,-0.38477,2.4277,0.048828,-0.33461,16
121,40,3.666,0.74805,-0.56641,-0.33461,17
121,40,-0.99219,0,-2.2441,0,20
121,40,-1.082,0,2.1113,0,11
121,40,-0.13867,2.2168,0.21289,0.33461,29
121,40,-0.21289,2.2598,0.039063,0.33461,41
121,40,-0.2168,2.2969,-0.019531,0.33461,30
121,40,0.48828,0,-2.1875,0.66921,14
121,40,-0.80664,1.4238,-1.6797,-0.33461,11
122,59,0.066406,2.0918,-0.32617,0,15
122,59,0,2.1504,-0.16406,0,26
122,59,0,2.1855,-0.19531,0,21
122,59,-0.21289,2.2559,-0.125,0,20
122,59,-0.2168,2.291,-0.16211,0,14
122,59,-0.13086,2.0762,0.023438,0.33461,27
122,59,-0.066406,2.1172,0.0078125,0.33461,78
122,59,0,2.1563,-0.039063,0.33461,118
122,59,0,2.1914,-0.11523,0.33461,81
122,59,-0.34961,1.9336,1.0605,0.33461,18
122,59,-0.14258,2.2559,0.20898,0.33461,54
122,59,-0.2168,2.291,0.17969,0.33461,40
122,59,-0.2207,2.3105,0.33398,0.33461,19
122,59,-0.36133,5.7715,0.25,0.33461,22
122,59,-0.72852,5.7441,0.65039,0.33461,41
122,59,-0.91602,5.7715,0.49609,0.33461,37
122,59,-2.9629,5.3555,2.8984,0.33461,23
122,59,6.9785,4.5684,2.0508,0.33461,15
122,59,-0.42188,1.8828,0.058594,0.66921,14
122,59,-0.36914,1.9297,0.085938,0.66921,27
122,59,-0.375,1.9688,0.060547,0.66921,23
122,59,-0.31836,2.0156,-0.076172,0.66921,13
122,59,-0.19922,2.1016,0.17969,0.66921,35
122,59,-0.13477,2.1484,0.11523,0.66921,47
122,59,-0.068359,2.1934,0.015625,0.66921,33
122,59,-0.2832,2.209,0.44336,0.66921,16
122,59,-0.2168,2.2832,0.25781,0.66921,16
122,59,-0.33984,1.7695,0.22656,1.0038,25
122,59,-0.34766,1.8008,0.26367,1.0038,56
122,59,-0.35547,1.8398,0.25586,1.0038,53
122,59,-0.36133,1.8691,0.31836,1.0038,17
122,59,-0.36914,1.9219,0.19336,1.0038,21
122,59,-0.375,1.9629,0.16602,1.0038,25
122,59,-0.39648,1.7266,0.40234,1.3384,49
122,59,-0.34766,1.7813,0.38086,1.3384,99
122,59,-0.35547,1.8223,0.36328,1.3384,90
122,59,-0.36133,1.8633,0.34766,1.3384,37
122,59,-0.39648,1.6855,0.54492,1.673,38
122,59,-0.40625,1.7324,0.52344,1.673,61
122,59,-0.35547,1.791,0.49219,1.673,49
122,59,-0.42188,1.8281,0.45117,1.673,19
122,59,0.066406,2.0566,-0.50391,-0.66921,30
122,59,0.068359,2.0977,-0.49609,-0.66921,46
122,59,0.068359,2.1309,-0.51953,-0.66921,32
122,59,0,2.0449,-0.38086,-0.33461,28
122,59,0.066406,2.0859,-0.35938,-0.33461,91
122,59,0,2.125,-0.36914,-0.33461,141
122,59,0.068359,2.1582,-0.38867,-0.33461,102
122,59,0.20898,2.1934,-0.35742,-0.33461,27
122,59,-0.21289,2.2539,0.1582,-0.33461,28
122,59,-0.2168,2.2949,0.10742,-0.33461,23
122,59,-0.2207,2.3262,0.19727,-0.33461,20
122,59,-0.54688,5.7832,-0.46094,-0.33461,29
122,59,-0.73242,5.791,-0.56836,-0.33461,25
122,59,0,2.1992,0.37695,0.33461,17
122,59,-2.5332,1.3652,-5.0234,0.33461,12
122,59,-0.21094,1.6035,6.5762,0.33461,17
122,59,-1.6094,8.3867,-0.91211,0.33461,8
122,59,-0.48828,1.4648,1.6133,-0.33461,21
123,62,0,2.0508,-0.35352,0,17
123,62,0,2.0879,-0.35938,0,29
123,62,0.068359,2.125,-0.36523,0,31
123,62,0,2.1738,-0.30273,0,27
123,62,-0.20898,2.2129,-0.20898,0,17
123,62,0,2.0762,-0.15039,0.33461,47
123,62,0,2.1133,-0.13672,0.33461,109
123,62,0,2.1543,-0.11133,0.33461,141
123,62,0,2.1934,-0.064453,0.33461,103
123,62,-0.070313,2.2305,0.046875,0.33461,51
123,62,0,2.2617,0.19336,0.33461,40
123,62,0,2.2988,0.20898,0.33461,38
123,62,0.14648,2.3379,0.13867,0.33461,18
123,62,7.1816,4.373,1.3262,0.33461,25
123,62,-0.3125,1.957,0.30664,0.66921,15
123,62,-0.31836,2.0137,0.12695,0.66921,13
123,62,-0.19531,2.0684,0.099609,0.66921,31
123,62,-0.13281,2.1113,0.10547,0.66921,71
123,62,-0.20313,2.1445,0.11914,0.66921,96
123,62,-0.20508,2.1797,0.13477,0.66921,73
123,62,-0.20898,2.2188,0.13867,0.66921,31
123,62,-0.30078,1.834,0.51953,1.0038,21
123,62,-0.30664,1.8809,0.49219,1.0038,71
123,62,-0.3125,1.9258,0.46484,1.0038,103
123,62,-0.31836,1.9668,0.45117,1.0038,66
123,62,-0.32422,2.0332,0.29883,1.0038,19
123,62,-0.33008,2.0566,0.38672,1.0038,24
123,62,-0.26953,2.1094,0.35938,1.0038,32
123,62,-0.27344,2.1523,0.33203,1.0038,22
123,62,-0.35547,1.9102,2.0684,1.0038,30
123,62,-0.35938,2.4648,1.4375,1.0038,19
123,62,-0.30078,1.7676,0.71094,1.3384,31
123,62,-0.30664,1.8418,0.62109,1.3384,110
123,62,-0.3125,1.8867,0.60156,1.3384,161
123,62,-0.31836,1.9336,0.57617,1.3384,106
123,62,-0.32422,1.998,0.48438,1.3384,30
123,62,-0.36133,1.7129,0.81055,1.673,15
123,62,-0.36914,1.7813,0.74805,1.673,57
123,62,-0.375,1.832,0.72461,1.673,83
123,62,-0.38281,1.873,0.71875,1.673,54
123,62,-0.39063,1.9141,0.71875,1.673,15
123,62,0,2,-0.57617,-0.66921,23
123,62,0.066406,2.0234,-0.62109,-0.66921,48
123,62,0.068359,2.0703,-0.60156,-0.66921,56
123,62,0,2.1094,-0.60352,-0.66921,38
123,62,0,2.1797,-0.48438,-0.66921,19
123,62,0,2.2559,-0.25391,-0.66921,15
123,62,0,2.2891,-0.28906,-0.66921,14
123,62,0,1.9961,-0.43555,-0.33461,14
123,62,0,2.0273,-0.4668,-0.33461,67
123,62,0,2.0645,-0.48047,-0.33461,141
123,62,0.068359,2.1035,-0.47266,-0.33461,164
123,62,0,2.1426,-0.47266,-0.33461,112
123,62,0,2.1992,-0.38281,-0.33461,56
123,62,0,2.2637,-0.16992,-0.33461,43
123,62,0,2.3047,-0.13672,-0.33461,39
123,62,0.074219,2.3398,-0.13477,-0.33461,20
123,62,-0.52539,8.1152,-2.0977,-0.33461,22
123,62,-0.79102,8.082,-2.2852,-0.33461,18
123,62,-0.87891,0.92969,-1.9668,0.33461,13
123,62,-1.5957,8.2578,-1.3105,0.33461,16
123,62,-0.87891,0.67383,-2.0664,-0.33461,12
124,64,0,2.0801,-0.082031,0,9
124,64,0,2.1152,-0.13672,0,19
124,64,0,2.1543,-0.097656,0,20
124,64,-0.20508,2.1836,-0.091797,0,14
124,64,-0.20898,2.2188,0.13867,0,14
124,64,0,2.2695,-0.023438,0,13
124,64,-0.26953,1.2051,-2.5977,0,24
124,64,-0.27344,0.66602,2.8223,0,31
124,64,-0.27734,1.6211,2.4492,0,18
124,64,0,2.1191,0.037109,0.33461,32
124,64,-0.068359,2.1523,0.10547,0.33461,48
124,64,-0.20508,2.1563,0.35156,0.33461,42
124,64,-0.20898,2.1953,0.3457,0.33461,43
124,64,-0.070313,2.2598,0.20898,0.33461,49
124,64,0,2.3008,0.19141,0.33461,33
124,64,0,2.3301,0.27734,0.33461,17
124,64,-0.26953,1.4746,-2.4531,0.33461,44
124,64,-0.27344,0.88477,-2.7617,0.33461,60
124,64,-0.27734,1.2637,2.6523,0.33461,38
124,64,-3.7832,0,-0.17383,0.33461,26
124,64,-3.8203,0,-0.15039,0.33461,23
124,64,-0.31836,1.9688,0.44531,0.66921,22
124,64,-0.25977,2.0234,0.4082,0.66921,59
124,64,-0.26563,2.0605,0.41797,0.66921,85
124,64,-0.26953,2.0977,0.41797,0.66921,72
124,64,-0.27344,2.1367,0.41602,0.66921,39
124,64,-0.20898,2.1855,0.4043,0.66921,16
124,64,-0.35938,1.6816,-2.3047,0.66921,24
124,64,-0.36328,0.75391,-2.791,0.66921,34
124,64,-0.25586,1.9316,0.61523,1.0038,48
124,64,-0.25977,1.9844,0.56641,1.0038,128
124,64,-0.26563,2.0313,0.53906,1.0038,172
124,64,-0.26953,2.0762,0.51367,1.0038,119
124,64,-0.27344,2.127,0.46094,1.0038,37
124,64,3.291,0.87305,1.2637,1.0038,22
124,64,3.3262,1.0879,1.1055,1.0038,28
124,64,3.3594,1.1973,1.0117,1.0038,16
124,64,-0.31836,1.873,0.75,1.3384,32
124,64,-0.32422,1.9238,0.72461,1.3384,92
124,64,-0.33008,1.9727,0.69727,1.3384,131
124,64,-0.33789,2.0156,0.6875,1.3384,93
124,64,-0.34375,2.0488,0.70508,1.3384,30
124,64,3.291,0.73242,1.3496,1.3384,17
124,64,3.4414,0,1.2852,1.3384,22
124,64,-0.32422,1.8535,0.88672,1.673,18
124,64,-0.33008,1.9043,0.86719,1.673,34
124,64,-0.33789,1.9453,0.86719,1.673,27
124,64,0.066406,2.0684,-0.45117,-0.66921,20
124,64,0.068359,2.0781,-0.57422,-0.66921,22
124,64,-0.070313,2.2305,-0.082031,-0.66921,23
124,64,0,2.2598,-0.21484,-0.66921,24
124,64,0,2.2871,-0.30273,-0.66921,16
124,64,0,2.0645,-0.26367,-0.33461,22
124,64,0,2.0977,-0.30273,-0.33461,58
124,64,0.13477,2.1172,-0.38867,-0.33461,66
124,64,-0.41211,2.041,0.69336,-0.33461,22
124,64,-0.070313,2.2305,0.058594,-0.33461,64
124,64,0,2.2676,-0.089844,-0.33461,68
124,64,0,2.3047,-0.12695,-0.33461,46
124,64,0,2.3398,-0.16406,-0.33461,24
124,64,-3.7461,0,-0.56055,-0.33461,17
124,64,-3.7832,0,-0.61523,-0.33461,31
124,64,-3.7012,0.49219,-0.81055,-0.33461,26
124,64,0.11914,3.7793,0.13281,0.33461,14
125,52,-0.33789,2.125,-0.13477,0,18
125,52,-0.34375,2.168,0.011719,0,29
125,52,-0.34961,2.1934,0.21875,0,15
125,52,0,2.2695,0.046875,0,17
125,52,-0.14453,2.2988,0.14258,0,16
125,52,0,2.0586,-0.30664,0.33461,16
125,52,0,2.0449,0.55273,0.33461,29
125,52,-0.068359,2.1348,0.30469,0.33461,81
125,52,-0.13672,2.1641,0.33398,0.33461,103
125,52,-0.13867,2.2051,0.32227,0.33461,52
125,52,-0.21289,2.2598,0.070313,0.33461,20
125,52,-1.2754,0.73633,-3.4023,0.33461,19
125,52,0.23438,3.7383,-0.066406,0.33461,21
125,52,-3.7832,0,-0.36523,0.33461,32
125,52,-3.8203,0,-0.41211,0.33461,25
125,52,-0.19922,2.0273,0.58398,0.66921,24
125,52,-0.20313,2.0859,0.50977,0.66921,57
125,52,-0.20508,2.1289,0.49414,0.66921,60
125,52,-0.13867,2.1816,0.44922,0.66921,25
125,52,3.3594,1.3301,0.83008,0.66921,20
125,52,-1.2871,0.20313,-3.5117,0.66921,18
125,52,-0.33789,2.0391,0.61719,1.0038,25
125,52,-0.27344,2.0781,0.64844,1.0038,28
125,52,-0.20898,2.125,0.64844,1.0038,25
125,52,-0.21289,2.1602,0.66602,1.0038,16
125,52,-0.27344,1.9922,0.87695,1.3384,21
125,52,-0.2793,2.0586,0.81641,1.3384,23
125,52,-0.21289,2.0918,0.85547,1.3384,14
125,52,0.13477,2.1387,-0.24805,-0.66921,24
125,52,0.13672,2.1797,-0.21289,-0.66921,27
125,52,0,2.2324,-0.056641,-0.66921,17
125,52,0,1.9941,-0.59375,-0.33461,20
125,52,0.066406,2.0918,0.32813,-0.33461,25
125,52,0.13477,2.1504,-0.089844,-0.33461,69
125,52,0.068359,2.1934,-0.058594,-0.33461,76
125,52,0,2.2305,0.072266,-0.33461,47
125,52,-0.070313,2.25,0.29102,-0.33461,20
125,52,-0.072266,2.2852,0.31055,-0.33461,18
125,52,0,2.3359,0.21094,-0.33461,20
125,52,0,2.3789,0.13867,-0.33461,17
125,52,-3.7461,0,-0.66016,-0.33461,25
125,52,-3.7832,0,-0.79688,-0.33461,38
125,52,-3.7012,0.30859,-0.89648,-0.33461,28
125,52,-0.36719,5.834,-0.46875,-0.33461,16
125,52,-1.1152,0,-2.0918,0,8
125,52,0.23242,3.6973,-0.14844,0.33461,16
125,52,-1.2871,0,3.5527,0.33461,21
125,52,0.11914,3.7813,-0.03125,0.33461,23
125,52,0.11914,3.8184,-0.027344,0.33461,13
125,52,-1.2754,1.7031,-3.0371,0.66921,19
125,52,0.11719,3.7402,-0.14063,0.66921,15
125,52,0.23438,3.7383,0.042969,-0.33461,15
126,37,0,2.1523,0.14453,0,18
126,37,-0.20508,2.1797,-0.13477,0,37
126,37,-0.13867,2.2168,0.22266,0,142
126,37,-0.21289,2.25,0.20898,0,157
126,37,-0.2168,2.293,0.15625,0,63
126,37,-3.7461,0,0.10742,0,8
126,37,-3.7832,0,-0.15039,0,11
126,37,0.066406,2.1094,0.17578,0.33461,21
126,37,0.13477,2.1426,-0.20313,0.33461,26
126,37,-0.20508,2.1523,0.375,0.33461,93
126,37,-0.20898,2.1895,0.38477,0.33461,294
126,37,-0.21289,2.2266,0.38672,0.33461,311
126,37,-0.2168,2.2695,0.35547,0.33461,128
126,37,-0.29297,2.3203,0.17969,0.33461,21
126,37,3.5469,1.3164,-0.027344,0.33461,19
126,37,-0.27344,2.1172,0.50977,0.66921,67
126,37,-0.20898,2.1543,0.54297,0.66921,208
126,37,-0.21289,2.1914,0.54883,0.66921,228
126,37,-0.28906,2.2246,0.54297,0.66921,109
126,37,-0.2207,2.2598,0.5918,0.66921,27
126,37,-0.2793,2.0996,0.70508,1.0038,36
126,37,-0.2832,2.123,0.75391,1.0038,44
126,37,-0.28906,2.1387,0.81836,1.0038,29
126,37,0.13477,2.1152,-0.39453,-0.66921,15
126,37,-0.064453,1.9629,-0.68945,-0.33461,16
126,37,0.13281,2.1094,-0.13867,-0.33461,28
126,37,0.13477,2.1367,-0.26367,-0.33461,49
126,37,0.13672,2.166,-0.32422,-0.33461,32
126,37,0.13867,2.1426,-0.60938,-0.33461,16
126,37,0.070313,2.2656,-0.125,-0.33461,39
126,37,0.14453,2.2949,-0.20508,-0.33461,27
126,37,-3.666,0.42773,-0.83594,-0.33461,20
126,37,-3.8203,0,-0.80859,-0.33461,14
126,37,-1.2871,1.7637,3.043,0,7
126,37,-1.3008,1.5566,3.1934,0,10
126,37,-1.3008,0,-3.752,0.33461,10
126,37,-0.11914,3.6055,-1.2617,-0.33461,8
127,32,-0.20508,2.1602,0.32031,0,18
127,32,-0.20898,2.2051,0.27539,0,38
127,32,-0.21289,2.2383,0.31641,0,48
127,32,-0.2168,2.2656,0.38281,0,34
127,32,-0.2207,2.2637,0.57813,0,14
127,32,0,2.0625,-0.28125,0.33461,20
127,32,0,2.1016,-0.26367,0.33461,31
127,32,0.068359,2.1289,-0.33984,0.33461,25
127,32,-0.20508,2.1719,0.24023,0.33461,27
127,32,-0.20898,2.1973,0.32813,0.33461,81
127,32,-0.14258,2.2422,0.32422,0.33461,111
127,32,-0.14453,2.2715,0.38086,0.33461,78
127,32,-0.2207,2.2715,0.54297,0.33461,30
127,32,3.6289,0.92773,0.027344,0.33461,19
127,32,-3.7832,0,0.21484,0.33461,40
127,32,3.7012,0.89258,0.32031,0.33461,44
127,32,3.7383,0.87109,0.39648,0.33461,24
127,32,-0.20898,2.166,0.5,0.66921,33
127,32,-0.21289,2.1953,0.5332,0.66921,46
127,32,-0.14453,2.2266,0.58984,0.66921,36
127,32,0,2.0273,-0.46484,-0.33461,23
127,32,0.066406,2.0586,-0.49414,-0.33461,36
127,32,0.068359,2.0742,-0.58398,-0.33461,30
127,32,0,2.1758,-0.49414,-0.33461,19
127,32,0.070313,2.2402,-0.35742,-0.33461,36
127,32,0.072266,2.25,-0.50781,-0.33461,26
127,32,-3.7461,0,-0.49609,-0.33461,15
127,32,-3.666,0.82422,-0.44727,-0.33461,26
127,32,-3.7012,0.85742,-0.4043,-0.33461,21
127,32,-1.418,0,-3.6465,0.33461,21
127,32,-1.3145,0.85742,-3.4844,0.33461,24
127,32,-1.3262,1.2676,-3.3945,0.33461,13
128,21,0,2.2285,0.14063,0,10
128,21,0,2.2637,0.16016,0,13
128,21,-0.28906,2.2441,0.45508,0,11
128,21,-0.29297,2.2031,0.75,0,9
128,21,0,2.0527,-0.33789,0.33461,18
128,21,0,2.1055,-0.23633,0.33461,17
128,21,-0.27344,2.1172,0.50781,0.33461,13
128,21,-0.20898,2.1914,0.375,0.33461,47
128,21,-0.21289,2.2207,0.42188,0.33461,60
128,21,-0.28906,2.2148,0.58398,0.33461,36
128,21,-0.29297,2.209,0.73438,0.33461,21
128,21,-0.20898,2.1777,0.44531,0.66921,16
128,21,-0.21289,2.2109,0.4707,0.66921,21
128,21,-0.2832,2.25,0.080078,-0.66921,14
128,21,0,2.0215,-0.49219,-0.33461,18
128,21,0.066406,2.0645,-0.47266,-0.33461,19
128,21,0,2.1152,-0.42188,-0.33461,10
128,21,-0.20898,2.2188,0.125,-0.33461,32
128,21,-0.21289,2.2539,0.16016,-0.33461,41
128,21,-0.36133,2.2617,0.2793,-0.33461,21
128,21,0.43359,1.8789,-1.2676,-0.33461,15
129,4,0.21289,2.248,-0.23242,0.33461,15
129,4,0.14453,2.2871,-0.27148,0.33461,14
129,4,0.21289,2.1836,-0.58398,-0.33461,17
129,4,0.2168,2.2207,-0.58594,-0.33461,15
130,3,0,2.1563,0.060547,0.33461,13
130,3,0,2.1719,0.31445,0.33461,11
130,3,0,2.1563,-0.033203,-0.33461,12
155,5,0,2.082,-0.39258,0.33461,14
155,5,0,2.0605,-0.63672,0.33461,10
155,5,0,1.9688,-0.67383,-0.33461,12
155,5,0,1.9863,-0.73633,-0.33461,15
155,5,0,1.916,-0.99219,-0.33461,11
156,5,-0.20898,2.2188,-0.13086,0.33461,15
156,5,-0.14258,2.2617,-0.11914,0.33461,14
156,5,0,2.043,-0.55859,-0.33461,8
156,5,-0.20898,2.1719,-0.47266,-0.33461,17
156,5,-0.14258,2.2246,-0.42969,-0.33461,15
157,6,0,2.1816,-0.23633,0.33461,10
157,6,-0.070313,2.2207,-0.20703,0.33461,19
157,6,0,2.2578,-0.23242,0.33461,16
157,6,-0.13672,2.1523,-0.4043,-0.33461,11
157,6,0,2.1836,-0.46484,-0.33461,19
157,6,0,2.207,-0.5293,-0.33461,17
158,23,-0.26953,2.1016,-0.4043,0,7
158,23,-0.20508,2.1465,-0.4043,0,19
158,23,-0.2793,2.1777,-0.40625,0,21
158,23,-0.21289,2.2051,-0.49805,0,11
158,23,0,2.1152,-0.13086,0.33461,19
158,23,-0.13477,2.1504,-0.068359,0.33461,22
158,23,-0.27344,2.1738,-0.10742,0.33461,33
158,23,-0.34961,2.1934,-0.22461,0.33461,35
158,23,-0.42578,2.2129,-0.26563,0.33461,19
158,23,-0.34375,2.166,-0.066406,0.66921,10
158,23,0,2.1113,-0.44141,-0.66921,10
158,23,-0.13672,2.1094,-0.58594,-0.66921,23
158,23,-0.20898,2.1152,-0.67969,-0.66921,26
158,23,0,2.0977,-0.30273,-0.33461,17
158,23,-0.13477,2.1172,-0.38477,-0.33461,32
158,23,-0.20508,2.1328,-0.4707,-0.33461,64
158,23,-0.20898,2.1582,-0.5332,-0.33461,71
158,23,-0.2832,2.1719,-0.59766,-0.33461,36
158,23,3.5117,0.50391,-1.2031,-0.33461,14
158,23,3.666,0,-1.0957,-0.33461,14
158,23,0.35547,2.2324,-0.21289,0.33461,17
158,23,-2.459,0,2.9492,-0.33461,8
158,23,-2.4824,0,2.9805,-0.33461,8
159,52,-0.20313,2.1289,-0.2793,0,41
159,52,-0.20508,2.1719,-0.23047,0,120
159,52,-0.20898,2.207,-0.25391,0,139
159,52,-0.14258,2.2441,-0.30469,0,76
159,52,-0.14453,2.2813,-0.31641,0,23
159,52,3.5918,0.55859,-0.73047,0,14
159,52,3.5117,0.94531,-0.89648,0,24
159,52,3.4277,1.3047,-0.92578,0,17
159,52,0,2.0742,-0.16211,0.33461,14
159,52,-0.13281,2.1152,0.0039063,0.33461,31
159,52,-0.13477,2.1523,0.039063,0.33461,64
159,52,-0.20508,2.1855,-0.017578,0.33461,94
159,52,-0.20898,2.2207,-0.080078,0.33461,78
159,52,-0.35547,2.2324,-0.20117,0.33461,32
159,52,-3.666,0.86523,-0.36523,0.33461,19
159,52,-3.7012,0.86523,-0.38672,0.33461,17
159,52,-0.13477,2.1348,0.26953,0.66921,19
159,52,-0.20508,2.1797,0.1582,0.66921,28
159,52,-0.20898,2.2207,0.09375,0.66921,25
159,52,-0.13477,2.0273,-0.72266,-1.0038,25
159,52,-0.20508,2.0391,-0.7832,-1.0038,37
159,52,-0.20898,2.0723,-0.80469,-1.0038,23
159,52,-0.13477,2.041,-0.68359,-0.66921,68
159,52,-0.20508,2.0996,-0.60352,-0.66921,147
159,52,-0.13867,2.1543,-0.56445,-0.66921,146
159,52,-0.14258,2.1816,-0.60938,-0.66921,74
159,52,-0.2168,2.2031,-0.65039,-0.66921,22
159,52,3.5918,0,-1.3262,-0.66921,18
159,52,3.6289,0,-1.3398,-0.66921,35
159,52,3.666,0,-1.3574,-0.66921,29
159,52,0,2.0371,-0.42578,-0.33461,15
159,52,0,2.1152,-0.12305,-0.33461,17
159,52,-0.13477,2.127,-0.32617,-0.33461,84
159,52,-0.20508,2.1563,-0.34766,-0.33461,259
159,52,-0.13867,2.1973,-0.37305,-0.33461,301
159,52,-0.21289,2.2129,-0.45898,-0.33461,157
159,52,-0.2168,2.2344,-0.53711,-0.33461,43
159,52,3.4766,0.67773,-1.0977,-0.33461,28
159,52,3.6289,0,-1.082,-0.33461,55
159,52,3.666,0,-1.0801,-0.33461,50
159,52,-2.5488,0,2.9941,0,9
159,52,-2.5742,0,2.9453,0,15
159,52,-2.7188,0,2.6855,0,10
159,52,0.42578,2.0938,-0.76758,0.33461,17
159,52,0.11914,3.7813,-0.083984,0.33461,12
159,52,-0.97656,1.4688,1.3672,-1.0038,12
159,52,-2.4336,1.2695,2.4922,-0.66921,11
159,52,-2.459,1.252,2.5332,-0.66921,20
159,52,-2.4824,1.1445,2.6152,-0.66921,16
159,52,-2.4336,0.99609,2.6133,-0.33461,18
159,52,-2.459,0.66211,2.748,-0.33461,32
159,52,-2.4824,0,2.8945,-0.33461,26
160,57,0,2.1152,-0.13281,0,9
160,57,-0.26953,2.127,-0.23047,0,21
160,57,-0.20508,2.1797,-0.14258,0,51
160,57,-0.13867,2.2168,-0.21289,0,43
160,57,-0.21289,2.1895,-0.55859,0,26
160,57,0,2.2305,-0.59375,0,12
160,57,-0.064453,2.0664,-0.22852,0.33461,32
160,57,0,2.1172,-0.048828,0.33461,55
160,57,0,2.1367,0.28516,0.33461,82
160,57,0,2.1738,0.29883,0.33461,91
160,57,-0.13867,2.0059,0.9707,0.33461,37
160,57,0,2.2227,-0.46094,0.33461,27
160,57,0,2.2793,-0.36133,0.33461,29
160,57,-3.7832,0,-0.35547,0.33461,24
160,57,-3.8203,0,-0.36328,0.33461,20
160,57,0,2.1172,0.087891,0.66921,19
160,57,0,2.1113,0.44141,0.66921,29
160,57,0,2.127,0.53906,0.66921,30
160,57,-0.2793,1.5059,-1.623,0.66921,15
160,57,0,2.2148,-0.49414,0.66921,33
160,57,-0.072266,2.2559,-0.48438,0.66921,31
160,57,0,2.2617,-0.62109,0.66921,17
160,57,-0.13867,2.1934,-0.38867,1.0038,18
160,57,-0.070313,2.1777,-0.63281,1.0038,24
160,57,-0.2168,2.1973,-0.67188,1.0038,19
160,57,-0.19531,1.877,-0.87891,-2.0076,20
160,57,-0.26563,1.9063,-0.88672,-2.0076,21
160,57,-0.26953,1.9609,-0.85742,-2.0076,13
160,57,-0.19141,1.8926,-0.74414,-1.673,58
160,57,-0.19531,1.9316,-0.75,-1.673,113
160,57,-0.19922,1.9648,-0.76953,-1.673,102
160,57,-0.20313,1.9863,-0.8125,-1.673,45
160,57,-0.25,1.8984,-0.5918,-1.3384,14
160,57,-0.19141,1.9355,-0.62695,-1.3384,81
160,57,-0.19531,1.9688,-0.64258,-1.3384,173
160,57,-0.19922,2,-0.66992,-1.3384,169
160,57,-0.20313,2.0254,-0.71094,-1.3384,78
160,57,-0.20508,2.0527,-0.74609,-1.3384,18
160,57,-0.19141,1.9473,-0.58984,-1.0038,38
160,57,-0.19531,1.9941,-0.55859,-1.0038,97
160,57,-0.19922,2.0293,-0.57227,-1.0038,110
160,57,-0.26953,2.0527,-0.60547,-1.0038,55
160,57,-0.32422,2.0176,-0.38867,-0.66921,21
160,57,-0.39648,2.0117,-0.5332,-0.66921,27
160,57,0,2.1563,-0.037109,-0.66921,23
160,57,-0.13672,2.1699,-0.30273,-0.66921,60
160,57,-0.13867,2.1719,-0.49219,-0.66921,49
160,57,3.4414,1.082,-0.67773,-0.66921,28
160,57,3.4766,1.0391,-0.76563,-0.66921,27
160,57,0,2.0059,-0.55273,-0.33461,19
160,57,0,2.0801,-0.40625,-0.33461,36
160,57,0,2.1543,-0.082031,-0.33461,87
160,57,-0.068359,2.1895,-0.14063,-0.33461,138
160,57,-0.20898,2.2031,-0.29492,-0.33461,106
160,57,-0.2832,2.1797,-0.56836,-0.33461,33
160,57,-2.5234,0,2.9414,-0.66921,17
160,57,-2.4336,0,3.1055,-0.66921,18
161,64,0,2.0742,-0.16211,0,12
161,64,0,2.1094,-0.20313,0,21
161,64,0.20313,2.0781,-0.54297,0,14
161,64,-0.27344,2.1738,-0.10352,0,37
161,64,-0.20898,2.2109,-0.22656,0,52
161,64,-0.21289,2.2441,-0.26758,0,43
161,64,-0.14453,2.2832,-0.29883,0,23
161,64,-4.0215,0,5.5391,0,17
161,64,-4.043,1.1074,5.3672,0,16
161,64,6.9785,4.8672,-1.1738,0,9
161,64,7.0078,4.8828,-1.2051,0,11
161,64,0,2.0781,-0.087891,0.33461,46
161,64,0,2.1172,-0.097656,0.33461,123
161,64,0,2.1543,-0.10938,0.33461,136
161,64,0.068359,2.1875,-0.16797,0.33461,41
161,64,0,2.2266,-0.14844,0.33461,54
161,64,0.14258,2.2617,-0.13672,0.33461,71
161,64,0.072266,2.291,-0.26953,0.33461,45
161,64,0,2.3105,-0.41016,0.33461,21
161,64,0,2.0801,0.044922,0.66921,15
161,64,0,2.1191,0.041016,0.66921,41
161,64,0,2.1563,0.015625,0.66921,46
161,64,0,2.1934,0.074219,0.66921,11
161,64,0,2.2324,-0.023438,0.66921,23
161,64,0,2.2695,-0.070313,0.66921,32
161,64,0,2.2969,-0.22656,0.66921,28
161,64,0,2.3262,-0.30273,0.66921,16
161,64,-0.23633,1.7422,-0.69922,-2.6769,20
161,64,-0.30078,1.7578,-0.73633,-2.6769,16
161,64,-0.23242,1.752,-0.56055,-2.3422,27
161,64,-0.23633,1.7793,-0.5957,-2.3422,46
161,64,-0.24023,1.8125,-0.61523,-2.3422,36
161,64,-0.24609,1.832,-0.67188,-2.3422,13
161,64,-0.28906,1.7813,-0.42383,-2.0076,24
161,64,-0.29492,1.8027,-0.49219,-2.0076,47
161,64,-0.30078,1.834,-0.51758,-2.0076,43
161,64,-0.24609,1.8672,-0.56641,-2.0076,19
161,64,-0.29492,1.8242,-0.40039,-1.673,23
161,64,-0.30078,1.8496,-0.45898,-1.673,30
161,64,-0.24609,1.8906,-0.48828,-1.673,25
161,64,-0.25,1.9023,-0.58008,-1.673,14
161,64,-0.30078,1.873,-0.35547,-1.3384,16
161,64,-0.24609,1.916,-0.36914,-1.3384,31
161,64,-0.3125,1.9375,-0.4082,-1.3384,27
161,64,-0.18164,2.8848,0.36328,-1.3384,15
161,64,-0.30664,1.9316,-0.21484,-1.0038,23
161,64,-0.3125,1.9629,-0.26172,-1.0038,23
161,64,0.066406,2.0313,-0.5957,-0.66921,23
161,64,0,2.0996,-0.49414,-0.66921,41
161,64,-0.13672,2.1504,-0.41211,-0.66921,40
161,64,-0.2793,2.1875,-0.34961,-0.66921,34
161,64,-0.2832,2.2383,-0.25586,-0.66921,29
161,64,-0.28906,2.2832,-0.16016,-0.66921,16
161,64,7.5469,3.3672,-2.4707,-0.66921,16
161,64,0.13086,2.0215,-0.47852,-0.33461,25
161,64,0.066406,2.0801,-0.39844,-0.33461,84
161,64,0,2.1289,-0.3457,-0.33461,124
161,64,-0.13672,2.1738,-0.26758,-0.33461,91
161,64,-0.2793,2.2129,-0.080078,-0.33461,58
161,64,-0.42578,2.2227,0.18359,-0.33461,49
161,64,-0.43359,2.2559,0.23242,-0.33461,29
161,64,-3.8086,2.6484,4.9336,-0.33461,38
161,64,-4.043,2.4258,4.9141,-0.33461,37
161,64,7.5156,3.8574,-1.5488,-0.33461,18
162,51,-0.34766,1.8086,0.20313,0,15
162,51,-0.35547,1.8555,0.10547,0,31
162,51,-0.36133,1.8926,0.083984,0,28
162,51,-0.30664,1.9414,0.095703,0,12
162,51,0,2.252,0.50391,0,10
162,51,-1.0254,0.97656,-1.8691,0,10
162,51,-0.13281,2.1133,0.095703,0.33461,21
162,51,-0.13477,2.1426,0.21094,0.33461,50
162,51,0.068359,2.1758,0.26953,0.33461,65
162,51,0.20898,2.2227,-0.0078125,0.33461,48
162,51,0.35547,2.2207,-0.3125,0.33461,43
162,51,0.28906,2.2695,-0.30664,0.33461,28
162,51,-0.13477,2.127,0.32617,0.66921,19
162,51,0,2.168,0.3457,0.66921,22
162,51,0.20898,2.2227,0.0019531,0.66921,14
162,51,-0.27734,1.7461,-0.18359,-1.0038,19
162,51,-0.2832,1.7832,-0.18945,-1.0038,17
162,51,-0.33398,1.7461,-0.021484,-0.66921,17
162,51,-0.33984,1.7832,-0.064453,-0.66921,16
162,51,-0.28906,1.8301,-0.064453,-0.66921,18
162,51,-0.29492,1.8652,-0.10938,-0.66921,46
162,51,-0.30078,1.8945,-0.19922,-0.66921,43
162,51,-0.9375,0,2.2422,-0.66921,17
162,51,-0.95313,0,-2.2637,-0.66921,17
162,51,-0.22266,2.3652,-0.19922,-0.66921,14
162,51,-0.22656,2.3926,-0.29492,-0.66921,17
162,51,-0.34766,1.8203,0.044922,-0.33461,26
162,51,-0.29492,1.8691,-0.0039063,-0.33461,60
162,51,-0.30078,1.9043,-0.072266,-0.33461,55
162,51,-0.30664,1.9375,-0.14844,-0.33461,25
162,51,-0.25586,2.0273,-0.048828,-0.33461,25
162,51,-0.25977,2.0625,-0.068359,-0.33461,36
162,51,0,2.1953,-0.0039063,-0.33461,62
162,51,0.20898,2.2168,-0.15234,-0.33461,45
162,51,0,2.1016,-0.85742,-0.33461,33
162,51,0,2.1992,-0.69922,-0.33461,35
162,51,-0.87891,0.44922,-2.127,-0.33461,28
162,51,-0.074219,2.377,0.16016,-0.33461,20
162,51,-0.22656,2.4102,-0.037109,-0.33461,21
162,51,-1.082,0.4707,-1.9844,0,9
162,51,-0.074219,2.2383,0.69531,0,9
162,51,-0.49609,1.3105,-1.7852,0.33461,28
162,51,-0.50391,1.7637,-1.4004,0.33461,17
162,51,-0.48828,0,2.1973,0.66921,9
162,51,-0.072266,2.2676,-0.42578,-0.66921,16
162,51,-0.074219,2.3359,0.19922,-0.66921,12
162,51,-0.96875,0,-2.3301,-0.66921,11
162,51,0.14258,2.1777,-0.62109,-0.33461,33
162,51,-0.9375,0,-2.3066,-0.33461,29
162,51,0,2.3125,0.39648,-0.33461,25
162,51,-0.89453,0.77344,-2.0703,-0.33461,17
163,44,-0.31836,1.6719,-0.0019531,0,10
163,44,-0.32617,1.709,-0.060547,0,17
163,44,-0.33398,1.7441,-0.10742,0,16
163,44,-0.29492,1.8691,0.023438,0,16
163,44,-0.13672,2.1895,-0.0019531,0,34
163,44,-0.13867,2.2285,-0.035156,0,47
163,44,-0.21289,2.2598,-0.037109,0,35
163,44,-0.2168,2.2969,0.025391,0,17
163,44,-0.29297,2.3262,0.09375,0,12
163,44,-0.36328,1.623,0.035156,0.33461,18
163,44,-0.31836,1.6719,0.058594,0.33461,25
163,44,-0.27148,1.7168,0.076172,0.33461,34
163,44,-0.33398,1.7461,-0.0078125,0.33461,29
163,44,-0.34766,1.8145,0.16016,0.33461,18
163,44,-0.29492,1.8633,0.13086,0.33461,34
163,44,-0.20313,2.1445,0.10352,0.33461,54
163,44,-0.13672,2.1875,0.095703,0.33461,112
163,44,-0.13867,2.2266,0.070313,0.33461,123
163,44,-0.14258,2.2656,-0.0039063,0.33461,71
163,44,0,2.2891,-0.29492,0.33461,27
163,44,-0.72852,5.7422,0.66602,0.33461,28
163,44,-0.36328,1.6211,0.09375,0.66921,24
163,44,-0.37305,1.6563,0.13086,0.66921,25
163,44,-0.38086,1.6953,0.10742,0.66921,23
163,44,-0.33398,1.7422,0.11133,0.66921,20
163,44,-0.20313,2.1328,0.24219,0.66921,29
163,44,-0.20508,2.1719,0.24414,0.66921,68
163,44,-0.13867,2.2168,0.21875,0.66921,78
163,44,-0.14258,2.2598,0.1582,0.66921,44
163,44,-0.20313,2.0879,-0.49805,-0.66921,17
163,44,-0.13672,2.1738,-0.26758,-0.66921,25
163,44,0,2.2031,-0.35742,-0.66921,24
163,44,-0.29297,2.3262,-0.074219,-0.66921,15
163,44,0,2.084,-0.38672,-0.33461,26
163,44,-0.13477,2.123,-0.35352,-0.33461,41
163,44,-0.13672,2.1836,-0.16016,-0.33461,60
163,44,-0.070313,2.2227,-0.19141,-0.33461,62
163,44,0,2.2383,-0.38281,-0.33461,38
163,44,-0.43359,2.2656,-0.095703,-0.33461,22
163,44,-0.2207,2.3145,0.30469,-0.33461,26
163,44,-0.14844,2.3691,0.21094,-0.33461,23
163,44,-0.22656,2.4063,0.15039,-0.33461,16
163,44,-0.78125,0,-2.2578,-0.33461,21
163,44,0.36133,1.6738,-1.5469,-0.33461,17
164,64,0,2.0938,-0.32227,0,14
164,64,0,2.1348,-0.30664,0,16
164,64,0,2.1875,-0.18164,0,16
164,64,-0.070313,2.2305,0.078125,0,36
164,64,-0.070313,2.2676,0.0625,0,42
164,64,0,2.3066,0.091797,0,22
164,64,-0.91016,5.7539,0.125,0,16
164,64,-0.73242,5.8145,0.20508,0,19
164,64,-1.1074,5.7969,0.023438,0,12
164,64,-0.30664,1.9414,-0.074219,0.33461,13
164,64,-0.3125,1.9805,-0.052734,0.33461,12
164,64,0,2.0273,-0.24805,0.33461,13
164,64,0,2.0703,-0.20117,0.33461,42
164,64,0,2.1035,-0.24609,0.33461,62
164,64,0.068359,2.1387,-0.26367,0.33461,51
164,64,0,2.1934,0.013672,0.33461,48
164,64,-0.070313,2.2246,0.17383,0.33461,91
164,64,-0.070313,2.2637,0.15039,0.33461,102
164,64,0,2.3047,0.13086,0.33461,56
164,64,0.074219,2.3359,0.21094,0.33461,18
164,64,-0.91016,5.7344,0.48633,0.33461,41
164,64,-0.91602,5.7559,0.65625,0.33461,47
164,64,-0.92188,5.7969,0.61719,0.33461,27
164,64,-0.34766,1.8164,0.13477,0.66921,13
164,64,-0.30078,1.9004,0.13672,0.66921,14
164,64,-0.30664,1.9395,0.11523,0.66921,33
164,64,-0.3125,1.9766,0.11523,0.66921,33
164,64,-0.13867,2.2051,0.32422,0.66921,38
164,64,-0.14258,2.252,0.25391,0.66921,45
164,64,-0.072266,2.2949,0.23633,0.66921,25
164,64,-0.33398,1.7246,0.27344,1.0038,20
164,64,-0.33984,1.7715,0.20898,1.0038,44
164,64,-0.28906,1.8164,0.23047,1.0038,46
164,64,-0.29492,1.8574,0.20703,1.0038,20
164,64,-0.36914,1.918,0.23242,1.0038,22
164,64,-0.375,1.957,0.2207,1.0038,23
164,64,-0.32617,1.6406,0.48242,1.3384,17
164,64,-0.38867,1.6914,0.39063,1.3384,41
164,64,-0.33984,1.748,0.35742,1.3384,60
164,64,-0.34766,1.791,0.32617,1.3384,49
164,64,-0.35547,1.834,0.29883,1.3384,20
164,64,-0.38086,1.5977,0.57422,1.673,17
164,64,-0.38867,1.6543,0.52344,1.673,33
164,64,-0.39648,1.709,0.4668,1.673,33
164,64,-0.34766,1.7793,0.39258,1.673,19
164,64,-0.49609,1.5449,2.0938,1.673,16
164,64,-0.41992,2.0996,1.6211,1.673,17
164,64,0.064453,1.9531,-0.71484,-0.66921,17
164,64,0.066406,2.0273,-0.61133,-0.66921,26
164,64,0,2.0449,-0.6875,-0.66921,22
164,64,0,2.0957,-0.65039,-0.66921,14
164,64,0,1.9473,-0.61719,-0.33461,14
164,64,0,2.0156,-0.51953,-0.33461,49
164,64,0,2.0586,-0.50195,-0.33461,77
164,64,0.068359,2.0957,-0.5,-0.33461,66
164,64,0,2.1484,-0.44336,-0.33461,43
164,64,0,2.2148,-0.2832,-0.33461,32
164,64,0,2.25,-0.30078,-0.33461,27
164,64,0,2.2617,-0.46289,-0.33461,18
164,64,-0.90625,0,-2.1699,0,19
164,64,-0.92188,0,-2.1602,0,26
164,64,-0.9375,0,-2.2871,0,17
164,64,-0.92188,0.41602,-2.0313,0.33461,53
164,64,-0.86523,0.46875,-2.0879,0.33461,37
165,41,-0.33789,2.1133,0.26953,0,13
165,41,-0.13672,2.1855,0.12695,0,21
165,41,-0.13867,2.2285,0.033203,0,18
165,41,0,2.2539,0.27539,0,9
165,41,0,2.0586,0.30664,0.33461,14
165,41,-0.13281,2.1113,0.10547,0.33461,46
165,41,-0.13477,2.1504,0.074219,0.33461,63
165,41,-0.13672,2.1875,0.10547,0.33461,58
165,41,-0.13867,2.2168,0.21484,0.33461,35
165,41,-0.79297,0.92578,-1.959,0.33461,17
165,41,-0.2207,2.3262,0.20117,0.33461,17
165,41,-0.375,1.9629,0.17383,0.66921,13
165,41,-0.31836,2.0156,0.09375,0.66921,16
165,41,-0.19922,2.0977,0.22461,0.66921,30
165,41,-0.20313,2.1348,0.2207,0.66921,39
165,41,-0.13672,2.1719,0.28711,0.66921,25
165,41,-0.20898,2.1816,0.42773,0.66921,15
165,41,-0.29492,1.8164,0.43945,1.0038,22
165,41,-0.36133,1.8613,0.35547,1.0038,42
165,41,-0.36914,1.8848,0.42188,1.0038,51
165,41,-0.3125,1.9375,0.40625,1.0038,34
165,41,-0.31836,2.0059,0.21875,1.0038,20
165,41,-0.26953,2.1211,0.28516,1.0038,14
165,41,-0.35547,1.791,0.49414,1.3384,34
165,41,-0.30078,1.8281,0.54102,1.3384,77
165,41,-0.36914,1.8535,0.54492,1.3384,96
165,41,-0.3125,1.9023,0.55078,1.3384,58
165,41,-0.31836,1.9609,0.47461,1.3384,15
165,41,-0.35547,1.7422,0.64648,1.673,19
165,41,-0.36133,1.7832,0.64258,1.673,45
165,41,-0.36914,1.8164,0.6582,1.673,54
165,41,-0.3125,1.8477,0.71289,1.673,32
165,41,0.066406,2.0547,-0.51367,-0.66921,16
165,41,0.068359,2.0723,-0.5957,-0.66921,16
165,41,0.064453,2.0293,-0.45508,-0.33461,22
165,41,0.066406,2.0684,-0.45313,-0.33461,45
165,41,0.068359,2.1094,-0.44336,-0.33461,46
165,41,0,2.1602,-0.38672,-0.33461,25
165,41,0.13867,2.1699,-0.50781,-0.33461,13
165,41,-0.92188,0.5957,-1.9863,0,9
165,41,0.57617,1.041,-1.9766,0.33461,9
166,48,-0.26563,2.1016,-0.052734,0,9
166,48,-0.26953,2.1367,0.11328,0,17
166,48,-0.20508,2.1816,0.13086,0,24
166,48,-0.20898,2.2207,0.085938,0,19
166,48,-0.21289,2.2559,0.14258,0,10
166,48,-0.19531,2.0703,-0.074219,0.33461,22
166,48,-0.13281,2.0586,-0.48242,0.33461,14
166,48,-0.068359,2.1484,0.16211,0.33461,46
166,48,-0.13672,2.1836,0.16992,0.33461,68
166,48,-0.13867,2.2168,0.22266,0.33461,49
166,48,0,2.2305,0.41992,0.33461,22
166,48,7.5801,3.8457,1.6758,0.33461,18
166,48,-0.3125,1.9414,0.39648,0.66921,13
166,48,-0.25586,1.9961,0.34766,0.66921,38
166,48,-0.25977,2.0449,0.2832,0.66921,60
166,48,-0.26563,2.0977,0.15039,0.66921,43
166,48,0,2.1465,0.21484,0.66921,14
166,48,-0.13672,2.1699,0.29688,0.66921,32
166,48,-0.20898,2.2051,0.27344,0.66921,22
166,48,-0.25,1.916,0.53711,1.0038,34
166,48,-0.25586,1.9648,0.49805,1.0038,78
166,48,-0.25977,2.0078,0.47852,1.0038,93
166,48,-0.26563,2.0527,0.45508,1.0038,60
166,48,-0.26953,2.1016,0.39844,1.0038,19
166,48,0,3.5938,-0.025391,1.0038,12
166,48,-1.3613,0,3.4512,1.0038,13
166,48,-0.25,1.873,0.67188,1.3384,30
166,48,-0.25586,1.918,0.6582,1.3384,68
166,48,-0.25977,1.9648,0.63281,1.3384,82
166,48,-0.26563,2.0059,0.62891,1.3384,52
166,48,-0.26953,2.0586,0.58203,1.3384,16
166,48,-0.25586,1.8418,0.8457,1.673,26
166,48,-0.25977,1.9023,0.80273,1.673,35
166,48,-0.33008,1.9473,0.76758,1.673,23
166,48,0.13477,2.1152,-0.39258,-0.66921,9
166,48,0.068359,2.1621,-0.36328,-0.66921,10
166,48,0,1.9531,-0.71875,-0.33461,13
166,48,0,2.0195,-0.64258,-0.33461,15
166,48,0.068359,2.1406,-0.25781,-0.33461,24
166,48,0.068359,2.1895,-0.11719,-0.33461,30
166,48,0,2.2324,0.041016,-0.33461,23
166,48,0,2.2676,0.11719,-0.33461,16
166,48,-3.7832,0,-0.63672,-0.33461,14
166,48,-1.8945,8.4512,-0.18359,0.33461,12
166,48,-1.4609,0,3.3027,1.0038,12
166,48,-0.11328,3.6309,0.013672,1.0038,12
166,48,-0.79492,1.1094,1.6211,-0.33461,8
166,48,-1.3008,1.918,2.9902,-0.33461,8
167,32,0,2.1563,0.068359,0,10
167,32,-0.13672,2.1895,0.072266,0,32
167,32,-0.13867,2.2266,0.039063,0,36
167,32,-0.21289,2.2598,0.0019531,0,17
167,32,0,2.0703,-0.21289,0.33461,13
167,32,-0.13281,2.1133,0.060547,0.33461,64
167,32,-0.13477,2.1387,0.24805,0.33461,147
167,32,-0.20508,2.168,0.26953,0.33461,172
167,32,-0.13867,2.2148,0.24414,0.33461,106
167,32,-0.14258,2.2637,0.070313,0.33461,37
167,32,-0.34375,3.6484,0.21289,0.33461,14
167,32,3.5117,1.2363,0.41211,0.33461,14
167,32,3.666,0.91992,0.18359,0.33461,22
167,32,-0.26563,2.0664,0.38086,0.66921,109
167,32,-0.26953,2.1016,0.40234,0.66921,260
167,32,-0.20508,2.1445,0.41797,0.66921,273
167,32,-0.20898,2.1875,0.39453,0.66921,125
167,32,-0.21289,2.2402,0.29297,0.66921,24
167,32,-0.33008,2.0078,0.5918,1.0038,69
167,32,-0.26953,2.0645,0.56055,1.0038,154
167,32,-0.27344,2.1074,0.54883,1.0038,143
167,32,-0.2793,2.1563,0.50781,1.0038,55
167,32,-0.33789,2.0195,0.67773,1.3384,14
167,32,0.068359,2.0723,-0.59375,-0.66921,13
167,32,0.066406,2.082,-0.39063,-0.33461,31
167,32,0.13477,2.1094,-0.42578,-0.33461,40
167,32,0.13672,2.1113,-0.58008,-0.33461,24
167,32,-3.7832,0,-0.50586,-0.33461,23
167,32,-3.8203,0,-0.74414,-0.33461,19
167,32,-1.6055,0,-3.3672,0.33461,9
167,32,-2.6914,0,-2.9688,0.33461,9
167,32,0.23633,3.7598,-0.35938,-0.33461,13
168,50,-0.20508,2.168,0.26758,0,71
168,50,-0.20898,2.209,0.25,0,126
168,50,-0.21289,2.2461,0.25,0,87
168,50,-0.2168,2.2813,0.26953,0,21
168,50,3.5117,1.2988,0.11328,0,15
168,50,3.5469,1.3086,0.14063,0,23
168,50,3.582,1.3184,0.16602,0,17
168,50,0,2.0762,-0.14648,0.33461,22
168,50,0,2.0996,-0.2832,0.33461,27
168,50,-0.13477,2.1523,0.025391,0.33461,40
168,50,-0.20508,2.1602,0.32422,0.33461,154
168,50,-0.20898,2.1875,0.39648,0.33461,272
168,50,-0.21289,2.2246,0.39453,0.33461,202
168,50,-0.14453,2.2734,0.36719,0.33461,65
168,50,3.5117,1.2305,0.42773,0.33461,24
168,50,3.5469,1.2012,0.53711,0.33461,34
168,50,3.582,1.1582,0.6543,0.33461,25
168,50,-0.72852,5.7773,0.20313,0.33461,25
168,50,-0.20313,2.1426,0.14453,0.66921,22
168,50,-0.20508,2.1309,0.47852,0.66921,106
168,50,-0.20898,2.1621,0.51563,0.66921,190
168,50,-0.21289,2.1953,0.53516,0.66921,145
168,50,-0.2168,2.2305,0.55273,0.66921,50
168,50,3.5469,1.0176,0.83398,0.66921,25
168,50,3.582,1.1113,0.73047,0.66921,21
168,50,-0.27344,2.1035,0.5625,1.0038,21
168,50,-0.2793,2.1348,0.58984,1.0038,43
168,50,-0.21289,2.1699,0.62891,1.0038,40
168,50,-0.28906,2.1797,0.70508,1.0038,20
168,50,0,2.2578,-0.23242,-0.66921,12
168,50,0,2.0195,-0.49805,-0.33461,25
168,50,0,2.0449,-0.55078,-0.33461,31
168,50,0,2.127,-0.35938,-0.33461,24
168,50,0.13672,2.1895,-0.076172,-0.33461,13
168,50,-0.13867,2.2227,-0.14453,-0.33461,30
168,50,-0.070313,2.2656,-0.11328,-0.33461,38
168,50,0,2.3047,-0.12305,-0.33461,22
168,50,3.666,0.85547,-0.38867,-0.33461,14
168,50,-0.54297,5.75,-0.39063,-0.33461,23
168,50,-0.54688,5.7852,-0.42383,-0.33461,31
168,50,-0.36719,5.7578,-1.0488,-0.33461,17
168,50,-1.2871,0,3.6387,0,13
168,50,-1.1816,0,-3.7695,0,16
168,50,-1.4336,0.63477,3.4844,0,10
168,50,-1.2871,1.1602,-3.3203,0.33461,22
168,50,-1.3008,0.70898,-3.4805,0.33461,29
168,50,-1.1934,0,-3.6445,0.33461,21
168,50,-1.3008,1.6953,-3.1211,0.66921,18
168,50,-1.3145,1.3066,-3.3418,0.66921,15
168,50,-0.41211,1.8828,-1.0469,-0.33461,9
169,20,-0.20508,2.166,0.28516,0,19
169,20,-0.20898,2.209,0.24219,0,49
169,20,-0.21289,2.2461,0.25391,0,55
169,20,-0.2168,2.2832,0.25391,0,25
169,20,3.666,0.92188,0.17969,0,12
169,20,3.7012,0.92383,0.21094,0,16
169,20,-0.13672,2.1406,0.4668,0.33461,40
169,20,-0.20898,2.1836,0.41211,0.33461,94
169,20,-0.21289,2.2168,0.44141,0.33461,101
169,20,-0.28906,2.2461,0.44531,0.33461,43
169,20,3.666,0.78906,0.50977,0.33461,21
169,20,-3.8203,0,0.5625,0.33461,30
169,20,-0.20898,2.1426,0.58594,0.66921,40
169,20,-0.2832,2.1719,0.5957,0.66921,45
169,20,-0.28906,2.207,0.60938,0.66921,20
169,20,-0.54688,5.7891,-0.35938,-0.33461,13
169,20,-1.418,0,-3.5449,0,8
169,20,-1.4336,0,-3.6152,0,10
169,20,-1.3008,1.7461,-3.0938,0.33461,16
169,20,-1.4336,1.2285,-3.3223,0.33461,19
170,17,-0.13867,2.2109,0.27344,0,19
170,17,-0.14258,2.2559,0.20898,0,25
170,17,-0.14453,2.2949,0.20508,0,12
170,17,-0.13672,2.1465,0.43359,0.33461,29
170,17,-0.13867,2.1973,0.37109,0.33461,83
170,17,-0.14258,2.2402,0.33203,0.33461,107
170,17,-0.14453,2.2871,0.26563,0.33461,55
170,17,-0.20898,2.1719,0.47461,0.66921,29
170,17,-0.21289,2.2129,0.45898,0.66921,36
170,17,-0.2168,2.2598,0.41016,0.66921,18
170,17,-0.13867,2.2246,-0.12305,-0.66921,15
170,17,-0.14258,2.2578,-0.1875,-0.66921,21
170,17,-0.2168,2.2813,-0.27148,-0.66921,12
170,17,0,2.1875,0.17773,-0.33461,17
170,17,-0.13867,2.2266,0.087891,-0.33461,50
170,17,-0.14258,2.2656,0.042969,-0.33461,67
170,17,-0.14453,2.3027,-0.042969,-0.33461,38
171,11,0.068359,2.1328,0.3125,0.33461,16
171,11,0,2.1582,0.39648,0.33461,25
171,11,0,2.1992,0.38477,0.33461,17
171,11,-0.070313,2.25,0.29688,0.33461,33
171,11,-0.072266,2.2988,0.19727,0.33461,34
171,11,0,2.3262,0.30664,0.33461,19
171,11,0,2.1523,0.125,-0.33461,12
171,11,0.068359,2.1895,0.13086,-0.33461,20
171,11,0,2.2227,0.21289,-0.33461,14
171,11,0,2.2695,0,-0.33461,25
171,11,0,2.3066,-0.037109,-0.33461,25
198,4,0,2.1094,-0.19531,0.33461,15
198,4,0,2.1523,-0.14453,0.33461,14
198,4,0,2.0684,-0.45508,-0.33461,12
198,4,0,2.1211,-0.39063,-0.33461,12
199,2,0,2.1055,-0.23828,0.33461,10
199,2,0,2.082,-0.38672,-0.33461,9
200,2,0,2.1035,-0.25391,0.33461,14
200,2,0,2.0527,-0.52344,-0.33461,12
201,21,-0.34375,2.1621,0.14063,0,10
201,21,-0.2793,2.2109,-0.12695,0,18
201,21,-0.21289,2.2461,-0.25781,0,18
201,21,-0.28906,2.2559,-0.39648,0,8
201,21,0,2.1094,-0.20703,0.33461,12
201,21,0,2.1563,-0.035156,0.33461,19
201,21,-0.20508,2.1836,-0.083984,0.33461,27
201,21,-0.20898,2.2227,-0.023438,0.33461,32
201,21,-0.14258,2.2617,-0.125,0.33461,25
201,21,0,2.3008,-0.18164,0.33461,12
201,21,3.666,0.93359,-0.085938,0.33461,7
201,21,-0.27344,2.1211,-0.49023,-0.66921,14
201,21,-0.20898,2.1797,-0.43164,-0.66921,21
201,21,-0.21289,2.1836,-0.58008,-0.66921,18
201,21,0,2.0957,-0.3125,-0.33461,11
201,21,0,2.1406,-0.25391,-0.33461,20
201,21,-0.20508,2.1738,-0.22266,-0.33461,41
201,21,-0.20898,2.2051,-0.27734,-0.33461,61
201,21,-0.14258,2.2305,-0.40039,-0.33461,53
201,21,-0.14453,2.2324,-0.56445,-0.33461,25
201,21,-1.418,0.75977,3.4238,0.33461,7
202,43,-0.26563,2.084,-0.28125,0,39
202,43,-0.20313,2.1309,-0.25977,0,148
202,43,-0.20508,2.168,-0.27148,0,227
202,43,-0.20898,2.1992,-0.32422,0,153
202,43,-0.14258,2.2168,-0.4707,0,56
202,43,-0.2168,2.2734,-0.33789,0,28
202,43,3.6289,0.30273,-0.87891,0,19
202,43,3.5469,1.0449,-0.80078,0,15
202,43,-1.0547,8.3457,-0.6582,0,13
202,43,-0.33789,2.0938,-0.39453,0.33461,18
202,43,-0.20508,2.1836,-0.070313,0.33461,44
202,43,-0.13867,2.2285,-0.03125,0.33461,51
202,43,0,2.2695,-0.056641,0.33461,37
202,43,0,2.3047,-0.10156,0.33461,17
202,43,3.7012,0.89844,-0.30078,0.33461,12
202,43,-0.20508,2.168,0.26758,0.66921,11
202,43,-0.20898,2.207,0.26367,0.66921,13
202,43,0,2.2617,0.18359,0.66921,11
202,43,-0.20313,2.0371,-0.67773,-1.0038,20
202,43,-0.20508,2.0879,-0.64453,-1.0038,26
202,43,-0.20898,2.1055,-0.71289,-1.0038,17
202,43,-0.19922,2.0469,-0.50977,-0.66921,51
202,43,-0.20313,2.0781,-0.53711,-0.66921,173
202,43,-0.20508,2.1152,-0.54883,-0.66921,248
202,43,-0.13867,2.1504,-0.58008,-0.66921,157
202,43,-0.070313,2.1816,-0.62305,-0.66921,57
202,43,-0.14453,2.2402,-0.5332,-0.66921,28
202,43,3.6289,0,-1.3379,-0.66921,20
202,43,-0.26563,2.0723,-0.35156,-0.33461,75
202,43,-0.20313,2.1172,-0.35742,-0.33461,281
202,43,-0.20508,2.1543,-0.36719,-0.33461,421
202,43,-0.20898,2.1875,-0.38672,-0.33461,275
202,43,-0.070313,2.2422,-0.34375,-0.33461,113
202,43,-0.14453,2.2773,-0.34766,-0.33461,62
202,43,-3.7461,0,-0.97461,-0.33461,37
202,43,3.666,0,-1.0117,-0.33461,31
202,43,-1.0547,8.3008,-1.082,-0.33461,25
202,43,-2.459,0,3.0293,0,11
202,43,-2.6016,0,3.1113,0,9
202,43,0,3.8203,-0.072266,0.33461,8
202,43,-1.2871,2.0488,2.8594,-0.66921,11
202,43,-1.1699,1.627,3.1641,-0.33461,22
202,43,-1.3008,1.2109,3.3398,-0.33461,19
203,64,-0.13086,2.0547,-0.30469,0,16
203,64,-0.19922,2.1035,-0.16797,0,40
203,64,-0.20313,2.1426,-0.12695,0,85
203,64,-0.20508,2.1777,-0.17578,0,117
203,64,-0.20898,2.207,-0.26172,0,96
203,64,-0.14258,2.2441,-0.31445,0,47
203,64,-0.2168,2.2617,-0.41016,0,10
203,64,-0.72852,5.6699,-1.125,0,11
203,64,-0.73242,5.7305,-1.0078,0,12
203,64,-0.064453,2.0254,-0.25586,0.33461,14
203,64,0,2.0586,-0.30664,0.33461,49
203,64,-0.066406,2.0801,-0.40039,0.33461,72
203,64,0,2.0137,-0.77344,0.33461,41
203,64,0,1.9629,0.98242,0.33461,25
203,64,-0.20898,2.2227,-0.013672,0.33461,42
203,64,-0.21289,2.2559,-0.14453,0.33461,44
203,64,-0.14453,2.2793,-0.32617,0.33461,29
203,64,-3.666,0.93164,-0.11523,0.33461,33
203,64,-3.8203,0,-0.25781,0.33461,34
203,64,3.7383,0.8125,-0.50586,0.33461,15
203,64,-0.54688,5.75,-0.75977,0.33461,16
203,64,-0.73242,5.7617,-0.8125,0.33461,17
203,64,-4.043,0,5.998,0.33461,17
203,64,-3.8516,0,5.9648,0.33461,16
203,64,0,2.0703,-0.20117,0.66921,17
203,64,0,2.0996,-0.27734,0.66921,25
203,64,0,1.998,-0.81055,0.66921,13
203,64,-0.20898,2.2207,0.060547,0.66921,18
203,64,-0.14258,2.2598,-0.17188,0.66921,24
203,64,-0.14453,2.252,-0.48047,0.66921,21
203,64,3.666,0.93359,0.09375,0.66921,12
203,64,-3.8203,0,-0.09375,0.66921,12
203,64,-0.19531,1.9316,-0.75,-1.673,17
203,64,-0.19922,1.957,-0.78711,-1.673,20
203,64,-0.26953,2.0273,-0.68164,-1.673,11
203,64,-0.19141,1.9277,-0.64648,-1.3384,16
203,64,-0.13086,1.9355,-0.75,-1.3384,36
203,64,-0.13281,1.9805,-0.74414,-1.3384,33
203,64,-0.13477,1.9922,-0.81445,-1.3384,15
203,64,-0.19141,1.9297,-0.64453,-1.0038,16
203,64,-0.13086,1.9668,-0.66406,-1.0038,45
203,64,-0.19922,2.0098,-0.64258,-1.0038,65
203,64,-0.20313,2.0293,-0.69922,-1.0038,50
203,64,-0.20508,2.0508,-0.75195,-1.0038,22
203,64,-0.2793,2.0781,-0.76758,-1.0038,12
203,64,-3.6699,0,-1.0078,-1.0038,40
203,64,-3.707,0,-1.0664,-1.0038,52
203,64,3.6289,0,-1.1953,-1.0038,28
203,64,-0.13086,2.0137,-0.50391,-0.66921,39
203,64,-0.19922,2.0098,-0.64063,-0.66921,57
203,64,-0.13477,2.0879,-0.52344,-0.66921,37
203,64,-0.13672,2.1563,-0.38867,-0.66921,95
203,64,-0.13867,2.166,-0.52344,-0.66921,93
203,64,-0.14258,2.1816,-0.61133,-0.66921,43
203,64,3.5547,0.5332,-0.73828,-0.66921,72
203,64,3.5918,0.39844,-0.82813,-0.66921,98
203,64,3.6289,0.050781,-0.92773,-0.66921,60
203,64,0,1.9902,-0.60742,-0.33461,32
203,64,0,1.8301,-1.0664,-0.33461,37
203,64,-0.20313,2.1465,-0.035156,-0.33461,121
203,64,-0.13672,2.1758,-0.25195,-0.33461,225
203,64,-0.13867,2.1953,-0.37695,-0.33461,209
203,64,-0.14258,2.2148,-0.47852,-0.33461,105
203,64,-0.072266,2.2266,-0.60156,-0.33461,23
204,55,-0.13281,2.1133,-0.070313,0,13
204,55,0,2.1563,0.0039063,0,22
204,55,0,2.1934,-0.072266,0,34
204,55,-0.070313,2.2188,-0.23438,0,34
204,55,-0.21289,2.2207,-0.41992,0,14
204,55,0,2.3047,-0.43945,0,11
204,55,-0.19922,2,0.67188,0.33461,21
204,55,-0.068359,2.0703,0.59961,0.33461,57
204,55,-0.068359,2.1738,0.29102,0.33461,94
204,55,-0.13867,2.2266,-0.050781,0.33461,76
204,55,0.42578,2.1758,0.48438,0.33461,27
204,55,0.072266,2.2871,-0.30078,0.33461,45
204,55,0,2.3047,-0.43555,0.33461,40
204,55,-0.074219,2.3223,-0.53125,0.33461,23
204,55,-0.13477,2.0488,0.6582,0.66921,19
204,55,-0.13672,2.1543,0.39063,0.66921,33
204,55,-0.13867,2.2285,0.03125,0.66921,30
204,55,-0.14258,2.2402,-0.33984,0.66921,40
204,55,-0.072266,2.2813,-0.33984,0.66921,72
204,55,-0.074219,2.3086,-0.4043,0.66921,58
204,55,-0.14844,2.3242,-0.50977,0.66921,27
204,55,0,2.2676,-0.11133,1.0038,27
204,55,-0.14453,2.293,-0.21289,1.0038,40
204,55,-0.14648,2.3184,-0.32617,1.0038,30
204,55,0,2.332,-0.48828,1.0038,15
204,55,-0.23633,1.7188,-0.75195,-2.3422,13
204,55,-0.24023,1.7734,-0.72266,-2.3422,21
204,55,-0.30664,1.7988,-0.73438,-2.3422,14
204,55,-0.23633,1.7637,-0.64258,-2.0076,18
204,55,-0.24023,1.8105,-0.625,-2.0076,25
204,55,-0.24609,1.8281,-0.68555,-2.0076,13
204,55,-0.18359,2.9043,-0.48633,-2.0076,13
204,55,-0.29492,1.7988,-0.50586,-1.673,10
204,55,-0.24023,1.8262,-0.57617,-1.673,14
204,55,-0.18359,1.7949,-0.7832,-1.673,11
204,55,-0.27344,2.8867,-0.28711,-1.673,17
204,55,-0.18359,2.9277,-0.31641,-1.673,27
204,55,-0.1875,2.9629,-0.34375,-1.673,20
204,55,-0.24609,1.8672,-0.57031,-1.3384,11
204,55,-0.27344,2.8965,-0.16016,-1.3384,12
204,55,-0.18359,2.9414,-0.15039,-1.3384,23
204,55,-0.2793,2.9707,-0.16211,-1.3384,21
204,55,-0.25,1.9648,-0.31055,-1.0038,12
204,55,-0.25586,1.9961,-0.35156,-1.0038,13
204,55,0,1.9063,-0.92578,-0.33461,21
204,55,-0.068359,2.1289,-0.33203,-0.33461,44
204,55,0,2.1797,-0.24609,-0.33461,55
204,55,0,2.1191,-0.70313,-0.33461,39
204,55,0.14258,2.2363,-0.35742,-0.33461,30
204,55,0.36133,2.2539,-0.34375,-0.33461,22
204,55,7.5469,3.875,-1.5566,-0.33461,13
204,55,7.5801,3.791,-1.7949,-0.33461,12
204,55,-0.35547,2.1641,-0.58789,0.33461,24
204,55,-1.8867,8.3984,-0.57227,-0.33461,8
204,55,-1.625,8.4805,-0.70898,-0.33461,8
205,44,0,2.2129,-0.29883,0,33
205,44,0,2.1914,-0.58984,0,24
205,44,0,2.3281,0.2832,0,11
205,44,0,2.0703,-0.21289,0.33461,25
205,44,0,2.1113,-0.1875,0.33461,59
205,44,-0.13477,2.1504,-0.087891,0.33461,46
205,44,-0.13672,2.1875,0.10938,0.33461,62
205,44,-0.070313,2.2285,-0.091797,0.33461,107
205,44,-0.070313,2.2324,-0.40234,0.33461,72
205,44,-0.2168,1.9473,-1.2188,0.33461,22
205,44,-0.91016,5.7539,0.11328,0.33461,28
205,44,-0.73242,5.8145,0.23047,0.33461,24
205,44,-0.066406,2.1172,0.015625,0.66921,21
205,44,-0.13477,2.1504,0.10742,0.66921,16
205,44,-0.13672,2.1816,0.18555,0.66921,28
205,44,-0.13867,2.2266,-0.042969,0.66921,48
205,44,-0.14258,2.25,-0.26563,0.66921,35
205,44,-0.38086,1.6543,-0.38672,-1.673,13
205,44,-0.2832,1.7422,-0.42969,-1.3384,16
205,44,-0.34766,1.7715,-0.42188,-1.3384,13
205,44,-0.33398,1.7148,-0.33398,-1.0038,18
205,44,-0.2832,1.7676,-0.29883,-1.0038,25
205,44,-0.28906,1.8008,-0.32813,-1.0038,20
205,44,-0.29492,1.8359,-0.34766,-1.0038,15
205,44,-0.28906,1.8125,-0.25977,-0.66921,12
205,44,-0.35547,1.8477,-0.20313,-0.66921,22
205,44,-0.30078,1.8926,-0.22461,-0.66921,31
205,44,-0.36914,1.9082,-0.30664,-0.66921,22
205,44,-0.29492,1.8691,-0.033203,-0.33461,14
205,44,-0.36133,1.8906,-0.14063,-0.33461,22
205,44,-0.36914,1.9297,-0.11914,-0.33461,18
205,44,-0.066406,2.0898,-0.3457,-0.33461,38
205,44,-0.13477,2.1289,-0.31055,-0.33461,37
205,44,0,2.2188,-0.25195,-0.33461,49
205,44,0.21289,2.2188,-0.43359,-0.33461,40
205,44,0.36133,2.1934,-0.61719,-0.33461,26
205,44,6.709,5.2168,-1.2383,-0.33461,15
205,44,-0.90625,0.99023,1.7832,0,19
205,44,-0.87891,0.76563,-2.0352,0,9
205,44,-0.96094,0,2.1445,0.33461,34
205,44,0.43359,2.2617,-0.16406,0.33461,19
205,44,-0.83789,0,2.1797,-0.33461,25
205,44,-0.79297,0,-2.1953,-0.33461,14
205,44,-1.6094,8.3379,-1.2832,-0.33461,9
206,25,-0.20508,2.1797,-0.15234,0,20
206,25,-0.20898,2.2109,-0.22266,0,36
206,25,-0.14258,2.248,-0.27539,0,31
206,25,-0.28906,2.2813,-0.19727,0,9
206,25,-0.2207,2.334,-0.058594,0,8
206,25,-0.27344,2.1758,-0.082031,0.33461,54
206,25,-0.20898,2.2207,-0.10156,0.33461,84
206,25,-0.14258,2.2598,-0.1543,0.33461,66
206,25,-0.14453,2.2891,-0.25195,0.33461,31
206,25,3.6289,0.89844,-0.23438,0.33461,17
206,25,-3.7832,0,-0.16992,0.33461,22
206,25,-0.34375,2.1641,0.11328,0.66921,27
206,25,-0.20898,2.2207,0.0625,0.66921,41
206,25,-0.21289,2.2598,0.0097656,0.66921,32
206,25,-0.2168,2.2969,0.064453,0.66921,15
206,25,-0.13672,2.1738,-0.26367,-0.33461,38
206,25,-0.070313,2.2109,-0.29883,-0.33461,31
206,25,-0.28906,2.1797,-0.70313,-0.33461,18
206,25,-0.2207,2.2852,-0.47852,-0.33461,20
206,25,-1.0645,0.59766,1.9141,0,19
206,25,-1.082,1.2129,1.6387,0,8
206,25,-0.99219,0,2.2109,0.33461,37
206,25,-1.0098,0,2.1797,0.33461,18
206,25,0.11719,3.7422,-0.078125,0.33461,11
206,25,0.11914,3.7793,-0.10156,0.33461,12
207,50,0,2.0762,-0.13867,0,31
207,50,-0.066406,2.1035,-0.24219,0,41
207,50,0,2.1406,-0.26758,0,35
207,50,0,2.1719,-0.31641,0,20
207,50,-0.35547,2.2422,0.041016,0,14
207,50,-0.36133,2.2715,0.19727,0,13
207,50,4.8516,3.0859,0.0058594,0,15
207,50,4.8848,3.1074,0.0019531,0,15
207,50,-1.2754,5.6719,-0.38281,0,15
207,50,-0.29492,1.8652,0.097656,0.33461,17
207,50,-0.30078,1.9063,0.042969,0.33461,19
207,50,-0.36914,1.9316,-0.029297,0.33461,22
207,50,-0.3125,1.9805,-0.042969,0.33461,17
207,50,0,2.0176,-0.50781,0.33461,26
207,50,0,2.082,-0.39453,0.33461,52
207,50,-0.068359,2.0977,-0.5,0.33461,46
207,50,-0.21289,2.2461,0.24609,0.33461,40
207,50,4.8516,3.043,0.51172,0.33461,29
207,50,4.7031,3.3535,0.36914,0.33461,29
207,50,-0.91016,5.7324,0.51367,0.33461,39
207,50,-1.0996,5.7578,-0.13281,0.33461,38
207,50,-4.2324,0,-5.9746,0.33461,25
207,50,-0.38867,1.7324,0.10547,0.66921,21
207,50,-0.39648,1.7695,0.10156,0.66921,21
207,50,-0.35547,1.8477,0.20313,0.66921,16
207,50,-0.36133,1.8887,0.14844,0.66921,19
207,50,-0.36914,1.9297,0.11719,0.66921,25
207,50,-0.38086,1.6855,0.20898,1.0038,28
207,50,-0.38867,1.7227,0.20703,1.0038,40
207,50,-0.39648,1.7598,0.20898,1.0038,33
207,50,-0.42578,1.6152,0.32813,1.3384,13
207,50,-0.43555,1.6523,0.33398,1.3384,24
207,50,-0.38867,1.707,0.30859,1.3384,27
207,50,-0.39648,1.75,0.2832,1.3384,18
207,50,-0.4082,2.0234,1.5977,1.673,14
207,50,0,2,-0.57422,-0.66921,30
207,50,0,2.041,-0.57227,-0.66921,46
207,50,0,2.0547,-0.65234,-0.66921,37
207,50,0,2.0195,-0.85742,-0.66921,17
207,50,0,2.0117,-0.36133,-0.33461,22
207,50,0,2.0313,-0.44922,-0.33461,77
207,50,-0.066406,2.0566,-0.50195,-0.33461,119
207,50,0,2.0859,-0.54297,-0.33461,103
207,50,0,2.0645,-0.74219,-0.33461,48
207,50,-1.7969,5.4297,-0.59961,0,9
207,50,-1.8086,5.3945,-1.0645,0,11
207,50,5.0977,2.8203,-0.039063,0,8
207,50,-1.7969,5.3945,-0.85938,0.33461,17
207,50,-0.18164,5.2109,2.5137,0.33461,21
207,50,-1.4805,6.2598,2.1172,0.33461,13
208,38,0,2.0527,-0.3418,0,14
208,38,0,2.0996,-0.27734,0,22
208,38,-0.13477,2.1484,-0.14063,0,20
208,38,0,2.0254,-0.27148,0.33461,10
208,38,0,2.0703,-0.20117,0.33461,43
208,38,0,2.1133,-0.14648,0.33461,79
208,38,-0.068359,2.1543,-0.054688,0.33461,83
208,38,-0.068359,2.1914,0.082031,0.33461,48
208,38,-0.13867,2.2129,0.25391,0.33461,23
208,38,-0.2832,2.2246,0.35352,0.33461,23
208,38,-0.50391,1.9531,1.123,0.33461,23
208,38,-0.58594,1.9375,1.1855,0.33461,17
208,38,-0.72852,5.752,0.56836,0.33461,33
208,38,-0.91602,5.7852,0.30273,0.33461,31
208,38,-0.19531,2.0645,0.18359,0.66921,18
208,38,-0.19922,2.1016,0.18164,0.66921,45
208,38,-0.13477,2.1445,0.17188,0.66921,50
208,38,-0.20508,2.1758,0.19531,0.66921,27
208,38,-0.42188,1.8359,0.41602,1.0038,24
208,38,-0.42969,1.875,0.41406,1.0038,20
208,38,-0.28906,1.7539,0.52734,1.3384,34
208,38,-0.35547,1.7988,0.46484,1.3384,53
208,38,-0.36133,1.8438,0.43945,1.3384,41
208,38,-0.42969,1.875,0.41016,1.3384,19
208,38,-0.34766,1.7168,0.60938,1.673,30
208,38,-0.35547,1.7637,0.58594,1.673,50
208,38,-0.36133,1.8066,0.57617,1.673,38
208,38,0.066406,2.0469,-0.54492,-0.66921,13
208,38,0.068359,2.125,-0.36328,-0.66921,18
208,38,0.068359,2.166,-0.3418,-0.66921,18
208,38,0.064453,2.0352,-0.43164,-0.33461,21
208,38,0.066406,2.0742,-0.42969,-0.33461,39
208,38,0.068359,2.1348,-0.30078,-0.33461,50
208,38,0.068359,2.1836,-0.20117,-0.33461,43
208,38,0,2.2246,-0.18164,-0.33461,23
208,38,-0.72852,5.7793,-0.15234,-0.33461,17
208,38,0.43359,1.7441,-1.4492,0.33461,13
208,38,0.51367,1.3613,-1.8398,0.33461,9
209,43,-0.3125,1.9727,0.17969,0,7
209,43,-0.19922,2.1074,-0.078125,0,10
209,43,-0.26953,2.1387,-0.039063,0,16
209,43,-0.20508,2.1816,0.11133,0,14
209,43,0,2.2324,0.046875,0,14
209,43,0,2.2695,-0.072266,0,10
209,43,0,2.0801,-0.046875,0.33461,14
209,43,-0.066406,2.1172,-0.0058594,0.33461,33
209,43,-0.13477,2.1484,0.14063,0.33461,56
209,43,-0.068359,2.1836,0.20508,0.33461,60
209,43,-0.13867,2.2148,0.24805,0.33461,37
209,43,-0.2832,2.2441,0.18945,0.33461,17
209,43,-0.25586,2.0098,0.26172,0.66921,15
209,43,-0.13281,2.0977,0.26563,0.66921,15
209,43,-0.13477,2.125,0.33984,0.66921,32
209,43,-0.13672,2.168,0.3125,0.66921,32
209,43,-0.13867,2.2031,0.33398,0.66921,18
209,43,-0.24609,1.8867,0.50391,1.0038,24
209,43,-0.25,1.9492,0.39453,1.0038,36
209,43,-0.25586,1.9941,0.36523,1.0038,26
209,43,-0.24609,1.877,0.53711,1.3384,20
209,43,-0.1875,1.9219,0.53711,1.3384,30
209,43,-0.19141,1.9688,0.50977,1.3384,20
209,43,-0.3125,1.8223,0.77539,1.673,22
209,43,-0.31836,1.8613,0.77734,1.673,34
209,43,-0.39063,1.8906,0.77539,1.673,23
209,43,-0.38281,1.8066,0.875,2.0076,13
209,43,0,2.1016,-0.48633,-0.66921,12
209,43,0,2.1895,-0.14648,-0.66921,13
209,43,0.070313,2.2305,0.039063,-0.66921,14
209,43,0,2.0547,-0.33008,-0.33461,13
209,43,0.066406,2.084,-0.37695,-0.33461,30
209,43,0.068359,2.1387,-0.26367,-0.33461,38
209,43,0.068359,2.1934,-0.019531,-0.33461,37
209,43,0,2.2305,0.091797,-0.33461,37
209,43,0,2.2637,-0.17188,-0.33461,25
209,43,3.666,0.91211,-0.2207,-0.33461,12
209,43,-3.8203,0,-0.37695,-0.33461,14
209,43,-0.54688,5.7813,-0.46289,-0.33461,15
209,43,-0.93945,0.24805,-1.7539,0,4
209,43,0.42578,2.0605,0.85156,0.33461,12
209,43,-1.0859,1.4043,-1.0117,2.0076,7
209,43,-1.3008,1.3242,3.2969,-0.33461,7
210,34,-0.19922,2.0938,0.26367,0,14
210,34,-0.13477,2.1465,0.15039,0,19
210,34,-0.13672,2.1875,0.10352,0,24
210,34,-0.13867,2.2246,0.10156,0,17
210,34,-0.33008,2.0566,0.39063,0.33461,12
210,34,0,2.1367,0.28711,0.33461,30
210,34,-0.068359,2.1816,0.23438,0.33461,39
210,34,0.2793,2.2012,-0.25,0.33461,18
210,34,0.070313,2.2676,0.068359,0.33461,17
210,34,-0.25977,2.0039,0.49219,0.66921,45
210,34,-0.19922,2.0488,0.49805,0.66921,78
210,34,-0.20313,2.1055,0.42383,0.66921,55
210,34,0,2.1855,0.19922,0.66921,12
210,34,-0.34961,2.1719,0.37891,0.66921,17
210,34,3.4414,1.0684,0.70117,0.66921,25
210,34,-0.25586,1.8926,0.72656,1.0038,16
210,34,-0.25977,1.9688,0.62109,1.0038,56
210,34,-0.19922,2.0215,0.60156,1.0038,88
210,34,-0.26953,2.0527,0.59961,1.0038,72
210,34,-0.27344,2.0762,0.6543,1.0038,30
210,34,-0.32422,1.8867,0.81641,1.3384,19
210,34,-0.26563,1.9727,0.72656,1.3384,34
210,34,-0.26953,2.0234,0.69336,1.3384,41
210,34,-0.27344,2.0547,0.7168,1.3384,27
210,34,0.068359,2.1777,-0.26563,-0.66921,17
210,34,0.068359,2.1543,0.029297,-0.33461,38
210,34,0.068359,2.1934,-0.037109,-0.33461,52
210,34,0.13867,2.2285,-0.03125,-0.33461,36
210,34,0.14258,2.2402,-0.33789,-0.33461,21
210,34,-3.7832,0,-0.72656,-0.33461,17
210,34,-3.8203,0,-0.63477,-0.33461,17
210,34,-0.41797,2.1113,0.58789,0.33461,18
210,34,-0.21289,2.2441,-0.25977,0.33461,16
210,34,-1.377,0,3.6152,0.66921,21
211,33,-0.13281,2.1113,-0.12305,0,16
211,33,-0.20313,2.1445,0.10742,0,80
211,33,-0.20508,2.1797,0.14258,0,148
211,33,-0.20898,2.2168,0.1543,0,121
211,33,-0.21289,2.2559,0.13672,0,42
211,33,0,2.0781,-0.11914,0.33461,15
211,33,0.066406,2.1113,-0.16602,0.33461,26
211,33,-0.20313,2.1133,0.37695,0.33461,158
211,33,-0.20508,2.1582,0.33789,0.33461,325
211,33,-0.13867,2.207,0.30664,0.33461,281
211,33,-0.14258,2.252,0.24219,0.33461,113
211,33,0,2.3066,0.042969,0.33461,23
211,33,-0.33008,2.0039,0.59961,0.66921,17
211,33,-0.26953,2.0859,0.47266,0.66921,126
211,33,-0.20508,2.1348,0.46875,0.66921,263
211,33,-0.20898,2.1738,0.45898,0.66921,227
211,33,-0.21289,2.2207,0.41797,0.66921,83
211,33,-0.26953,2.084,0.48438,1.0038,26
211,33,-0.27344,2.0996,0.57617,1.0038,56
211,33,-0.2793,2.1367,0.58398,1.0038,51
211,33,-0.2832,2.1504,0.66992,1.0038,20
211,33,0.066406,2.0371,-0.57617,-0.66921,15
211,33,0.068359,2.0938,-0.50977,-0.66921,18
211,33,0,2.0234,-0.49023,-0.33461,18
211,33,0,2.0781,-0.41406,-0.33461,43
211,33,0.068359,2.1152,-0.41797,-0.33461,56
211,33,0.13672,2.1328,-0.49414,-0.33461,32
211,33,0.2793,2.1953,-0.28516,-0.33461,26
211,33,0.21289,2.2461,-0.25,-0.33461,32
211,33,0.2168,2.2656,-0.38281,-0.33461,19
211,33,-3.7832,0,-0.68359,-0.33461,20
211,33,-3.8203,0,-0.82617,-0.33461,17
211,33,-0.41797,1.4824,1.6152,-0.33461,19
212,28,-0.20508,2.168,0.27148,0,59
212,28,-0.20898,2.207,0.26367,0,148
212,28,-0.21289,2.2422,0.27734,0,149
212,28,-0.2168,2.2832,0.26563,0,64
212,28,-0.14648,2.334,0.1875,0,11
212,28,3.666,0.9375,0.041016,0,12
212,28,0,2.1152,0.12109,0.33461,15
212,28,0,2.1484,0.18164,0.33461,21
212,28,-0.20508,2.1387,0.44336,0.33461,121
212,28,-0.20898,2.1797,0.42969,0.33461,292
212,28,-0.21289,2.2188,0.43164,0.33461,297
212,28,-0.2168,2.2598,0.41602,0.33461,133
212,28,-0.27344,2.0996,0.57813,0.66921,74
212,28,-0.20898,2.1445,0.58203,0.66921,187
212,28,-0.21289,2.1816,0.5918,0.66921,196
212,28,-0.2168,2.2188,0.59766,0.66921,90
212,28,-0.20898,2.0684,0.81445,1.0038,25
212,28,-0.2832,2.127,0.73828,1.0038,28
212,28,-0.28906,2.1543,0.7793,1.0038,15
212,28,0,2.2246,-0.17578,-0.66921,12
212,28,0,2.2676,-0.11914,-0.66921,14
212,28,0,2.1055,-0.23438,-0.33461,18
212,28,0.068359,2.1406,-0.24414,-0.33461,25
212,28,0,2.1895,-0.15625,-0.33461,28
212,28,-0.070313,2.2285,-0.10156,-0.33461,37
212,28,-0.14258,2.2656,-0.058594,-0.33461,42
212,28,-0.14453,2.3008,-0.10352,-0.33461,25
212,28,-1.418,0,3.7578,0,9
213,19,-0.13672,2.1816,0.19922,0,23
213,19,-0.13867,2.2207,0.17773,0,61
213,19,-0.14258,2.2637,0.083984,0,62
213,19,-0.14453,2.3027,-0.066406,0,27
213,19,-0.13672,2.1348,0.48828,0.33461,46
213,19,-0.13867,2.2031,0.33594,0.33461,135
213,19,-0.14258,2.2539,0.23242,0.33461,151
213,19,-0.072266,2.3066,0.017578,0.33461,74
213,19,-0.14648,2.3398,0.060547,0.33461,26
213,19,-0.20508,2.1016,0.59961,0.66921,18
213,19,-0.13867,2.1816,0.45117,0.66921,53
213,19,-0.14258,2.2383,0.34766,0.66921,57
213,19,-0.14453,2.2969,0.17578,0.66921,29
213,19,0,2.2285,-0.12695,-0.66921,11
213,19,0,2.2578,-0.24219,-0.66921,16
213,19,0,2.0234,-0.48438,-0.33461,10
213,19,0,2.2324,-0.0058594,-0.33461,33
213,19,0,2.2656,-0.14063,-0.33461,49
213,19,0,2.291,-0.2832,-0.33461,29
214,26,-0.068359,2.1758,0.27344,0,12
214,26,-0.13867,2.2148,0.24609,0,48
214,26,-0.14258,2.2559,0.20313,0,71
214,26,-0.14453,2.2988,0.15625,0,41
214,26,0,2.1016,-0.26563,0.33461,19
214,26,0,2.1504,-0.16016,0.33461,22
214,26,-0.13672,2.0781,0.68945,0.33461,40
214,26,-0.13867,2.1875,0.42383,0.33461,161
214,26,-0.14258,2.2383,0.35352,0.33461,246
214,26,-0.14453,2.2852,0.28516,0.33461,150
214,26,-0.29297,2.3262,0.080078,0.33461,19
214,26,-0.20508,2.0215,0.82617,0.66921,14
214,26,-0.20898,2.1543,0.54883,0.66921,57
214,26,-0.21289,2.207,0.49023,0.66921,88
214,26,-0.2168,2.2617,0.40039,0.66921,53
214,26,-0.14258,2.1523,0.70898,1.0038,14
214,26,-0.070313,2.2285,0.10742,-0.66921,25
214,26,-0.070313,2.2676,-0.056641,-0.66921,40
214,26,-0.14453,2.2969,-0.16406,-0.66921,25
214,26,0,2.0566,-0.50977,-0.33461,19
214,26,0,2.0957,-0.50586,-0.33461,20
214,26,0,2.125,0.54492,-0.33461,22
214,26,-0.13867,2.2207,0.18164,-0.33461,79
214,26,-0.14258,2.2637,0.072266,-0.33461,126
214,26,-0.14453,2.3027,-0.015625,-0.33461,78
214,26,2.2715,0.55273,0.18164,0.33461,10
215,16,-0.14258,2.2363,0.36328,0,11
215,16,-0.14453,2.2832,0.30078,0,9
215,16,0,2.0332,0.82813,0.33461,21
215,16,-0.13867,2.166,0.51758,0.33461,43
215,16,-0.14258,2.2188,0.46094,0.33461,66
215,16,-0.14453,2.2637,0.42578,0.33461,53
215,16,-0.2207,2.3145,0.30469,0.33461,18
215,16,-0.20898,2.1328,0.62109,0.66921,15
215,16,-0.21289,2.1777,0.60352,0.66921,22
215,16,-0.2168,2.2285,0.56055,0.66921,17
215,16,-0.21289,2.2598,-0.033203,-0.66921,14
215,16,0.068359,2.0938,0.6543,-0.33461,16
215,16,-0.070313,2.2207,0.2168,-0.33461,30
215,16,-0.21289,2.2578,0.10547,-0.33461,46
215,16,-0.2168,2.2969,0.087891,-0.33461,37
215,16,0,2.3438,0.11133,-0.33461,12
216,10,0,2.1484,0.19727,0.33461,12
216,10,0,2.1387,0.48828,0.33461,25
216,10,0,2.1855,0.45117,0.33461,33
216,10,-0.070313,2.248,0.30859,0.33461,29
216,10,-0.14453,2.2813,0.31055,0.33461,20
216,10,0.068359,2.1563,0,-0.33461,11
216,10,0.068359,2.1738,0.29688,-0.33461,21
216,10,0,2.2246,0.18164,-0.33461,26
216,10,0,2.2676,0.09375,-0.33461,22
216,10,0,2.3086,-0.0097656,-0.33461,16
244,4,0.2793,2.1777,-0.40234,0.33461,10
244,4,0.21289,2.2344,-0.34375,0.33461,14
244,4,0.14453,2.2949,-0.20703,0.33461,11
244,4,-0.41797,2.0039,0.89258,0.33461,8
246,6,0,2.0723,-0.19336,0.33461,11
246,6,0,2.1016,-0.27344,0.33461,22
246,6,0,2.1289,-0.33984,0.33461,21
246,6,0,2.1777,-0.26758,0.33461,12
246,6,0,2.0313,-0.59961,-0.33461,20
246,6,0,2.0742,-0.5918,-0.33461,19
247,26,-0.20508,2.1211,-0.52539,0,28
247,26,-0.20898,2.1465,-0.57617,0,37
247,26,-0.21289,2.1875,-0.56836,0,26
247,26,-0.2168,2.2109,-0.625,0,10
247,26,0,2.0586,-0.30664,0.33461,13
247,26,0,2.082,-0.39453,0.33461,23
247,26,0,2.0977,-0.50391,0.33461,19
247,26,-0.20508,2.082,-0.66211,0.33461,17
247,26,-0.2793,2.1152,-0.6582,0.33461,21
247,26,-0.2832,2.2246,-0.3457,0.33461,14
247,26,0.14453,2.2793,-0.33008,0.33461,12
247,26,3.666,0.87109,-0.34961,0.33461,13
247,26,3.7012,0.8125,-0.48828,0.33461,12
247,26,-0.20508,1.9941,-0.89063,-0.66921,24
247,26,-0.13867,2.0488,-0.87695,-0.66921,32
247,26,-0.21289,2.0703,-0.90625,-0.66921,21
247,26,0,1.9961,-0.58789,-0.33461,13
247,26,0,2.0176,-0.64453,-0.33461,24
247,26,0,2.0527,-0.66016,-0.33461,33
247,26,-0.20508,2.0605,-0.72461,-0.33461,62
247,26,-0.20898,2.0898,-0.75586,-0.33461,82
247,26,-0.14258,2.127,-0.7832,-0.33461,55
247,26,-0.2168,2.2031,-0.65234,-0.33461,19
247,26,-3.7832,0,-1.082,-0.33461,15
247,26,-3.8203,0,-1.0254,-0.33461,15
247,26,-1.0645,1.416,1.4199,-0.66921,11
248,58,-0.26563,2.0898,-0.2207,0,38
248,58,-0.26953,2.1211,-0.28125,0,131
248,58,-0.20508,2.1602,-0.33008,0,162
248,58,-0.20898,2.166,-0.50195,0,77
248,58,-0.21289,2.2559,-0.13086,0,42
248,58,-0.2168,2.2949,-0.10156,0,27
248,58,3.5918,0.77148,-0.5,0,10
248,58,3.5117,1.1016,-0.69727,0,16
248,58,3.5469,1.0918,-0.73633,0,12
248,58,0,2.0742,-0.16016,0.33461,14
248,58,0.066406,2.1113,-0.16406,0.33461,32
248,58,0.20313,2.1289,-0.2832,0.33461,30
248,58,-0.34375,2.1543,-0.23828,0.33461,49
248,58,-0.20898,2.2148,-0.1875,0.33461,44
248,58,0,2.2695,-0.03125,0.33461,41
248,58,0.072266,2.3066,-0.0019531,0.33461,29
248,58,-3.7832,0,-0.15039,0.33461,17
248,58,-3.8203,0,-0.20703,0.33461,18
248,58,-0.73242,5.6895,-1.2148,0.33461,16
248,58,-0.20898,2.2207,-0.080078,0.66921,12
248,58,-0.20508,2.0547,-0.74219,-1.3384,15
248,58,-0.13867,2.1094,-0.71875,-1.3384,13
248,58,-0.19922,1.9844,-0.71484,-1.0038,38
248,58,-0.13477,2.0195,-0.74414,-1.0038,105
248,58,-0.20508,2.0508,-0.75195,-1.0038,130
248,58,-0.20898,2.0781,-0.78516,-1.0038,73
248,58,-0.21289,2.1172,-0.79102,-1.0038,17
248,58,-0.19531,1.9766,-0.62109,-0.66921,14
248,58,-0.19922,2.0293,-0.57617,-0.66921,114
248,58,-0.20313,2.0664,-0.58203,-0.66921,333
248,58,-0.20508,2.0996,-0.60547,-0.66921,421
248,58,-0.20898,2.123,-0.6543,-0.66921,235
248,58,-0.14258,2.1758,-0.63086,-0.66921,59
248,58,-0.14453,2.2852,-0.28516,-0.66921,24
248,58,3.5918,0,-1.0605,-0.66921,15
248,58,3.6289,0,-1.1367,-0.66921,27
248,58,-3.7832,0,-1.1504,-0.66921,24
248,58,0,2.0547,-0.33398,-0.33461,16
248,58,-0.19922,2.0664,-0.41992,-0.33461,121
248,58,-0.20313,2.1035,-0.43359,-0.33461,342
248,58,-0.20508,2.1348,-0.4668,-0.33461,400
248,58,-0.2793,2.1465,-0.54688,-0.33461,200
248,58,-0.14258,2.2637,-0.091797,-0.33461,103
248,58,-0.14453,2.2969,-0.16992,-0.33461,69
248,58,3.5918,0.46484,-0.79297,-0.33461,21
248,58,-3.7461,0,-0.79492,-0.33461,38
248,58,3.666,0.39063,-0.85352,-0.33461,37
248,58,-3.8203,0,-0.86523,-0.33461,24
248,58,-2.5488,0,3.084,0,8
248,58,-2.459,0,2.9629,0,12
248,58,-2.6016,0,3.0723,0,8
248,58,-0.53906,2.0352,0.46289,0.33461,27
248,58,-2.4336,0.29492,2.7813,-0.66921,10
248,58,-2.459,0.57617,2.7676,-0.66921,17
248,58,-2.4824,1.1973,2.5918,-0.66921,13
248,58,-2.4336,0,2.9766,-0.33461,15
248,58,-2.459,0,2.9277,-0.33461,23
248,58,-2.4824,0,2.9375,-0.33461,20
249,61,-0.46289,2.0664,0.0625,0,10
249,61,-0.26953,2.1367,-0.11523,0,28
249,61,-0.27344,2.1641,-0.24219,0,28
249,61,-0.14453,2.2422,-0.52539,0,16
249,61,0,2.2754,-0.57031,0,8
249,61,0,2.0781,-0.095703,0.33461,22
249,61,0.066406,2.1152,-0.099609,0.33461,70
249,61,0.068359,2.1543,-0.087891,0.33461,103
249,61,0.068359,2.1934,-0.0058594,0.33461,73
249,61,0.20898,2.1914,0.36719,0.33461,33
249,61,-0.2832,2.166,-0.61719,0.33461,38
249,61,-0.2168,2.2305,-0.54883,0.33461,39
249,61,-0.2207,2.2734,-0.5332,0.33461,20
249,61,-3.7832,0,-0.34766,0.33461,29
249,61,-3.8203,0,-0.37891,0.33461,30
249,61,-1.916,6.4902,-0.77148,0.33461,12
249,61,0,2.1191,0.041016,0.66921,23
249,61,0,2.1563,0.042969,0.66921,36
249,61,0,2.1914,0.11523,0.66921,22
249,61,-0.34961,2.1016,-0.66797,0.66921,14
249,61,-0.21289,2.2148,-0.45117,0.66921,36
249,61,-0.2168,2.2559,-0.43945,0.66921,34
249,61,-0.2207,2.293,-0.43945,0.66921,16
249,61,-0.14258,2.248,-0.2832,1.0038,14
249,61,-0.25977,1.8477,-0.92188,-2.0076,21
249,61,-0.26563,1.9023,-0.89648,-2.0076,18
249,61,-0.25,1.8809,-0.64648,-1.673,14
249,61,-0.19141,1.8926,-0.74805,-1.673,52
249,61,-0.19531,1.9199,-0.77539,-1.673,83
249,61,-0.19922,1.957,-0.78906,-1.673,63
249,61,-0.26953,1.9688,-0.83594,-1.673,23
249,61,-0.25,1.9063,-0.57031,-1.3384,20
249,61,-0.19141,1.9316,-0.63477,-1.3384,73
249,61,-0.19531,1.9668,-0.64844,-1.3384,117
249,61,-0.19922,1.9961,-0.68164,-1.3384,92
249,61,-0.20313,2.0215,-0.72266,-1.3384,36
249,61,-0.25586,1.9609,-0.51563,-1.0038,39
249,61,-0.19531,2.0059,-0.51758,-1.0038,78
249,61,-0.19922,2.043,-0.52148,-1.0038,82
249,61,-0.26953,2.0508,-0.61133,-1.0038,47
249,61,-0.27344,2.0078,-0.84375,-1.0038,14
249,61,-0.19531,2.041,-0.35742,-0.66921,38
249,61,-0.19922,2.084,-0.32813,-0.66921,82
249,61,-0.20313,2.1211,-0.33008,-0.66921,98
249,61,-0.20508,2.1641,-0.29492,-0.66921,57
249,61,0,2.0586,-0.30664,-0.33461,23
249,61,-0.066406,2.1016,-0.25977,-0.33461,82
249,61,-0.068359,2.1426,-0.24414,-0.33461,126
249,61,-0.068359,2.1875,-0.16797,-0.33461,81
249,61,0.2793,2.2129,-0.095703,-0.33461,27
249,61,0.35547,2.2305,0.2207,-0.33461,25
249,61,0.28906,2.2813,-0.19727,-0.33461,20
249,61,-1.7031,6.5117,-1.0332,-0.33461,14
249,61,0.33008,2.0918,-0.083984,0,7
249,61,-0.48828,1.7949,-1.2344,0.33461,18
249,61,0.42578,2.084,0.79102,0.33461,24
249,61,0.21289,2.334,6.3945,0.33461,11
249,61,0.34961,2.0391,0.83984,0.66921,8
249,61,-0.48828,0,2.1855,-0.33461,20
249,61,-0.42578,1.9277,-1.1211,-0.33461,16
249,61,-3.8301,2.5469,5.0215,-0.33461,12
250,61,0,2.1875,-0.17188,0,18
250,61,-0.13867,2.207,-0.30664,0,30
250,61,-0.21289,2.2402,-0.30078,0,25
250,61,-0.2168,2.291,-0.18164,0,11
250,61,-4.4434,0,5.8379,0,10
250,61,-0.19531,2.0566,-0.24609,0.33461,10
250,61,-0.13281,2.1152,0,0.33461,25
250,61,-0.068359,2.1465,0.20117,0.33461,58
250,61,0,2.1836,0.21289,0.33461,86
250,61,0,2.2266,0.16406,0.33461,58
250,61,0.2832,2.2422,0.21875,0.33461,29
250,61,0.2168,2.293,-0.14258,0.33461,26
250,61,0,2.2852,-0.52734,0.33461,21
250,61,0,2.3281,-0.51367,0.33461,17
250,61,-3.8203,0,-0.24023,0.33461,15
250,61,-2.1289,6.4688,0.0097656,0.33461,11
250,61,-0.13477,2.1172,0.38672,0.66921,20
250,61,-0.068359,2.1641,0.35938,0.66921,29
250,61,-0.070313,2.209,0.31836,0.66921,20
250,61,0,2.2695,0.046875,0.66921,14
250,61,0.072266,2.291,-0.26758,0.66921,27
250,61,-0.074219,2.3145,-0.37891,0.66921,34
250,61,0,2.3438,-0.43359,0.66921,23
250,61,-0.14453,2.2871,-0.27539,1.0038,16
250,61,0,2.3242,-0.32227,1.0038,20
250,61,0,2.3516,-0.39063,1.0038,12
250,61,-0.29492,1.793,-0.52734,-2.0076,14
250,61,-0.30078,1.7949,-0.63867,-2.0076,16
250,61,-0.29492,1.793,-0.52539,-1.673,14
250,61,-0.30078,1.8242,-0.55273,-1.673,21
250,61,-0.30664,1.875,-0.51172,-1.673,13
250,61,-0.30078,1.8438,-0.48242,-1.3384,12
250,61,-0.30664,1.9043,-0.38281,-1.3384,19
250,61,-0.25,1.9395,-0.44141,-1.3384,25
250,61,-0.31836,1.9277,-0.59766,-1.3384,13
250,61,-0.30664,1.918,-0.3125,-1.0038,23
250,61,-0.3125,1.9473,-0.36328,-1.0038,29
250,61,-0.31836,1.9785,-0.39648,-1.0038,18
250,61,-0.18164,2.8477,0.58594,-1.0038,12
250,61,0,2.9355,0.30273,-1.0038,11
250,61,-0.3125,1.9668,-0.24023,-0.66921,11
250,61,0,2.1719,-0.30859,-0.66921,30
250,61,-0.070313,2.1758,-0.49219,-0.66921,31
250,61,0,2.2246,-0.45117,-0.66921,23
250,61,-0.068359,2.1543,-0.091797,-0.33461,47
250,61,-0.068359,2.1875,-0.14844,-0.33461,92
250,61,-0.070313,2.209,-0.31445,-0.33461,89
250,61,0,2.2422,-0.35742,-0.33461,55
250,61,0,2.2793,-0.36719,-0.33461,25
250,61,-0.14844,2.3691,-0.2168,-0.33461,20
250,61,-0.15039,2.4004,-0.2793,-0.33461,15
250,61,-4.0215,1.9688,5.082,-0.33461,27
250,61,-4.2559,0,5.4258,-0.33461,23
250,61,-0.89063,0,2.1641,0,10
250,61,-1.9043,6.457,-0.72852,0,10
250,61,0.21289,0.66406,-6.7734,0.33461,9
250,61,-0.072266,2.2871,-0.30273,0.66921,27
250,61,0.91016,1.334,2.4238,-1.0038,7
250,61,1.0137,1.2676,2.4648,-1.0038,7
250,61,-1.6934,6.4512,-1.1797,-0.33461,24
250,61,-1.916,6.4746,-0.88281,-0.33461,20
251,45,-0.13672,2.1895,0.078125,0,23
251,45,-0.13867,2.2227,-0.14258,0,28
251,45,-0.21289,2.2344,-0.33594,0,21
251,45,-0.28906,2.2773,-0.23438,0,13
251,45,0,2.0605,-0.28906,0.33461,17
251,45,0,2.1016,-0.27539,0.33461,32
251,45,0,1.9961,-0.81836,0.33461,23
251,45,0,1.875,1.1406,0.33461,33
251,45,0,2.1797,0.48438,0.33461,43
251,45,3.666,0.69727,-0.62891,0.33461,12
251,45,-3.8203,0,-0.70117,0.33461,16
251,45,0,2.1094,-0.19727,0.66921,10
251,45,0,1.6406,1.457,0.66921,13
251,45,0,2.1406,0.63477,0.66921,16
251,45,-0.32617,1.6582,-0.41406,-1.3384,13
251,45,-0.33398,1.7148,-0.32813,-1.3384,15
251,45,-0.33984,1.7402,-0.39453,-1.3384,11
251,45,-0.27148,1.707,-0.20117,-1.0038,14
251,45,-0.33398,1.7266,-0.25781,-1.0038,23
251,45,-0.2832,1.7715,-0.2832,-1.0038,21
251,45,-0.30078,1.877,-0.33203,-1.0038,19
251,45,-0.33398,1.7461,-0.068359,-0.66921,12
251,45,-0.33984,1.7715,-0.20898,-0.66921,11
251,45,-0.41406,1.8379,-0.18164,-0.66921,16
251,45,-0.36133,1.8848,-0.20117,-0.66921,27
251,45,-0.36914,1.9199,-0.21289,-0.66921,25
251,45,-0.35547,1.8574,-0.0019531,-0.33461,12
251,45,-0.36133,1.8945,-0.072266,-0.33461,17
251,45,-0.36914,1.9316,-0.033203,-0.33461,13
251,45,0,2.0332,-0.44531,-0.33461,23
251,45,0,2.0762,-0.42188,-0.33461,42
251,45,-0.13477,2.0977,-0.47852,-0.33461,39
251,45,-0.2793,2.1699,-0.44531,-0.33461,28
251,45,-0.21289,2.2324,-0.35352,-0.33461,37
251,45,-0.072266,2.2969,-0.2207,-0.33461,26
251,45,0,2.3281,-0.2832,-0.33461,12
251,45,-0.22656,2.4102,-0.054688,-0.33461,15
251,45,-0.96094,0,2.1055,0,13
251,45,-0.97656,0,2.0547,0,16
251,45,-1.0645,0.58008,1.9199,0,12
251,45,-0.82227,1.1953,-1.6465,0.33461,22
251,45,-0.90625,0,-2.1992,0.33461,24
251,45,-0.82227,1.2773,-1.582,0.66921,8
251,45,-1.0469,0,2.209,0.66921,9
251,45,1.1719,0,-2.2773,-0.33461,8
252,22,-0.13867,2.2227,-0.15234,0,21
252,22,-0.14258,2.2656,-0.056641,0,23
252,22,-0.2168,2.2969,-0.03125,0,23
252,22,-0.2207,2.334,-0.10156,0,19
252,22,0,2.1563,0.025391,0.33461,38
252,22,0,2.1855,0.19531,0.33461,35
252,22,-1.1855,0,2.0332,0.33461,16
252,22,-0.92188,0.94141,1.8477,0.33461,18
252,22,-0.14258,2.252,-0.25,-0.66921,12
252,22,-0.072266,2.2949,-0.23242,-0.66921,19
252,22,-0.2207,2.3008,-0.39844,-0.66921,16
252,22,0,2.0625,-0.48438,-0.33461,25
252,22,0,2.1328,-0.31836,-0.33461,40
252,22,-0.068359,2.1855,-0.17578,-0.33461,42
252,22,0,2.2324,-0.033203,-0.33461,36
252,22,-0.14258,2.2637,-0.10547,-0.33461,30
252,22,-0.14453,2.2988,-0.1582,-0.33461,44
252,22,-0.14648,2.3359,-0.1582,-0.33461,40
252,22,-0.97656,0.22266,1.9941,0,13
252,22,-0.99219,0,2.1484,0,14
252,22,-0.41797,1.4258,1.666,0.33461,16
252,22,0.49609,0,2.2305,0.33461,11
253,40,0,2.1328,-0.31836,0,24
253,40,-0.13672,2.1758,-0.24805,0,23
253,40,-0.13867,2.2285,-0.011719,0,43
253,40,-0.21289,2.2559,-0.13672,0,44
253,40,-0.14453,2.3008,-0.09375,0,22
253,40,-0.35547,1.8496,0.18359,0.33461,11
253,40,0,2.1074,-0.21484,0.33461,42
253,40,-0.068359,2.1387,-0.26953,0.33461,48
253,40,-0.20508,2.1855,0.013672,0.33461,46
253,40,-0.13867,2.2285,0.0039063,0.33461,93
253,40,-0.14258,2.2656,-0.011719,0.33461,98
253,40,-0.14453,2.3027,-0.03125,0.33461,55
253,40,0,2.3457,0.048828,0.33461,18
253,40,-0.32617,1.6992,0.19141,0.66921,18
253,40,-0.38867,1.7266,0.17578,0.66921,28
253,40,-0.39648,1.7637,0.16406,0.66921,24
253,40,0,2.1504,-0.1582,0.66921,16
253,40,-0.20508,2.1797,0.1543,0.66921,21
253,40,-0.20898,2.2207,0.10156,0.66921,43
253,40,-0.21289,2.2578,0.09375,0.66921,45
253,40,-0.072266,2.2988,0.19727,0.66921,25
253,40,-0.38086,1.668,0.31445,1.0038,19
253,40,-0.38867,1.7148,0.26953,1.0038,26
253,40,-0.39648,1.748,0.28516,1.0038,20
253,40,0,2.0508,-0.5293,-0.66921,20
253,40,0.068359,2.0742,-0.58594,-0.66921,30
253,40,0,2.0508,-0.78125,-0.66921,20
253,40,0,2.0098,-0.53516,-0.33461,14
253,40,0,2.0742,-0.43164,-0.33461,55
253,40,0,2.1016,-0.48633,-0.33461,81
253,40,0,2.0977,-0.64648,-0.33461,52
253,40,0,2.125,-0.68555,-0.33461,18
253,40,0.070313,2.2266,-0.44141,-0.33461,21
253,40,0.2168,2.2793,-0.28516,-0.33461,24
253,40,0.14648,2.3301,-0.22656,-0.33461,17
253,40,-0.96094,0,-2.1699,0,12
253,40,-0.90625,0,-2.1348,0,22
253,40,-0.85156,0,2.1934,-0.33461,12
253,40,-0.7207,0,2.3027,-0.33461,14
253,40,-0.66016,0.54883,2.1836,-0.33461,9
254,36,0,2.0371,-0.42578,0,15
254,36,0,2.0762,-0.42188,0,24
254,36,0,2.1289,-0.34375,0,23
254,36,0,2.1914,-0.11523,0,22
254,36,-0.13867,2.2266,-0.0625,0,29
254,36,-0.14258,2.2617,-0.11523,0,24
254,36,0.064453,2.0137,-0.51758,0.33461,21
254,36,0.066406,2.0547,-0.50977,0.33461,35
254,36,0,2.1309,-0.33789,0.33461,34
254,36,-0.068359,2.1934,0.0039063,0.33461,41
254,36,-0.13867,2.2285,0.019531,0.33461,57
254,36,-0.070313,2.2656,-0.12305,0.33461,57
254,36,0,2.2852,-0.32227,0.33461,30
254,36,-0.44922,1.5801,-2.3594,0.33461,17
254,36,-3.7832,0,-0.054688,0.33461,18
254,36,-3.8203,0,-0.17383,0.33461,17
254,36,-0.11523,1.8457,0.12305,0.66921,15
254,36,-0.48242,1.8379,0.33594,0.66921,15
254,36,-0.36914,1.9199,0.2168,0.66921,19
254,36,-0.3125,1.9707,0.19336,0.66921,18
254,36,-0.20898,2.2129,0.20898,0.66921,22
254,36,-0.14258,2.2656,0.044922,0.66921,21
254,36,-0.54297,1.8281,0.29688,1.0038,19
254,36,-0.36914,1.8887,0.4082,1.0038,16
254,36,-0.50391,1.0332,2.4277,1.3384,16
254,36,-0.51172,1.707,2.0605,1.3384,24
254,36,-0.43164,1.9395,1.9199,1.3384,17
254,36,0,1.9922,-0.59961,-0.33461,15
254,36,0.066406,2.0527,-0.52344,-0.33461,31
254,36,0.068359,2.0859,-0.54688,-0.33461,27
254,36,0.070313,2.1523,-0.7168,-0.33461,20
254,36,0.14453,2.1953,-0.69727,-0.33461,19
254,36,-3.666,0.80664,-0.47852,-0.33461,20
254,36,-3.7012,0.79297,-0.51953,-0.33461,19
254,36,0.23633,3.7754,0.0019531,0.33461,11
254,36,0,3.8203,-0.025391,0.33461,9
255,50,-0.30664,1.9395,0.11523,0,11
255,50,-0.3125,1.9766,0.12695,0,11
255,50,-0.13281,2.1133,-0.044922,0,15
255,50,-0.13477,2.1504,-0.099609,0,22
255,50,-0.068359,2.1934,-0.0625,0,17
255,50,-0.25,1.9844,0.13086,0.33461,12
255,50,-0.31836,2.0137,0.13477,0.33461,13
255,50,0,2.0801,0.035156,0.33461,19
255,50,0,2.1191,-0.027344,0.33461,27
255,50,-0.4043,2.0566,0.50586,0.33461,19
255,50,-0.20508,2.1758,0.19141,0.33461,24
255,50,0,2.2324,-0.0058594,0.33461,32
255,50,0,2.2695,0.064453,0.33461,34
255,50,0,2.291,0.27344,0.33461,22
255,50,-3.7832,0,-0.033203,0.33461,20
255,50,-0.72852,5.7539,0.55273,0.33461,17
255,50,-0.24023,1.8555,0.46875,0.66921,30
255,50,-0.24609,1.9063,0.41797,0.66921,67
255,50,-0.25,1.9551,0.37305,0.66921,79
255,50,-0.25586,1.998,0.33789,0.66921,54
255,50,-0.32422,2.0352,0.28906,0.66921,23
255,50,-0.35547,1.2598,2.5176,0.66921,31
255,50,-0.24023,1.8359,0.54102,1.0038,59
255,50,-0.24609,1.8789,0.5293,1.0038,150
255,50,-0.3125,1.9102,0.52344,1.0038,179
255,50,-0.31836,1.9512,0.51563,1.0038,101
255,50,-0.32422,1.9863,0.52539,1.0038,26
255,50,-0.35547,0.49805,-2.7715,1.0038,28
255,50,-0.30078,1.7793,0.68555,1.3384,39
255,50,-0.30664,1.8262,0.66602,1.3384,117
255,50,-0.3125,1.8711,0.64844,1.3384,146
255,50,-0.31836,1.916,0.63477,1.3384,77
255,50,-0.39063,1.8984,0.75977,1.3384,14
255,50,-0.30664,1.7793,0.7832,1.673,33
255,50,-0.3125,1.832,0.75391,1.673,38
255,50,-0.31836,1.877,0.74023,1.673,18
255,50,0.066406,2.0332,-0.59375,-0.66921,15
255,50,0.068359,2.1074,-0.45703,-0.66921,13
255,50,0.064453,2.0254,-0.47266,-0.33461,25
255,50,0.066406,2.0664,-0.4668,-0.33461,43
255,50,0.068359,2.1133,-0.42383,-0.33461,40
255,50,0.068359,2.1641,-0.36133,-0.33461,32
255,50,0,2.2109,-0.31055,-0.33461,28
255,50,0.070313,2.252,-0.2832,-0.33461,27
255,50,-3.7832,0,-0.63867,-0.33461,22
255,50,-3.7012,0.62109,-0.7168,-0.33461,20
255,50,-0.54688,5.7949,-0.27539,-0.33461,14
255,50,0.26953,1.9531,-0.875,0.33461,14
255,50,-0.79297,1.2734,-1.7539,0.33461,14
255,50,0.23633,3.7598,0.35547,0.33461,11
256,43,-0.13281,2.1094,0.16016,0,18
256,43,-0.13477,2.1484,0.12109,0,32
256,43,-0.13672,2.1895,0.060547,0,38
256,43,-0.20898,2.2227,0.015625,0,17
256,43,-0.26953,0,-2.8672,0,30
256,43,-0.18164,2.8848,-0.36328,0,34
256,43,-0.19922,2.1035,0.1582,0.33461,20
256,43,-0.20313,2.1445,0.11523,0.33461,47
256,43,-0.20508,2.1816,0.11719,0.33461,50
256,43,-0.20898,2.0898,0.75586,0.33461,25
256,43,0,2.2539,0.27539,0.33461,32
256,43,0.072266,2.3066,-0.048828,0.33461,18
256,43,-0.17969,1.6777,-2.3281,0.33461,44
256,43,-0.18164,0.9043,-2.7637,0.33461,50
256,43,3.666,0.9375,-0.056641,0.33461,20
256,43,3.7012,0.94531,-0.076172,0.33461,21
256,43,-0.25586,1.9805,0.43164,0.66921,33
256,43,-0.19531,2.0313,0.4043,0.66921,43
256,43,-0.26563,2.0703,0.36328,0.66921,31
256,43,-0.20313,2.125,0.30273,0.66921,28
256,43,-0.20508,2.168,0.26953,0.66921,29
256,43,-0.25,1.8828,0.64063,1.0038,17
256,43,-0.19141,1.957,0.55664,1.0038,55
256,43,-0.25977,1.9902,0.54688,1.0038,75
256,43,-0.26563,2.0234,0.56836,1.0038,55
256,43,-0.33789,2.0313,0.63867,1.0038,23
256,43,-0.25586,1.9102,0.67578,1.3384,29
256,43,-0.25977,1.9453,0.69336,1.3384,51
256,43,-0.26563,1.9727,0.72656,1.3384,51
256,43,-0.33789,1.998,0.73828,1.3384,25
256,43,-0.25977,1.8652,0.88672,1.673,15
256,43,-0.26563,1.9082,0.87891,1.673,17
256,43,0,2.2324,0.046875,-0.66921,13
256,43,0.066406,2.1094,-0.17969,-0.33461,11
256,43,0.068359,2.1465,-0.18945,-0.33461,13
256,43,0,2.1836,0.21484,-0.33461,26
256,43,0,2.2266,0.16211,-0.33461,44
256,43,0,2.2695,0.076172,-0.33461,34
256,43,0.2168,2.2695,-0.35352,-0.33461,14
256,43,-3.7832,0,-0.4375,-0.33461,26
256,43,-3.8203,0,-0.64844,-0.33461,27
256,43,-2.3887,0,-3.8203,0.33461,11
256,43,0.35547,3.7441,-0.4082,-0.33461,14
257,29,-0.13672,2.1895,-0.066406,0,16
257,29,-0.13867,2.2266,0.054688,0,26
257,29,-0.21289,2.2578,0.076172,0,16
257,29,-0.39648,1.7441,1.1348,0.33461,24
257,29,-0.26953,2.0781,0.50586,0.33461,86
257,29,-0.20508,2.1484,0.39844,0.33461,120
257,29,-0.20898,2.1934,0.36328,0.33461,82
257,29,-0.14258,2.2266,0.42188,0.33461,38
257,29,-1.3906,0,-3.5469,0.33461,17
257,29,-0.26563,2.0215,0.57813,0.66921,74
257,29,-0.26953,2.0742,0.52148,0.66921,182
257,29,-0.27344,2.1191,0.49805,0.66921,190
257,29,-0.20898,2.1699,0.48047,0.66921,91
257,29,-0.2832,2.2051,0.45898,0.66921,21
257,29,-1.3906,0,-3.4746,0.66921,16
257,29,-0.26563,1.9902,0.67383,1.0038,56
257,29,-0.20313,2.0449,0.6543,1.0038,120
257,29,-0.20508,2.082,0.66016,1.0038,110
257,29,-0.2793,2.127,0.61719,1.0038,43
257,29,-0.20313,1.9668,0.86133,1.3384,17
257,29,-0.27344,2.0195,0.81641,1.3384,15
257,29,0.20313,2.1387,-0.17969,-0.33461,16
257,29,0.13672,2.1875,-0.097656,-0.33461,20
257,29,-3.7832,0,-0.71289,-0.33461,17
257,29,-3.8203,0,-0.78711,-0.33461,16
257,29,0.11523,3.7051,-0.023438,0.33461,14
257,29,0,3.707,0.076172,0.66921,14
257,29,-0.53906,1.1348,1.752,-0.33461,10
257,29,0.11914,3.6191,-1.0977,-0.33461,9
258,43,-0.13477,2.1523,0,0,36
258,43,-0.13672,2.1895,0.068359,0,121
258,43,-0.13867,2.2266,0.054688,0,155
258,43,-0.21289,2.2598,-0.074219,0,81
258,43,-0.2168,2.2793,-0.29102,0,18
258,43,3.6289,0.88086,0.29688,0,12
258,43,3.666,0.85156,0.39258,0,16
258,43,3.7012,0.92188,0.2207,0,11
258,43,0,2.1094,-0.20117,0.33461,20
258,43,-0.20313,2.1406,0.16211,0.33461,64
258,43,-0.20508,2.1719,0.23242,0.33461,223
258,43,-0.13867,2.2148,0.24609,0.33461,292
258,43,-0.14258,2.2559,0.21875,0.33461,165
258,43,-0.28906,2.2734,0.27148,0.33461,43
258,43,-3.7461,0,0.65234,0.33461,20
258,43,3.666,0.67383,0.6543,0.33461,26
258,43,3.582,1.1387,0.68555,0.33461,18
258,43,-0.20313,2.125,0.3125,0.66921,34
258,43,-0.20508,2.1582,0.33789,0.66921,114
258,43,-0.13867,2.1992,0.36133,0.66921,139
258,43,-0.21289,2.2402,0.29883,0.66921,72
258,43,-0.28906,2.2676,0.31836,0.66921,20
258,43,3.6289,0.25586,0.89258,0.66921,16
258,43,3.5469,0.94336,0.91797,0.66921,21
258,43,0,2.0508,-0.35352,-0.33461,13
258,43,0,2.0645,-0.47852,-0.33461,17
258,43,0.34375,2.1621,0.13672,-0.33461,21
258,43,-0.34961,2.125,0.58398,-0.33461,43
258,43,-0.35547,2.1504,0.63672,-0.33461,42
258,43,0.36133,2.209,-0.56055,-0.33461,24
258,43,-1.4043,0,-3.5762,0,11
258,43,-1.418,0,-3.5293,0,13
258,43,-1.4336,0.125,-3.541,0,8
258,43,-1.2871,1.4219,-3.2168,0.33461,20
258,43,-1.3008,1.5254,-3.209,0.33461,23
258,43,-1.3145,1.668,-3.1777,0.33461,15
258,43,-0.068359,2.123,0.375,0.66921,34
258,43,-1.4043,1.166,-3.2695,0.66921,15
258,43,-1.418,1.6758,-3.082,0.66921,18
258,43,-0.41211,2.0039,-0.79297,-0.33461,21
258,43,0.34961,2.1523,-0.47656,-0.33461,33
258,43,0.35547,2.1602,-0.60352,-0.33461,35
258,43,-0.43359,2.1055,0.83984,-0.33461,18
259,22,-0.13672,2.1777,0.22656,0,22
259,22,-0.13867,2.2168,0.22656,0,57
259,22,-0.14258,2.248,0.27539,0,60
259,22,-0.2168,2.2773,0.30469,0,26
259,22,0,2.1133,-0.15039,0.33461,16
259,22,0.068359,2.1484,-0.17969,0.33461,14
259,22,-0.20508,2.1504,0.38281,0.33461,30
259,22,-0.20898,2.1719,0.47266,0.33461,58
259,22,-0.2832,2.1621,0.63281,0.33461,49
259,22,3.7012,0.68164,0.6582,0.33461,22
259,22,-0.27344,2.1113,0.53125,0.66921,16
259,22,-0.20898,2.1445,0.58008,0.66921,41
259,22,-0.21289,2.1543,0.68359,0.66921,45
259,22,-0.2168,2.1621,0.77734,0.66921,23
259,22,-0.070313,2.2227,-0.20313,-0.66921,15
259,22,-0.070313,2.2656,-0.12109,-0.66921,20
259,22,0,2.0762,-0.42188,-0.33461,17
259,22,0.068359,2.0898,-0.53125,-0.33461,18
259,22,-0.13867,2.2285,0.013672,-0.33461,52
259,22,-0.070313,2.2695,-0.0097656,-0.33461,70
259,22,-0.14453,2.3027,-0.033203,-0.33461,36
259,22,-1.3145,0.70508,-3.5176,0.33461,19
260,29,-0.20508,2.1621,0.31641,0,17
260,29,-0.13867,2.2148,0.24219,0,59
260,29,-0.14258,2.2559,0.20898,0,79
260,29,-0.14453,2.2949,0.19922,0,47
260,29,-0.29297,2.3105,0.27539,0,10
260,29,0,2.1094,-0.19922,0.33461,17
260,29,0,2.1563,0,0.33461,16
260,29,-0.20508,2.1406,0.4375,0.33461,64
260,29,-0.13867,2.1914,0.40039,0.33461,210
260,29,-0.14258,2.2363,0.35938,0.33461,276
260,29,-0.14453,2.2793,0.32813,0.33461,159
260,29,-0.2207,2.3145,0.31445,0.33461,33
260,29,-0.20508,2.1133,0.55469,0.66921,22
260,29,-0.20898,2.1582,0.52734,0.66921,74
260,29,-0.21289,2.2051,0.49609,0.66921,100
260,29,-0.2168,2.25,0.46875,0.66921,59
260,29,-0.21289,2.1816,0.58984,1.0038,14
260,29,0,2.1953,0,-0.66921,12
260,29,-0.13867,2.2285,-0.0039063,-0.66921,36
260,29,-0.14258,2.2637,-0.066406,-0.66921,46
260,29,-0.14453,2.2988,-0.12695,-0.66921,26
260,29,0,2.0371,-0.42773,-0.33461,12
260,29,0,2.0742,-0.42773,-0.33461,18
260,29,0.068359,2.1445,-0.22461,-0.33461,17
260,29,-0.13672,2.1816,0.18164,-0.33461,36
260,29,-0.13867,2.2246,0.13281,-0.33461,109
260,29,-0.14258,2.2637,0.087891,-0.33461,142
260,29,-0.14453,2.3027,0.023438,-0.33461,80
260,29,-0.14648,2.3379,-0.10938,-0.33461,16
261,9,-0.21289,2.252,0.18945,0,10
261,9,-0.20898,2.1719,0.47461,0.33461,30
261,9,-0.21289,2.2168,0.44531,0.33461,46
261,9,-0.2168,2.2598,0.41406,0.33461,33
261,9,-0.2207,2.2891,0.4668,0.33461,13
261,9,-0.21289,2.1973,0.53125,0.66921,16
261,9,-0.20898,2.2148,0.17578,-0.33461,20
261,9,-0.21289,2.252,0.18359,-0.33461,29
261,9,-0.2168,2.2871,0.2207,-0.33461,21
262,5,-0.13867,2.1875,0.41992,0.33461,16
262,5,-0.14258,2.2539,0.23438,0.33461,22
262,5,-0.2168,2.2891,0.20508,0.33461,17
262,5,0,2.2188,0.24219,-0.33461,11
262,5,-0.21289,2.2578,0.099609,-0.33461,16
294,34,-0.20313,2.1367,-0.2168,0,8
294,34,-0.27344,2.1504,-0.33398,0,18
294,34,-0.20898,2.2051,-0.26953,0,26
294,34,-0.21289,2.2422,-0.28711,0,23
294,34,-0.2168,2.2773,-0.30078,0,16
294,34,0,2.1133,-0.1543,0.33461,18
294,34,0.068359,2.1484,-0.17969,0.33461,23
294,34,-0.13672,2.1895,0.039063,0.33461,37
294,34,-0.13867,2.2246,-0.125,0.33461,70
294,34,-0.14258,2.2578,-0.17773,0.33461,70
294,34,-0.14453,2.293,-0.22852,0.33461,39
294,34,3.666,0.66602,-0.66211,0.33461,15
294,34,-3.8203,0,-0.76563,0.33461,14
294,34,-0.34375,2.1426,0.33203,0.66921,12
294,34,-0.20898,2.2227,0.042969,0.66921,23
294,34,-0.21289,2.2578,-0.09375,0.66921,22
294,34,-0.27344,2.1484,-0.35547,-0.66921,18
294,34,-0.13867,2.1738,-0.48438,-0.66921,34
294,34,-0.14258,2.1934,-0.57031,-0.66921,35
294,34,-0.14453,2.207,-0.6582,-0.66921,22
294,34,0.066406,2.0742,-0.42578,-0.33461,16
294,34,0.20313,2.0918,-0.48047,-0.33461,17
294,34,-0.20508,2.1719,-0.24023,-0.33461,53
294,34,-0.13867,2.1953,-0.38281,-0.33461,101
294,34,-0.14258,2.2188,-0.45703,-0.33461,106
294,34,-0.14453,2.248,-0.50586,-0.33461,64
294,34,-0.14648,2.2852,-0.51367,-0.33461,22
294,34,3.6289,0,-0.95313,-0.33461,16
294,34,-3.7832,0,-0.98828,-0.33461,24
294,34,3.7012,0,-1.1621,-0.33461,17
294,34,-2.4824,0,3.3477,0.33461,8
294,34,-0.53906,1.7891,1.0781,-0.33461,16
294,34,-2.459,0.57227,2.7676,-0.33461,9
294,34,-2.3887,0.82813,2.8652,-0.33461,9
295,51,-0.33008,2.084,-0.19531,0,20
295,51,-0.20313,2.1309,-0.26172,0,66
295,51,-0.20508,2.1719,-0.23047,0,98
295,51,-0.13867,2.2188,-0.19141,0,87
295,51,-0.14258,2.2598,-0.16406,0,42
295,51,-0.28906,2.2871,0.11328,0,13
295,51,3.6289,0.50391,-0.78125,0,20
295,51,3.5469,0.91211,-0.94922,0,14
295,51,-1.3184,8.3242,-0.40039,0,12
295,51,0.066406,2.1172,0.03125,0.33461,29
295,51,0.13477,2.1523,0.037109,0.33461,41
295,51,0.13672,2.1875,0.089844,0.33461,33
295,51,0,2.2324,-0.037109,0.33461,25
295,51,-0.14258,2.2441,-0.30664,0.33461,38
295,51,-0.14453,2.2734,-0.36328,0.33461,30
295,51,3.666,0.92773,-0.14453,0.33461,14
295,51,3.7012,0.93164,-0.17578,0.33461,14
295,51,0,2.1445,0.22461,0.66921,14
295,51,0.068359,2.1895,0.12109,0.66921,13
295,51,-0.070313,2.2266,-0.13867,0.66921,12
295,51,-0.14258,2.2559,-0.20703,0.66921,16
295,51,-0.19922,1.998,-0.67383,-1.0038,22
295,51,-0.13477,2.0195,-0.74414,-1.0038,74
295,51,-0.13672,2.0449,-0.7832,-1.0038,97
295,51,-0.13867,2.0605,-0.8457,-1.0038,53
295,51,-0.19922,2.0234,-0.5957,-0.66921,65
295,51,-0.20313,2.0566,-0.61914,-0.66921,194
295,51,-0.13672,2.0918,-0.65039,-0.66921,230
295,51,-0.13867,2.1152,-0.70117,-0.66921,113
295,51,0,2.207,-0.53516,-0.66921,22
295,51,3.6289,0,-1.3828,-0.66921,35
295,51,3.666,0,-1.3867,-0.66921,26
295,51,-1.0547,8.2305,-1.5215,-0.66921,16
295,51,-0.066406,2.084,-0.375,-0.33461,70
295,51,-0.13477,2.1133,-0.4043,-0.33461,185
295,51,-0.13672,2.1543,-0.39844,-0.33461,220
295,51,-0.13867,2.1973,-0.36523,-0.33461,146
295,51,0,2.2305,-0.42578,-0.33461,64
295,51,0,2.2598,-0.47266,-0.33461,25
295,51,3.5918,0,-1.209,-0.33461,25
295,51,3.6289,0,-1.1465,-0.33461,39
295,51,-3.7832,0,-1.127,-0.33461,27
295,51,-1.0547,8.3281,-0.83984,-0.33461,22
295,51,-2.459,0,2.9316,0,14
295,51,-2.4824,0,2.918,0,10
295,51,-0.54883,0.72461,1.998,0.33461,20
295,51,-2.3418,1.707,2.373,-0.66921,22
295,51,-2.3652,1.6484,2.4492,-0.66921,16
295,51,-2.4336,1.1719,2.541,-0.33461,17
295,51,-2.459,1.1992,2.5586,-0.33461,26
295,51,-1.1816,1.2539,3.3672,-0.33461,18
296,64,-0.32422,2.0488,-0.16992,0,9
296,64,-0.19922,2.1035,-0.1543,0,14
296,64,-0.068359,2.127,-0.34961,0,21
296,64,-0.13672,2.1543,-0.39844,0,40
296,64,-0.13867,2.1934,-0.38672,0,38
296,64,0,2.1934,-0.58594,0,23
296,64,0,2.2207,-0.63086,0,21
296,64,0,2.2637,-0.61328,0,9
296,64,0,2.0625,-0.2793,0.33461,14
296,64,0,2.1152,-0.13477,0.33461,43
296,64,0,2.1563,-0.060547,0.33461,57
296,64,-0.068359,2.1934,0.025391,0.33461,57
296,64,-0.070313,2.2246,-0.16602,0.33461,83
296,64,-0.070313,2.2402,-0.36328,0.33461,85
296,64,-0.072266,2.252,-0.5,0.33461,57
296,64,-0.074219,2.2969,-0.46875,0.33461,29
296,64,0,2.1172,-0.060547,0.66921,14
296,64,0,2.1563,0.035156,0.66921,19
296,64,-0.13672,2.1875,0.10547,0.66921,22
296,64,-0.13867,2.2266,-0.082031,0.66921,36
296,64,-0.14258,2.252,-0.25586,0.66921,40
296,64,-0.14453,2.2617,-0.43164,0.66921,34
296,64,-0.074219,2.2949,-0.48047,0.66921,23
296,64,-0.14258,2.1914,-0.57422,1.0038,18
296,64,-0.14453,2.2129,-0.64063,1.0038,24
296,64,-0.14648,2.2344,-0.69922,1.0038,16
296,64,0,2.1934,-0.58594,1.3384,11
296,64,-0.14453,2.2344,-0.56055,1.3384,16
296,64,-0.19141,1.8613,-0.82227,-2.0076,15
296,64,-0.19531,1.9082,-0.80664,-2.0076,30
296,64,-0.19922,1.9355,-0.83594,-2.0076,31
296,64,-0.26953,1.9883,-0.79102,-2.0076,14
296,64,-0.19141,1.8965,-0.73438,-1.673,36
296,64,-0.25977,1.9395,-0.70703,-1.673,52
296,64,-0.19922,1.9941,-0.6875,-1.673,40
296,64,-0.26953,2.0352,-0.6582,-1.673,14
296,64,3.4414,0,-1.4824,-1.673,13
296,64,3.3594,0.67969,-1.4121,-1.673,12
296,64,-0.25586,1.9258,-0.63477,-1.3384,30
296,64,-0.25977,1.9961,-0.52344,-1.3384,33
296,64,-0.26563,2.0586,-0.41992,-1.3384,17
296,64,3.5547,0,-1.2051,-1.3384,25
296,64,3.4766,0.36523,-1.2383,-1.3384,24
296,64,-0.26563,2.0547,-0.44141,-1.0038,18
296,64,-0.26953,2.0566,-0.58789,-1.0038,14
296,64,3.4414,0.82422,-0.97461,-1.0038,30
296,64,3.5918,0,-1.0195,-1.0038,29
296,64,-0.19531,2.0469,-0.31836,-0.66921,20
296,64,-0.13281,2.0879,-0.33984,-0.66921,32
296,64,-0.20313,2.1289,-0.27539,-0.66921,28
296,64,-0.13672,2.1348,-0.48828,-0.66921,45
296,64,-0.070313,2.1387,-0.63281,-0.66921,53
296,64,0,2.1738,-0.6543,-0.66921,27
296,64,3.4766,0.96875,-0.85352,-0.66921,18
296,64,0,2.0527,-0.3418,-0.33461,17
296,64,0,2.0859,-0.37305,-0.33461,33
296,64,0,2.1445,-0.22656,-0.33461,31
296,64,-0.13672,2.1641,-0.33984,-0.33461,91
296,64,-0.070313,2.1895,-0.42773,-0.33461,118
296,64,-0.070313,2.2031,-0.53906,-0.33461,57
296,64,-3.8301,3.1094,4.6953,-0.33461,19
296,64,-0.92188,1.0078,1.8125,0,12
296,64,-2.5234,0.91797,2.502,-1.673,9
296,64,-2.6641,0.94141,2.4004,-1.673,8
297,53,-0.19922,2.1074,-0.066406,0,20
297,53,-0.20313,2.1445,-0.097656,0,29
297,53,-0.20508,2.1816,-0.11133,0,34
297,53,-0.20898,2.2129,-0.21484,0,39
297,53,-0.21289,2.2383,-0.30859,0,28
297,53,-0.2168,2.2402,-0.50781,0,13
297,53,-4.0215,0.98828,5.3594,0,15
297,53,-4.043,1.4961,5.2715,0,14
297,53,0,2.0723,-0.17969,0.33461,22
297,53,0,2.1094,-0.1875,0.33461,61
297,53,0,2.1543,-0.10547,0.33461,85
297,53,-0.068359,2.1914,0.0625,0.33461,98
297,53,-0.13867,2.2285,-0.0039063,0.33461,89
297,53,-0.14258,2.2441,-0.31445,0.33461,51
297,53,-0.28906,2.1699,-0.73242,0.33461,26
297,53,3.666,0.875,-0.3418,0.33461,15
297,53,-3.7012,0.88477,-0.33789,0.33461,19
297,53,0,2.1172,-0.099609,0.66921,21
297,53,0,2.1563,0.027344,0.66921,29
297,53,-0.068359,2.1855,0.17969,0.66921,33
297,53,-0.20898,2.2207,0.10547,0.66921,32
297,53,-0.21289,2.25,-0.21289,0.66921,22
297,53,-0.2168,2.2422,-0.5,0.66921,16
297,53,0,2.3008,-0.46094,0.66921,15
297,53,-0.28906,1.7188,-0.63281,-2.3422,15
297,53,-0.23633,1.7441,-0.69336,-2.3422,25
297,53,-0.30078,1.7773,-0.68945,-2.3422,18
297,53,-0.28906,1.7617,-0.49805,-2.0076,16
297,53,-0.29492,1.7988,-0.50586,-2.0076,22
297,53,-0.36133,1.7949,-0.60938,-2.0076,14
297,53,-0.24023,1.8438,-0.51367,-1.673,17
297,53,-0.30078,1.8672,-0.38477,-1.3384,12
297,53,-0.30664,1.8984,-0.41211,-1.3384,21
297,53,-0.3125,1.9316,-0.4375,-1.3384,22
297,53,-0.30664,1.9238,-0.27148,-1.0038,26
297,53,-0.3125,1.9512,-0.3418,-1.0038,28
297,53,-0.31836,1.9844,-0.36523,-1.0038,14
297,53,0,1.9727,-0.66602,-0.33461,13
297,53,0.066406,2.0508,-0.52734,-0.33461,34
297,53,0.068359,2.1055,-0.46484,-0.33461,42
297,53,0.068359,2.1855,-0.17969,-0.33461,46
297,53,0,2.2266,-0.16602,-0.33461,33
297,53,-0.35547,2.1602,-0.60352,-0.33461,29
297,53,-0.28906,2.2891,0.082031,-0.33461,19
297,53,-0.15039,2.416,-0.054688,-0.33461,17
297,53,-4.2324,1.7656,4.9824,-0.33461,32
297,53,-4.043,2.8438,4.6836,-0.33461,31
297,53,-1.4805,6.3379,-1.8691,0,9
297,53,-0.60742,0.33984,-2.041,-0.33461,23
297,53,0.42578,2.2188,-0.22852,-0.33461,17
297,53,0.43359,2.0781,-0.90625,-0.33461,10
297,53,-1.6934,6.3574,-1.6035,-0.33461,20
297,53,-1.7031,6.3359,-1.8223,-0.33461,17
298,50,-0.35547,1.8516,0.16211,0,14
298,50,-0.36133,1.8945,0.058594,0,20
298,50,-0.36914,1.9316,0.044922,0,14
298,50,0,2.2676,-0.10156,0,15
298,50,0,2.2949,-0.25195,0,11
298,50,0,2.3828,0.058594,0,9
298,50,-0.30273,2.3887,0.26367,0,15
298,50,-0.23047,2.4434,0.16406,0,15
298,50,-0.13281,2.1133,-0.039063,0.33461,19
298,50,-0.13477,2.1426,-0.20703,0.33461,31
298,50,-0.41211,2.0273,-0.73438,0.33461,20
298,50,0.13867,2.1914,0.39648,0.33461,25
298,50,-0.070313,2.2676,-0.091797,0.33461,38
298,50,-0.072266,2.3027,-0.12109,0.33461,30
298,50,-3.7832,0,-0.33984,0.33461,18
298,50,3.7012,0.9043,-0.28516,0.33461,20
298,50,-0.2793,2.1992,-0.25977,0.66921,10
298,50,-0.21289,2.2578,-0.082031,0.66921,15
298,50,-0.37305,1.6367,-0.28516,-1.3384,25
298,50,-0.32617,1.6758,-0.33789,-1.3384,33
298,50,-0.27734,1.7031,-0.42773,-1.3384,23
298,50,-0.31836,1.6621,-0.19141,-1.0038,34
298,50,-0.32617,1.6934,-0.23438,-1.0038,49
298,50,-0.33398,1.7246,-0.28125,-1.0038,34
298,50,-0.37305,1.6621,-0.0078125,-0.66921,14
298,50,-0.32617,1.709,-0.0625,-0.66921,23
298,50,-0.33398,1.7402,-0.16016,-0.66921,15
298,50,-0.28906,1.8301,-0.050781,-0.66921,15
298,50,-0.35547,1.8555,-0.11328,-0.66921,31
298,50,-0.36133,1.8887,-0.1582,-0.66921,42
298,50,-0.22656,2.4102,0.054688,-0.66921,21
298,50,-0.23047,2.4453,-0.11133,-0.66921,23
298,50,-0.28906,1.8281,0.089844,-0.33461,14
298,50,-0.29492,1.8691,0.023438,-0.33461,34
298,50,-0.36133,1.8945,-0.046875,-0.33461,46
298,50,-0.30664,1.9414,-0.091797,-0.33461,33
298,50,-0.375,1.9668,-0.089844,-0.33461,13
298,50,0.072266,2.2715,-0.40625,-0.33461,21
298,50,-0.14648,2.3203,-0.3125,-0.33461,18
298,50,-0.074219,2.3828,0.046875,-0.33461,11
298,50,-0.22656,2.4043,0.17188,-0.33461,29
298,50,-0.30664,2.4395,0.037109,-0.33461,29
298,50,-0.99219,0.41406,1.998,0,8
298,50,-1.0098,0.83984,1.8984,0,6
298,50,-1.043,0,-2.3301,0,6
298,50,0.27344,1.75,1.2949,0.33461,16
298,50,0.97656,0,-2.1816,0.33461,16
298,50,0.23633,3.7754,0.048828,0.33461,11
298,50,0.97656,0,-2.1816,0.66921,7
298,50,-1.043,0,-2.2949,-0.33461,10
299,22,-0.14258,2.2578,-0.18555,0,19
299,22,-0.14453,2.2988,-0.13867,0,34
299,22,-0.14648,2.3398,-0.048828,0,37
299,22,-0.22266,2.373,-0.019531,0,22
299,22,-0.37305,1.6602,-0.025391,0.33461,12
299,22,-0.27148,1.7168,0.078125,0.33461,12
299,22,-0.33398,1.7461,0.0058594,0.33461,13
299,22,0,2.1563,-0.064453,0.33461,46
299,22,-0.20508,2.166,-0.28125,0.33461,40
299,22,-0.34961,2.1816,-0.32227,0.33461,35
299,22,-0.14258,2.2656,0.029297,0.33461,30
299,22,-0.14453,2.2813,-0.32422,-0.66921,32
299,22,-0.14648,2.3184,-0.33203,-0.66921,36
299,22,-0.14844,2.3418,-0.41797,-0.66921,20
299,22,0.066406,2.043,-0.55859,-0.33461,24
299,22,-0.27344,2.1094,-0.53906,-0.33461,35
299,22,-0.2793,2.1699,-0.43945,-0.33461,33
299,22,-0.2832,2.248,-0.12305,-0.33461,29
299,22,-0.14453,2.2949,-0.18945,-0.33461,60
299,22,-0.14648,2.334,-0.19141,-0.33461,71
299,22,-0.14844,2.3711,-0.18164,-0.33461,44
299,22,-0.22656,2.4082,-0.12695,-0.33461,16
300,64,0,2.0371,-0.14453,0,22
300,64,0,2.0664,-0.24609,0,61
300,64,0,2.0977,-0.29102,0,72
300,64,0,2.1289,-0.3418,0,35
300,64,0,2.1738,-0.30469,0,16
300,64,-0.13867,2.2246,-0.10156,0,22
300,64,-0.21289,2.2578,-0.11914,0,26
300,64,-0.28906,2.2813,-0.20117,0,17
300,64,-0.29297,2.3223,-0.16406,0,10
300,64,-3.8086,0,6.4316,0,21
300,64,-3.8301,0,6.4043,0,18
300,64,-0.35547,1.8535,0.14063,0.33461,11
300,64,-0.30078,1.9043,0.070313,0.33461,32
300,64,-0.24609,1.9512,0.044922,0.33461,43
300,64,-0.25,1.9883,0.044922,0.33461,28
300,64,-0.19141,2.0313,-0.10938,0.33461,14
300,64,0,2.0762,-0.14453,0.33461,33
300,64,0,2.1133,-0.14063,0.33461,44
300,64,0,2.1543,-0.089844,0.33461,46
300,64,0,2.1934,0.060547,0.33461,56
300,64,-0.13867,2.2266,0.074219,0.33461,70
300,64,-0.070313,2.2695,0.03125,0.33461,63
300,64,0.072266,2.2949,-0.23828,0.33461,38
300,64,0.29297,2.2266,-0.67969,0.33461,21
300,64,-0.91016,5.7539,-0.068359,0.33461,25
300,64,-0.91602,5.793,-0.041016,0.33461,24
300,64,-3.8086,0,-6.5605,0.33461,44
300,64,-3.6172,0,6.5566,0.33461,38
300,64,-0.29492,1.8496,0.26172,0.66921,19
300,64,-0.30078,1.8965,0.18945,0.66921,52
300,64,-0.30664,1.9375,0.15625,0.66921,70
300,64,-0.3125,1.9766,0.12109,0.66921,42
300,64,-0.13867,2.2148,0.24023,0.66921,27
300,64,-0.14258,2.2578,0.17773,0.66921,24
300,64,-0.38867,1.7148,0.25977,1.0038,24
300,64,-0.39648,1.7617,0.19531,1.0038,26
300,64,-0.40625,1.7988,0.18945,1.0038,18
300,64,-0.30078,1.8711,0.36719,1.0038,26
300,64,-0.30664,1.9219,0.28906,1.0038,34
300,64,-0.38086,1.6563,0.37109,1.3384,16
300,64,-0.38867,1.6953,0.36914,1.3384,26
300,64,-0.39648,1.748,0.29102,1.3384,24
300,64,-0.40625,1.7969,0.21289,1.3384,12
300,64,0,1.9863,-0.47852,-0.66921,20
300,64,0,2.0195,-0.5,-0.66921,56
300,64,0.066406,2.0488,-0.53711,-0.66921,66
300,64,0.068359,2.0605,-0.63086,-0.66921,36
300,64,0,2.1445,-0.46484,-0.66921,25
300,64,0.070313,2.2129,-0.2832,-0.66921,19
300,64,0,2.0137,-0.3457,-0.33461,49
300,64,0.064453,2.0449,-0.38477,-0.33461,137
300,64,0,2.0781,-0.41211,-0.33461,165
300,64,0.068359,2.0996,-0.48633,-0.33461,94
300,64,0.068359,2.168,-0.33594,-0.33461,71
300,64,0,2.2246,-0.19531,-0.33461,48
300,64,0.14258,2.2363,-0.35742,-0.33461,34
300,64,0.28906,2.2617,-0.35742,-0.33461,39
300,64,-0.21094,1.2109,6.6602,0,13
300,64,-0.21289,2.8008,6.2051,0,11
300,64,-0.58594,1.9102,1.2305,0.33461,14
300,64,-0.42383,0.61328,-6.7305,0.33461,32
300,64,-0.21289,1.8789,6.543,0.33461,28
300,64,-0.78125,0.48047,2.0762,-0.33461,19
300,64,-0.57617,0.81445,2.0801,-0.33461,22
301,54,-0.30078,1.9043,0.068359,0,15
301,54,-0.30664,1.9434,0.023438,0,16
301,54,-0.25,1.9902,0.023438,0,9
301,54,0.066406,2.0762,-0.41797,0,15
301,54,0.068359,2.1211,-0.38086,0,19
301,54,-0.068359,2.1914,-0.085938,0,23
301,54,0,2.2324,-0.013672,0,20
301,54,0,2.0664,-0.25195,0.33461,23
301,54,0,2.0996,-0.2832,0.33461,50
301,54,0,2.1328,-0.31641,0.33461,49
301,54,0,2.1855,-0.19141,0.33461,21
301,54,-0.20898,2.2031,0.28516,0.33461,27
301,54,-0.26953,1.3887,-2.5039,0.33461,20
301,54,-0.36328,1.5195,-2.459,0.33461,24
301,54,3.666,0.92969,-0.13477,0.33461,20
301,54,3.7012,0.92969,-0.18555,0.33461,21
301,54,-0.54688,5.7637,0.66211,0.33461,25
301,54,-0.54883,5.8105,0.5625,0.33461,24
301,54,-4.043,0,-6.0391,0.33461,21
301,54,-0.30078,1.8848,0.2793,0.66921,23
301,54,-0.30664,1.9297,0.23633,0.66921,18
301,54,-0.3125,1.9727,0.17188,0.66921,20
301,54,-0.31836,2.0098,0.18945,0.66921,19
301,54,-0.068359,2.1543,-0.056641,0.66921,24
301,54,-0.29492,1.8457,0.29297,1.0038,31
301,54,-0.30078,1.8691,0.36914,1.0038,71
301,54,-0.30664,1.9043,0.38281,1.0038,71
301,54,-0.3125,1.9629,0.26758,1.0038,30
301,54,-0.25586,2.0039,0.30273,1.0038,20
301,54,-0.28906,1.752,0.53516,1.3384,14
301,54,-0.29492,1.8184,0.42969,1.3384,33
301,54,-0.36133,1.8633,0.34766,1.3384,45
301,54,-0.36914,1.8789,0.45117,1.3384,57
301,54,-0.375,1.9258,0.41406,1.3384,31
301,54,-0.34766,1.5781,0.90625,1.673,12
301,54,-0.35547,1.7051,0.74023,1.673,32
301,54,-0.36133,1.7578,0.71094,1.673,30
301,54,0,2.0039,-0.68555,-0.66921,25
301,54,0.068359,2.0371,-0.70313,-0.66921,26
301,54,0,2.123,-0.55859,-0.66921,15
301,54,0.064453,2.0313,-0.44727,-0.33461,32
301,54,0.066406,2.0449,-0.55078,-0.33461,71
301,54,0.068359,2.0723,-0.59375,-0.33461,74
301,54,0.068359,2.1367,-0.49414,-0.33461,44
301,54,0.14258,2.2227,-0.43555,-0.33461,19
301,54,0.2168,2.1992,-0.66406,-0.33461,18
301,54,-3.666,0.73438,-0.58594,-0.33461,34
301,54,-3.7012,0.66211,-0.67773,-0.33461,36
301,54,-3.8594,0,-0.88672,-0.33461,17
301,54,0.23633,3.7754,-0.085938,0.33461,12
301,54,-1.916,6.4473,1.0645,0.33461,18
301,54,-0.63867,1.1953,1.8223,-0.33461,10
301,54,-0.7207,0.85352,2.0195,-0.33461,10
301,54,0.23633,3.7578,-0.36328,-0.33461,20
302,60,-0.25586,2.0215,0.14648,0,12
302,60,-0.19531,2.0703,0.0625,0,14
302,60,-0.20313,2.1465,0.011719,0,10
302,60,-0.13672,2.1875,-0.097656,0,13
302,60,0,2.2695,0.042969,0,13
302,60,-3.7832,0,-0.26563,0,10
302,60,-3.8203,0,-0.50781,0,10
302,60,-0.064453,2.0762,-0.12305,0.33461,16
302,60,0,2.1172,-0.091797,0.33461,33
302,60,-0.068359,2.1523,0.11914,0.33461,36
302,60,-0.20508,2.1543,0.36133,0.33461,19
302,60,0.070313,2.2168,0.24414,0.33461,34
302,60,0.070313,2.2676,0.074219,0.33461,49
302,60,0.072266,2.3066,-0.054688,0.33461,34
302,60,3.6289,0.92578,-0.085938,0.33461,16
302,60,-3.7832,0,-0.16602,0.33461,36
302,60,-3.8203,0,-0.2793,0.33461,35
302,60,-0.25,1.959,0.34766,0.66921,20
302,60,-0.25586,1.998,0.34375,0.66921,25
302,60,-0.25977,2.0527,0.2207,0.66921,27
302,60,-0.19922,2.0996,0.21289,0.66921,32
302,60,-0.20313,2.1328,0.25195,0.66921,27
302,60,-0.24609,1.8984,0.45313,1.0038,16
302,60,-0.25,1.9219,0.51367,1.0038,64
302,60,-0.25586,1.957,0.53125,1.0038,99
302,60,-0.25977,1.9961,0.5293,1.0038,68
302,60,-0.26563,2.043,0.49805,1.0038,19
302,60,-0.35938,1.6191,2.3496,1.0038,28
302,60,-0.36328,1.6523,2.3711,1.0038,24
302,60,-0.30664,1.8164,0.69141,1.3384,13
302,60,-0.3125,1.8672,0.66211,1.3384,66
302,60,-0.31836,1.9063,0.66406,1.3384,126
302,60,-0.32422,1.9512,0.64258,1.3384,108
302,60,-0.33008,1.9863,0.66016,1.3384,41
302,60,-0.3125,1.7988,0.82813,1.673,23
302,60,-0.31836,1.8574,0.78906,1.673,51
302,60,-0.32422,1.8965,0.79297,1.673,49
302,60,-0.39648,1.9473,0.73242,1.673,21
302,60,0,2.2207,-0.22852,-0.66921,16
302,60,0.070313,2.2324,-0.4043,-0.66921,21
302,60,0.14453,2.2617,-0.44141,-0.66921,16
302,60,-3.7832,0,-0.74609,-0.66921,18
302,60,-3.8203,0,-0.83008,-0.66921,17
302,60,0,2.0527,-0.34375,-0.33461,18
302,60,0.066406,2.0332,-0.58984,-0.33461,30
302,60,0.20313,2.1387,-0.1875,-0.33461,18
302,60,-0.13672,2.1816,-0.1875,-0.33461,20
302,60,0.070313,2.2285,-0.085938,-0.33461,50
302,60,0.070313,2.2559,-0.24805,-0.33461,62
302,60,0.14453,2.2813,-0.32422,-0.33461,46
302,60,0.074219,2.3027,-0.43945,-0.33461,19
302,60,-3.7461,0,-0.48047,-0.33461,23
302,60,-3.7832,0,-0.59961,-0.33461,53
302,60,-3.8203,0,-0.69922,-0.33461,52
302,60,-3.7383,0.42578,-0.85742,-0.33461,24
302,60,0,3.7344,0.29297,0.33461,13
302,60,0.11914,3.7813,-0.060547,0.33461,22
302,60,0.11914,3.8164,-0.13086,0.33461,18
302,60,0.35156,3.6973,-0.48242,-0.33461,16
302,60,0.35547,3.7266,-0.55273,-0.33461,29
303,49,-0.19922,2.1074,-0.064453,0,15
303,49,-0.13477,2.1387,0.24219,0,36
303,49,-0.20508,2.1738,0.21875,0,48
303,49,-0.13867,2.2188,0.19727,0,34
303,49,0,2.0723,-0.18945,0.33461,33
303,49,-0.13281,2.0938,-0.29102,0.33461,49
303,49,-0.20313,2.1289,-0.2832,0.33461,40
303,49,-0.41211,2.1406,-0.24414,0.33461,23
303,49,0.13867,2.1973,0.36719,0.33461,27
303,49,0.14258,2.2656,0.03125,0.33461,37
303,49,0.14453,2.3027,-0.042969,0.33461,27
303,49,-3.7832,0,-0.2207,0.33461,27
303,49,-3.8203,0,-0.41016,0.33461,23
303,49,-0.32422,2,0.47266,0.66921,19
303,49,-0.26563,2.0645,0.40039,0.66921,75
303,49,-0.26953,2.1055,0.37695,0.66921,125
303,49,-0.27344,2.1465,0.36133,0.66921,90
303,49,-0.34961,2.1973,0.18359,0.66921,26
303,49,3.3262,1.2383,0.93555,0.66921,24
303,49,-0.25977,1.9531,0.66797,1.0038,30
303,49,-0.26563,2.0195,0.58398,1.0038,80
303,49,-0.33789,2.0586,0.55078,1.0038,108
303,49,-0.27344,2.1133,0.52148,1.0038,77
303,49,-0.2793,2.168,0.45508,1.0038,24
303,49,-0.33008,1.9492,0.76172,1.3384,30
303,49,-0.33789,2.0098,0.70313,1.3384,36
303,49,-0.34375,2.0488,0.70508,1.3384,24
303,49,0,1.9922,-0.59961,-0.66921,13
303,49,0,1.9551,-0.81836,-0.66921,17
303,49,0.068359,2.1934,-0.046875,-0.66921,20
303,49,0.070313,2.2285,-0.099609,-0.66921,19
303,49,0.070313,2.2559,-0.24414,-0.66921,16
303,49,0,2.0332,-0.19336,-0.33461,12
303,49,0,2.0215,-0.49023,-0.33461,41
303,49,0,2.0195,-0.64258,-0.33461,50
303,49,0,2.1191,0.39844,-0.33461,34
303,49,0.068359,2.1914,0.066406,-0.33461,65
303,49,0,2.2305,0.078125,-0.33461,58
303,49,0.14258,2.2559,-0.20313,-0.33461,50
303,49,0.14453,2.2852,-0.29297,-0.33461,32
303,49,-3.7461,0,-0.55273,-0.33461,21
303,49,-3.7832,0,-0.66992,-0.33461,41
303,49,-3.8203,0,-0.75391,-0.33461,32
303,49,0.27344,1.9238,1.0195,0.33461,19
303,49,-0.48828,2.0234,-0.80664,0.33461,14
303,49,0.23633,3.7734,-0.15625,0.33461,17
303,49,-1.2617,1.0742,-3.2754,0.66921,18
303,49,0.23438,3.7383,-0.013672,-0.33461,14
303,49,0.23633,3.7617,-0.32617,-0.33461,23
304,46,0,2.1191,0,0,11
304,46,-0.13477,2.1504,0.087891,0,46
304,46,-0.20508,2.1816,0.12695,0,119
304,46,-0.20898,2.2168,0.16211,0,132
304,46,-0.21289,2.252,0.18164,0,61
304,46,3.5117,1.2988,-0.11328,0,12
304,46,3.4277,1.5898,0.17188,0,13
304,46,0,2.0801,-0.021484,0.33461,22
304,46,0,2.1191,-0.013672,0.33461,44
304,46,-0.26953,2.1387,0.0019531,0.33461,75
304,46,-0.20508,2.1641,0.30469,0.33461,281
304,46,-0.20898,2.1953,0.3418,0.33461,352
304,46,-0.2832,2.2129,0.41797,0.33461,177
304,46,3.5117,1.2832,0.22656,0.33461,25
304,46,3.666,0.92188,0.17383,0.33461,30
304,46,-3.8203,0,0.16602,0.33461,22
304,46,-0.26953,2.1055,0.37891,0.66921,77
304,46,-0.20508,2.1367,0.45508,0.66921,282
304,46,-0.2793,2.1641,0.4707,0.66921,377
304,46,-0.2832,2.1953,0.50586,0.66921,218
304,46,-0.28906,2.1992,0.64063,0.66921,50
304,46,3.5117,1.1602,0.59375,0.66921,19
304,46,3.5469,1.2363,0.45508,0.66921,16
304,46,-0.20313,2.0449,0.6543,1.0038,31
304,46,-0.20508,2.0879,0.64258,1.0038,101
304,46,-0.2793,2.1211,0.63672,1.0038,143
304,46,-0.2832,2.1543,0.65625,1.0038,94
304,46,-0.28906,2.1758,0.71289,1.0038,34
304,46,0.066406,2.084,-0.375,-0.66921,20
304,46,0.068359,2.1172,-0.4082,-0.66921,21
304,46,0.068359,2.127,-0.5332,-0.66921,12
304,46,0.064453,2.0645,-0.25391,-0.33461,28
304,46,0.066406,2.1035,-0.25,-0.33461,60
304,46,0.068359,2.1387,-0.26758,-0.33461,67
304,46,0.068359,2.1602,-0.38086,-0.33461,43
304,46,0.070313,2.1895,-0.43359,-0.33461,34
304,46,0.14258,2.2363,-0.36914,-0.33461,37
304,46,0.2168,2.2793,-0.29297,-0.33461,30
304,46,0.074219,2.3438,-0.072266,-0.33461,15
304,46,-1.5215,0,3.4668,0,9
304,46,-1.3008,0,3.7344,0,10
304,46,-1.4043,0,-3.5508,0.33461,21
304,46,-1.3008,0.5,-3.5176,0.33461,21
304,46,-1.3145,0.99414,-3.4473,0.33461,13
304,46,-1.5215,0,-3.4648,0.66921,15
304,46,-1.418,0.67578,-3.4414,0.66921,12
305,27,-0.20508,2.1777,0.16406,0,20
305,27,-0.20898,2.2168,0.1582,0,61
305,27,-0.14258,2.2598,0.15234,0,62
305,27,-0.28906,2.2852,0.15234,0,20
305,27,0,2.0703,-0.20117,0.33461,24
305,27,0,2.1152,-0.12695,0.33461,56
305,27,0,2.1563,-0.054688,0.33461,67
305,27,-0.13672,2.1836,0.16797,0.33461,68
305,27,-0.20898,2.1973,0.33398,0.33461,110
305,27,-0.2832,2.2168,0.39648,0.33461,100
305,27,-0.43359,2.1797,0.62305,0.33461,30
305,27,0,2.1172,0.068359,0.66921,17
305,27,0,2.1523,0.11914,0.66921,21
305,27,-0.13672,2.1641,0.3418,0.66921,27
305,27,-0.2793,2.1699,0.43945,0.66921,45
305,27,-0.35547,2.1758,0.54297,0.66921,36
305,27,0,2.0391,-0.57422,-0.66921,20
305,27,0.068359,2.0918,-0.51758,-0.66921,25
305,27,0,2.1387,-0.49023,-0.66921,14
305,27,0,2.0273,-0.4707,-0.33461,27
305,27,0.066406,2.0781,-0.40234,-0.33461,65
305,27,0.068359,2.127,-0.35156,-0.33461,76
305,27,0.068359,2.1719,-0.30664,-0.33461,43
305,27,-0.070313,2.2012,-0.36523,-0.33461,24
305,27,0.070313,2.2383,-0.37109,-0.33461,41
305,27,0.072266,2.2852,-0.31836,-0.33461,33
305,27,0.28906,2.168,-0.73828,0.33461,25
306,22,-0.20898,2.1953,0.3457,0,16
306,22,-0.21289,2.2383,0.31641,0,33
306,22,-0.2168,2.2656,0.38086,0,39
306,22,-0.2207,2.3047,0.38086,0,24
306,22,0,2.1191,0.041016,0.33461,15
306,22,0,2.1563,0.044922,0.33461,20
306,22,-0.068359,2.1875,0.14648,0.33461,22
306,22,-0.13867,2.1953,0.37305,0.33461,54
306,22,-0.21289,2.2207,0.42188,0.33461,95
306,22,-0.2168,2.2422,0.50195,0.33461,91
306,22,-0.2207,2.2656,0.56836,0.33461,48
306,22,-0.2793,2.1465,0.54297,0.66921,19
306,22,-0.2832,2.168,0.60938,0.66921,34
306,22,-0.28906,2.1973,0.64648,0.66921,36
306,22,-0.2207,2.2324,0.68359,0.66921,21
306,22,-0.21289,2.2559,-0.12109,-0.66921,15
306,22,0.066406,2.1113,-0.1582,-0.33461,17
306,22,0.068359,2.1387,-0.27539,-0.33461,21
306,22,0,2.1836,-0.21875,-0.33461,17
306,22,-0.20898,2.2207,0.0625,-0.33461,29
306,22,-0.21289,2.2578,0.078125,-0.33461,46
306,22,-0.2168,2.2969,0.078125,-0.33461,34
307,8,0,2.1582,0.39648,0.33461,21
307,8,-0.13867,2.1914,0.39844,0.33461,27
307,8,-0.21289,2.2148,0.44922,0.33461,26
307,8,-0.28906,2.2305,0.51563,0.33461,17
307,8,0,2.1895,0.14648,-0.33461,18
307,8,0,2.2266,0.15039,-0.33461,22
307,8,-0.14258,2.252,0.24414,-0.33461,23
307,8,-0.2168,2.2891,0.1875,-0.33461,16
308,6,0,2.1543,0.10742,0.33461,19
308,6,0,2.1855,0.19336,0.33461,24
308,6,0,2.2324,0.033203,0.33461,18
308,6,0.068359,2.1504,-0.15234,-0.33461,17
308,6,0,2.1934,-0.072266,-0.33461,20
308,6,0,2.2188,-0.25195,-0.33461,16
309,8,0.13867,2.1836,-0.43945,0.33461,11
309,8,0.14258,2.2402,-0.34375,0.33461,17
309,8,0.2168,2.2246,-0.57617,0.33461,10
309,8,0.2832,2.1348,-0.7168,-0.33461,15
309,8,-0.36133,2.1914,0.62891,-0.33461,13
309,8,-0.43359,2.0039,1.0605,0.33461,10
309,8,-0.42578,2.0996,0.74805,-0.33461,11
309,8,0.36133,2.0605,-0.97461,-0.33461,9
335,6,0.070313,2.2266,-0.13477,0.33461,18
335,6,0.14258,2.2598,-0.16797,0.33461,24
335,6,0.28906,2.2852,-0.1543,0.33461,19
335,6,0.070313,2.1953,-0.39648,-0.33461,16
335,6,0.21289,2.2207,-0.41992,-0.33461,21
335,6,0.2168,2.2578,-0.43164,-0.33461,16
336,12,0,2.1172,-0.046875,0.33461,15
336,12,0,2.1504,-0.15039,0.33461,16
336,12,-0.20508,2.1582,-0.3457,0.33461,16
336,12,0,2.2305,-0.082031,0.33461,20
336,12,0.070313,2.2676,-0.060547,0.33461,20
336,12,0.14453,2.3008,-0.10938,0.33461,14
336,12,0,2.0859,-0.36914,-0.33461,13
336,12,0,2.0977,-0.50195,-0.33461,15
336,12,-0.20508,2.0879,-0.64453,-0.33461,18
336,12,-0.13867,2.1895,-0.4082,-0.33461,24
336,12,0.070313,2.2422,-0.35352,-0.33461,19
336,12,0.14453,2.2598,-0.44922,-0.33461,13
337,39,-0.33008,2.0723,-0.29297,0,11
337,39,-0.26953,2.1152,-0.32422,0,62
337,39,-0.20508,2.1582,-0.33398,0,125
337,39,-0.20898,2.1953,-0.34961,0,101
337,39,-0.2832,2.2148,-0.41406,0,26
337,39,3.6289,0.51563,-0.77344,0,19
337,39,3.666,0.35156,-0.87109,0,17
337,39,-1.0547,8.3379,-0.74219,0,10
337,39,0,2.0469,-0.37695,0.33461,14
337,39,0,2.0898,-0.34961,0.33461,22
337,39,0,2.1504,-0.16797,0.33461,23
337,39,-0.13672,2.1758,0.24609,0.33461,27
337,39,0,2.2324,-0.0039063,0.33461,34
337,39,0,2.2656,-0.14258,0.33461,38
337,39,0,2.291,-0.27148,0.33461,23
337,39,-0.070313,2.2305,0.03125,0.66921,12
337,39,0,2.2695,-0.015625,0.66921,13
337,39,0,2.0215,-0.63477,-0.66921,14
337,39,-0.20313,2.0684,-0.57813,-0.66921,59
337,39,-0.13672,2.1074,-0.59375,-0.66921,108
337,39,-0.20898,2.1387,-0.60352,-0.66921,83
337,39,-0.21289,2.1855,-0.57617,-0.66921,19
337,39,3.6289,0,-1.332,-0.66921,14
337,39,3.666,0,-1.4766,-0.66921,12
337,39,0,1.9922,-0.59961,-0.33461,12
337,39,-0.13281,2.0449,-0.53906,-0.33461,36
337,39,-0.20313,2.0996,-0.44727,-0.33461,130
337,39,-0.20508,2.1387,-0.44531,-0.33461,241
337,39,-0.20898,2.1758,-0.44922,-0.33461,186
337,39,-0.14258,2.2207,-0.44531,-0.33461,45
337,39,0,2.2422,-0.54492,-0.33461,30
337,39,3.6289,0,-1.084,-0.33461,32
337,39,3.666,0,-1.1543,-0.33461,28
337,39,-2.459,0,2.8926,0,11
337,39,-2.6016,0,2.875,0,9
337,39,-2.459,1.8906,2.0996,-0.66921,8
337,39,-2.6016,1.7383,2.127,-0.66921,7
337,39,-2.459,1.1035,2.6016,-0.33461,19
337,39,-2.4824,1.3477,2.5156,-0.33461,17
338,63,-0.19922,2.1094,-0.029297,0,12
338,63,-0.20313,2.1465,-0.060547,0,29
338,63,-0.20508,2.1777,-0.17188,0,48
338,63,-0.13867,2.2051,-0.31641,0,56
338,63,-0.14258,2.2305,-0.39258,0,46
338,63,-0.14453,2.2559,-0.4668,0,22
338,63,0,2.0703,-0.20898,0.33461,29
338,63,0,2.1133,-0.13867,0.33461,44
338,63,0,2.1484,0.17969,0.33461,54
338,63,0.068359,2.1641,0.35547,0.33461,60
338,63,0.20898,2.1855,0.40625,0.33461,26
338,63,-0.35547,2.084,-0.82617,0.33461,22
338,63,-0.2168,2.1582,-0.78711,0.33461,20
338,63,-0.72852,5.7344,-0.72461,0.33461,18
338,63,-0.73242,5.7129,-1.1035,0.33461,15
338,63,0,2.1191,0.039063,0.66921,15
338,63,0,2.125,0.37109,0.66921,18
338,63,0,2.1289,0.5332,0.66921,21
338,63,-0.19531,1.9316,-0.75,-1.3384,34
338,63,-0.19922,1.9688,-0.75391,-1.3384,58
338,63,-0.13477,1.9922,-0.81445,-1.3384,50
338,63,-0.20508,1.9961,-0.88672,-1.3384,22
338,63,3.5918,0,-1.416,-1.3384,19
338,63,3.5117,0,-1.5176,-1.3384,13
338,63,-0.19531,1.9785,-0.61523,-1.0038,52
338,63,-0.19922,2.0254,-0.58789,-1.0038,99
338,63,-0.20313,2.0645,-0.58789,-1.0038,102
338,63,-0.20508,2.1016,-0.59961,-1.0038,58
338,63,-0.20898,2.1367,-0.61133,-1.0038,17
338,63,3.5547,0,-1.2148,-1.0038,32
338,63,3.5918,0,-1.1836,-1.0038,51
338,63,3.6289,0,-1.2676,-1.0038,36
338,63,-0.19531,2.0234,-0.44336,-0.66921,30
338,63,-0.19922,2.0586,-0.45898,-0.66921,81
338,63,-0.20313,2.0898,-0.49219,-0.66921,119
338,63,-0.20508,2.1055,-0.58398,-0.66921,102
338,63,-0.20898,2.0996,-0.72852,-0.66921,64
338,63,-0.14258,2.1426,-0.73438,-0.66921,48
338,63,-0.072266,2.1719,-0.7793,-0.66921,21
338,63,3.5547,0.42383,-0.80664,-0.66921,39
338,63,3.5918,0.31055,-0.86523,-0.66921,66
338,63,3.6289,0,-0.9375,-0.66921,49
338,63,0,2.0273,-0.46875,-0.33461,26
338,63,-0.13281,2.0664,-0.45117,-0.33461,56
338,63,-0.20313,2.0879,-0.49609,-0.33461,84
338,63,-0.20508,2.1016,-0.5957,-0.33461,91
338,63,-0.20898,2.1055,-0.70898,-0.33461,101
338,63,-0.14258,2.1719,-0.64258,-0.33461,101
338,63,-0.14453,2.1914,-0.70703,-0.33461,43
338,63,3.4766,1.1348,-0.61328,-0.33461,35
338,63,3.5117,1.1387,-0.63477,-0.33461,28
338,63,-0.55859,1.0957,-1.8633,0.33461,16
338,63,0.35547,2.1914,0.47656,0.33461,14
338,63,-2.4336,1.4473,2.3945,-1.3384,11
338,63,-2.459,1.7734,2.2012,-1.3384,8
338,63,-1.1465,2.5801,2.3438,-1.0038,19
338,63,-2.4336,1.0703,2.584,-1.0038,27
338,63,-2.459,1.1758,2.5703,-1.0038,19
338,63,-1.2617,1.8203,2.9258,-0.66921,25
338,63,-2.4336,0,2.873,-0.66921,39
338,63,-2.459,0,2.8496,-0.66921,28
338,63,-2.5488,0,3.1797,-0.33461,22
338,63,-2.5742,0,3.1328,-0.33461,18
339,64,-0.19922,2.1055,-0.12891,0,12
339,64,-0.33789,2.1309,0,0,19
339,64,-0.27344,2.1719,-0.14453,0,29
339,64,-0.13867,2.1973,-0.36523,0,28
339,64,0,2.2246,-0.45117,0,23
339,64,0,2.2285,-0.59961,0,14
339,64,-0.27734,2.8125,0.84961,0,10
339,64,-0.2793,2.8516,0.84766,0,14
339,64,-0.37891,2.9336,0.64453,0,10
339,64,-0.19531,2.0703,0.056641,0.33461,15
339,64,-0.13281,2.1133,-0.066406,0.33461,37
339,64,-0.13477,2.1387,-0.24414,0.33461,39
339,64,0,2.1094,0.60742,0.33461,32
339,64,-0.2793,2.0625,-0.80664,0.33461,32
339,64,-0.070313,2.25,-0.29883,0.33461,60
339,64,-0.072266,2.2871,-0.30273,0.33461,52
339,64,-0.074219,2.3164,-0.35938,0.33461,26
339,64,-0.26563,2.1016,0.041016,0.66921,13
339,64,-0.20313,2.1426,-0.14258,0.66921,15
339,64,-0.2793,2.1738,-0.42383,0.66921,16
339,64,-0.14258,2.2617,-0.12109,0.66921,33
339,64,-0.072266,2.3027,-0.12695,0.66921,39
339,64,-0.14648,2.3203,-0.31836,0.66921,35
339,64,-0.14844,2.3359,-0.44922,0.66921,21
339,64,-0.14453,2.293,-0.22656,1.0038,16
339,64,-0.14648,2.3203,-0.30859,1.0038,22
339,64,-0.074219,2.332,-0.48438,1.0038,15
339,64,-0.36914,1.7305,-0.86133,-2.3422,11
339,64,-0.30078,1.8223,-0.55664,-2.0076,16
339,64,-0.24609,1.8438,-0.64063,-2.0076,30
339,64,-0.3125,1.8633,-0.67188,-2.0076,23
339,64,-0.30664,1.8906,-0.45117,-1.673,19
339,64,-0.43945,1.9199,-0.375,-1.673,11
339,64,-0.18359,2.9414,-0.13086,-1.673,18
339,64,-0.2793,2.9707,-0.15625,-1.673,20
339,64,-0.3125,1.8711,-0.64648,-1.3384,16
339,64,-0.31836,1.9434,-0.54297,-1.3384,26
339,64,-0.25977,2.002,-0.50391,-1.3384,26
339,64,-0.33008,2.0156,-0.56445,-1.3384,15
339,64,-0.27734,2.9355,0.12305,-1.3384,17
339,64,-0.2793,2.9727,0.15039,-1.3384,20
339,64,-0.25,1.9492,-0.40039,-1.0038,17
339,64,-0.25586,1.9883,-0.39258,-1.0038,33
339,64,-0.32422,2.0156,-0.40039,-1.0038,34
339,64,-0.33008,2.0273,-0.52148,-1.0038,18
339,64,-0.25586,2.0156,-0.20898,-0.66921,16
339,64,-0.25977,2.0488,-0.26172,-0.66921,21
339,64,-0.26563,2.0918,-0.2168,-0.66921,19
339,64,-0.20313,2.1367,-0.21094,-0.66921,28
339,64,-0.20508,2.1738,-0.20703,-0.66921,34
339,64,-0.20898,2.1855,-0.40234,-0.66921,21
339,64,-0.091797,2.916,0.43945,-0.66921,15
339,64,-0.1875,2.9609,0.36133,-0.66921,24
339,64,-0.18945,3.0059,0.30469,-0.66921,18
339,64,-0.25977,2.0605,-0.11914,-0.33461,12
339,64,-0.13281,2.1094,-0.14844,-0.33461,28
339,64,-0.13477,2.1504,-0.11133,-0.33461,57
339,64,-0.13672,2.1875,-0.10352,-0.33461,76
339,64,-0.2793,2.2051,-0.20898,-0.33461,47
339,64,0.21289,2.2539,-0.17773,-0.33461,17
339,64,0,2.2773,-0.37305,-0.33461,21
339,64,-0.27734,2.8242,0.80859,-0.33461,21
339,64,-0.2793,2.9141,0.60352,-0.33461,32
339,64,-0.2832,2.9746,0.48047,-0.33461,23
340,35,-0.20898,2.2148,-0.17578,0,16
340,35,-0.2832,2.2461,-0.17188,0,20
340,35,-0.28906,2.2813,-0.19922,0,24
340,35,-0.2207,2.332,-0.13672,0,20
340,35,-0.37305,2.2891,-0.55078,0,10
340,35,-0.066406,2.1035,-0.25,0.33461,28
340,35,-0.13477,2.1055,-0.44922,0.33461,35
340,35,0,2.1543,0.41406,0.33461,32
340,35,0,2.2324,0.029297,0.33461,24
340,35,-0.14258,2.2656,0.056641,0.33461,26
340,35,-0.28906,2.2871,-0.10938,0.33461,19
340,35,0,2.1191,0,0.66921,11
340,35,-0.13477,2.1152,-0.39648,0.66921,15
340,35,-0.61328,2.5859,-0.87891,-2.3422,11
340,35,-0.78711,2.5195,-0.93359,-2.0076,11
340,35,-0.38867,1.6621,-0.50195,-1.673,11
340,35,-0.39648,1.7109,-0.46094,-1.673,11
340,35,-0.38867,1.6973,-0.35742,-1.3384,16
340,35,-0.33984,1.7559,-0.31836,-1.3384,19
340,35,-0.34766,1.7793,-0.38281,-1.3384,14
340,35,-0.33984,1.7656,-0.25391,-1.0038,14
340,35,-0.36133,1.8887,-0.16211,-0.66921,22
340,35,-0.36914,1.9238,-0.1875,-0.66921,29
340,35,-0.375,1.959,-0.20117,-0.66921,21
340,35,-0.14648,2.3203,-0.30859,-0.66921,14
340,35,-0.42188,1.8809,-0.076172,-0.33461,13
340,35,-0.36914,1.9316,-0.039063,-0.33461,20
340,35,-0.3125,1.9766,-0.10938,-0.33461,19
340,35,-0.44727,1.9922,0.041016,-0.33461,12
340,35,0,2.0664,-0.46875,-0.33461,17
340,35,-0.28906,2.2793,-0.2168,-0.33461,26
340,35,-0.2207,2.3262,-0.21484,-0.33461,28
340,35,-0.22266,2.3457,-0.35938,-0.33461,16
340,35,0.34961,2.0859,1.834,-2.0076,6
340,35,-1.0996,0,-2.1992,-0.66921,8
341,26,-0.36133,1.8945,0.0625,0,11
341,26,-0.070313,2.2266,-0.1543,0,24
341,26,-0.14453,2.3008,0.085938,0,22
341,26,-0.14648,2.3398,0.082031,0,26
341,26,-0.14844,2.3789,0.025391,0,25
341,26,-0.22656,2.4082,0.11719,0,21
341,26,-0.13672,2.1855,0.14063,0.33461,45
341,26,-0.070313,2.2305,0.070313,0.33461,81
341,26,-0.14258,2.2656,0.035156,0.33461,62
341,26,-0.13867,2.2109,0.2793,0.66921,27
341,26,-0.14453,2.2969,-0.17578,-0.66921,14
341,26,-0.14648,2.3242,-0.27344,-0.66921,22
341,26,-0.14844,2.3672,-0.22852,-0.66921,19
341,26,-0.22656,2.4043,-0.16211,-0.66921,15
341,26,-0.38867,1.7344,-0.046875,-0.33461,11
341,26,-0.36133,1.8945,-0.066406,-0.33461,24
341,26,-0.13867,2.2246,-0.12695,-0.33461,42
341,26,-0.14258,2.2441,-0.30664,-0.33461,45
341,26,-0.14453,2.3027,-0.0078125,-0.33461,31
341,26,-0.14648,2.3398,-0.097656,-0.33461,53
341,26,-0.14844,2.377,-0.097656,-0.33461,50
341,26,-0.15039,2.416,-0.021484,-0.33461,41
341,26,-0.23047,2.4473,-0.042969,-0.33461,24
341,26,-1.0098,0,2.2031,-0.66921,10
341,26,-1.0098,0,-2.2227,-0.33461,22
341,26,-0.95313,0,-2.3164,-0.33461,28
342,40,-0.35547,1.8555,0.082031,0,11
342,40,-0.30078,1.9063,-0.017578,0,32
342,40,-0.36914,1.9316,-0.058594,0,42
342,40,-0.3125,1.9785,-0.10156,0,25
342,40,-0.13086,2.0703,-0.17578,0,17
342,40,-0.56836,2.1973,0.080078,0,13
342,40,-0.35547,1.8516,0.16211,0.33461,16
342,40,-0.36133,1.8945,0.078125,0.33461,66
342,40,-0.36914,1.9316,0.048828,0.33461,96
342,40,-0.375,1.9688,0.0058594,0.33461,59
342,40,0,2.1094,-0.20898,0.33461,55
342,40,0,2.1484,-0.17578,0.33461,81
342,40,0,2.1836,-0.22266,0.33461,63
342,40,-0.54297,5.7402,0.51367,0.33461,34
342,40,-0.54688,5.7949,0.23828,0.33461,43
342,40,-0.36133,1.8848,0.19531,0.66921,54
342,40,-0.42969,1.9141,0.15625,0.66921,84
342,40,-0.375,1.9648,0.14063,0.66921,56
342,40,0,2.1563,-0.013672,0.66921,30
342,40,-0.72852,5.7637,0.44336,0.66921,16
342,40,-0.38086,1.6816,0.23047,1.0038,26
342,40,-0.44531,1.7129,0.18164,1.0038,29
342,40,-0.45313,1.7539,0.12695,1.0038,19
342,40,-0.43555,1.6484,0.35352,1.3384,20
342,40,-0.44531,1.6973,0.2832,1.3384,22
342,40,0,2.0273,-0.4668,-0.66921,17
342,40,0,2.043,-0.56445,-0.66921,30
342,40,0.068359,2.0664,-0.60938,-0.66921,32
342,40,0.068359,2.1133,-0.58984,-0.66921,21
342,40,0,2.0156,-0.32813,-0.33461,14
342,40,0,2.043,-0.39453,-0.33461,46
342,40,0,2.0723,-0.43945,-0.33461,83
342,40,0.068359,2.1055,-0.46484,-0.33461,94
342,40,0,2.1426,-0.47656,-0.33461,62
342,40,0,2.1621,-0.55859,-0.33461,23
342,40,-3.7832,0,-0.75781,-0.33461,16
342,40,-3.8203,0,-0.71484,-0.33461,18
342,40,-0.36328,5.75,-0.87109,-0.33461,29
342,40,0.49609,0.45313,2.168,0,8
342,40,-2.5488,0,5.6797,0.33461,22
343,47,0,2.0469,-0.375,0,9
343,47,-0.13281,2.0957,-0.2832,0,17
343,47,0,2.1406,-0.25781,0,13
343,47,-0.2832,2.25,-0.089844,0,9
343,47,-0.36914,1.9316,0.0039063,0.33461,10
343,47,-0.3125,1.9805,0.056641,0.33461,20
343,47,-0.31836,2.0176,0.070313,0.33461,19
343,47,-0.13086,2.0684,-0.17969,0.33461,23
343,47,-0.066406,2.1152,-0.095703,0.33461,42
343,47,0,2.1523,-0.14063,0.33461,39
343,47,-0.13867,2.207,0.30469,0.33461,31
343,47,-0.14258,2.2637,0.085938,0.33461,33
343,47,-0.43359,2.2656,-0.083984,0.33461,16
343,47,-0.87891,1.418,-1.6484,0.33461,14
343,47,6.709,4.4121,3.0449,0.33461,20
343,47,-1.8867,8.3027,-1.3887,0.33461,16
343,47,-0.30664,1.9375,0.15039,0.66921,31
343,47,-0.3125,1.9727,0.17969,0.66921,52
343,47,-0.31836,2.0098,0.18359,0.66921,41
343,47,-0.19531,2.0625,0.19141,0.66921,20
343,47,-0.13281,2.1113,0.11914,0.66921,27
343,47,-0.13477,2.1504,0.082031,0.66921,24
343,47,6.4688,4.3066,3.7441,0.66921,11
343,47,-0.35547,1.8145,0.4043,1.0038,33
343,47,-0.36133,1.8594,0.36719,1.0038,37
343,47,-0.36914,1.9063,0.3125,1.0038,21
343,47,-0.3125,1.959,0.29102,1.0038,34
343,47,-0.31836,1.998,0.2832,1.0038,25
343,47,-0.40625,1.7305,0.52539,1.3384,19
343,47,-0.35547,1.7773,0.54102,1.3384,51
343,47,-0.36133,1.834,0.47461,1.3384,59
343,47,-0.36914,1.8828,0.43555,1.3384,31
343,47,-0.42578,1.8594,1.9453,1.3384,15
343,47,-0.51758,1.9746,1.8613,1.3384,18
343,47,-0.41406,1.7363,0.62695,1.673,25
343,47,-0.36133,1.7773,0.6582,1.673,28
343,47,-0.42969,1.8223,0.60547,1.673,14
343,47,-0.51172,1.7031,2.0625,1.673,14
343,47,-0.43164,1.9395,1.918,1.673,16
343,47,0.13477,2.1484,-0.125,-0.33461,24
343,47,0,2.1836,-0.22461,-0.33461,25
343,47,-0.13867,2.2266,0.097656,-0.33461,20
343,47,0,2.2617,-0.18555,-0.33461,20
343,47,0.2207,1.1152,2.0508,0.33461,10
343,47,-1.6094,8.4063,-0.70313,0.33461,17
343,47,6.1992,5.373,2.666,0.33461,14
343,47,-2.1563,8.3008,-0.93164,0.66921,11
344,56,-0.3125,1.9746,0.14063,0,15
344,56,-0.31836,2.0078,0.19727,0,18
344,56,-0.32422,2.0547,0.078125,0,11
344,56,-0.20313,2.1445,0.082031,0,9
344,56,-0.13672,2.1895,-0.019531,0,13
344,56,0,4.2031,0.78125,0,14
344,56,0,4.1914,1.0195,0,10
344,56,-0.25586,2.0098,0.26367,0.33461,12
344,56,-0.32422,2.0098,0.43359,0.33461,14
344,56,-0.33008,2.043,0.44922,0.33461,10
344,56,0.068359,2.1543,-0.041016,0.33461,15
344,56,0.13672,2.1895,-0.046875,0.33461,18
344,56,0.070313,2.2305,0.078125,0.33461,24
344,56,0.070313,2.2676,0.052734,0.33461,31
344,56,-0.072266,2.3047,0.11719,0.33461,27
344,56,-0.14648,2.3203,0.30859,0.33461,25
344,56,-0.22266,2.3652,0.19531,0.33461,22
344,56,-0.13281,4.1621,0.9707,0.33461,26
344,56,-0.13477,4.1992,0.97461,0.33461,21
344,56,-0.36914,1.8574,0.53711,0.66921,14
344,56,-0.3125,1.9395,0.40039,0.66921,45
344,56,-0.31836,1.9824,0.37695,0.66921,69
344,56,-0.32422,2.0234,0.35938,0.66921,58
344,56,-0.33008,2.0605,0.36914,0.66921,27
344,56,-0.30664,1.8535,0.58398,1.0038,42
344,56,-0.3125,1.9043,0.54102,1.0038,133
344,56,-0.31836,1.9473,0.52539,1.0038,185
344,56,-0.32422,1.9883,0.51758,1.0038,123
344,56,-0.33008,2.0332,0.49805,1.0038,37
344,56,-0.35547,1.1992,2.5469,1.0038,27
344,56,-0.26953,1.7344,2.2773,1.0038,38
344,56,-0.36328,2.1895,1.8867,1.0038,25
344,56,-0.30664,1.8125,0.70313,1.3384,33
344,56,-0.3125,1.8633,0.67188,1.3384,114
344,56,-0.31836,1.9063,0.66211,1.3384,162
344,56,-0.32422,1.9473,0.6582,1.3384,103
344,56,-0.33008,1.9785,0.68359,1.3384,26
344,56,-0.375,1.7813,0.83984,1.673,26
344,56,-0.31836,1.8438,0.82031,1.673,43
344,56,-0.39063,1.8906,0.77734,1.673,29
344,56,0,2.1367,-0.50195,-0.66921,11
344,56,0.14258,2.2188,-0.46094,-0.66921,13
344,56,0.072266,2.2754,-0.37891,-0.66921,13
344,56,0,1.998,-0.70703,-0.33461,6
344,56,0,2.1387,-0.2832,-0.33461,26
344,56,0.068359,2.1738,-0.28906,-0.33461,33
344,56,0.13867,2.2207,-0.17773,-0.33461,32
344,56,0.070313,2.252,-0.2793,-0.33461,41
344,56,0,2.3008,-0.18555,-0.33461,38
344,56,0,2.3457,-0.0019531,-0.33461,30
344,56,-0.14844,2.3789,-0.015625,-0.33461,16
344,56,-3.8203,0,-0.89844,-0.33461,16
344,56,-0.87695,0,-2.1094,0,5
344,56,-1.752,2.1699,-3.2891,0,6
344,56,-0.92773,1.3691,1.3242,-0.33461,4
344,56,0.23828,3.752,-0.67773,-0.33461,9
345,36,-0.33789,2.1055,0.31836,0,8
345,36,-0.27344,2.1465,0.36523,0,10
345,36,0,2.0703,-0.20313,0.33461,26
345,36,0,2.1113,-0.18164,0.33461,40
345,36,0,2.1563,0.044922,0.33461,31
345,36,0.068359,2.123,0.55078,0.33461,17
345,36,0.20898,2.2207,0.089844,0.33461,16
345,36,0.14258,2.2637,-0.078125,0.33461,36
345,36,0.072266,2.3047,-0.10547,0.33461,32
345,36,-0.32422,1.8574,0.87891,0.66921,11
345,36,0,2.0781,-0.4082,0.66921,9
345,36,-0.33789,2.1113,0.28711,0.66921,38
345,36,-0.27344,2.1465,0.36523,0.66921,34
345,36,3.4414,0.93164,0.87305,0.66921,16
345,36,-0.19531,1.9785,0.61719,1.0038,31
345,36,-0.26563,1.9883,0.68164,1.0038,37
345,36,-0.20313,1.9668,0.86133,1.0038,22
345,36,3.3262,1.0898,1.1035,1.0038,17
345,36,-0.32422,1.9609,0.61328,1.3384,17
345,36,-0.26563,1.9746,0.7207,1.3384,36
345,36,-0.26953,2.0039,0.75195,1.3384,42
345,36,-0.20508,2.0195,0.83594,1.3384,23
345,36,0,1.9961,-0.70898,-0.66921,15
345,36,0.13477,2.0859,-0.52734,-0.66921,13
345,36,0.21289,2.1816,-0.58594,-0.66921,14
345,36,0,2.0039,-0.56055,-0.33461,31
345,36,0.066406,2.0469,-0.54102,-0.33461,47
345,36,0.13477,2.1367,-0.25195,-0.33461,37
345,36,0.13672,2.1836,0.1582,-0.33461,23
345,36,0.2793,2.1973,-0.2793,-0.33461,21
345,36,0.21289,2.2324,-0.35742,-0.33461,43
345,36,0.14453,2.2676,-0.40234,-0.33461,37
345,36,-3.666,0.67383,-0.6543,-0.33461,17
345,36,-3.7012,0.34766,-0.88281,-0.33461,14
345,36,-1.377,1.3379,-3.1289,0.66921,11
345,36,3.5547,0,1.2266,1.0038,17
346,38,0,2.1543,0.085938,0,10
346,38,-0.34375,2.166,0.060547,0,9
346,38,-0.20898,2.2207,0.068359,0,39
346,38,-0.21289,2.2598,0.035156,0,37
346,38,-0.14453,2.2969,-0.16992,0,13
346,38,0,2.0527,-0.3457,0.33461,12
346,38,0,2.1035,-0.25195,0.33461,23
346,38,0.13477,2.1504,-0.09375,0.33461,27
346,38,-0.13672,2.1191,0.55469,0.33461,31
346,38,-0.13867,2.1875,0.42188,0.33461,63
346,38,-0.35547,2.2383,0.13477,0.33461,36
346,38,0,3.7031,0.17969,0.33461,13
346,38,3.3945,1.5762,0.14258,0.33461,14
346,38,-0.4043,1.627,1.3574,0.66921,20
346,38,-0.27344,2.0273,0.79102,0.66921,63
346,38,-0.2793,2.1074,0.68164,0.66921,69
346,38,-0.21289,2.1777,0.60156,0.66921,27
346,38,3.2441,1.6777,0.63867,0.66921,16
346,38,3.3945,1.4082,0.72266,0.66921,18
346,38,-0.33789,2.0723,0.49609,1.0038,21
346,38,-0.27344,2.0957,0.5918,1.0038,42
346,38,-0.2793,2.1309,0.60547,1.0038,40
346,38,-0.35547,2.1777,0.53711,1.0038,16
346,38,0,2.1094,-0.44922,-0.66921,13
346,38,0,2.1777,-0.27344,-0.66921,10
346,38,0,1.9883,-0.61523,-0.33461,13
346,38,0.066406,2.0762,-0.41992,-0.33461,27
346,38,0.068359,2.1406,-0.25586,-0.33461,40
346,38,0,2.1934,-0.070313,-0.33461,32
346,38,0.14258,2.252,-0.24805,-0.33461,37
346,38,0.072266,2.291,-0.26367,-0.33461,32
346,38,-1.0977,0,2.0957,0,6
346,38,-0.67383,0.2168,2.0371,0.33461,14
346,38,-1.0645,0.11328,-2.002,0.33461,19
346,38,3.3594,1.5332,0.32227,0.33461,13
346,38,-1.4043,0.35938,3.4531,0.33461,13
346,38,0,3.7012,0.20898,0.66921,15
346,38,-1.5215,0,3.4297,0.66921,14
347,35,-0.2793,2.1953,0.28711,0,72
347,35,-0.21289,2.2422,0.28906,0,133
347,35,-0.2168,2.2832,0.26563,0,95
347,35,-0.2207,2.3223,0.24023,0,22
347,35,3.666,0.88086,0.32227,0,13
347,35,3.582,1.2891,0.32617,0,15
347,35,0,2.0762,-0.15039,0.33461,31
347,35,0,2.1113,-0.17188,0.33461,53
347,35,0,2.1504,-0.1543,0.33461,50
347,35,0,2.1934,-0.080078,0.33461,35
347,35,-0.20898,2.1855,0.40234,0.33461,156
347,35,-0.21289,2.2266,0.38477,0.33461,291
347,35,-0.2168,2.2695,0.35547,0.33461,211
347,35,-0.14648,2.3203,0.30664,0.33461,58
347,35,3.666,0.87109,0.34961,0.33461,31
347,35,3.7012,0.84961,0.42188,0.33461,33
347,35,0,2.1191,0,0.66921,17
347,35,0,2.1543,-0.09375,0.66921,16
347,35,-0.20898,2.1426,0.58984,0.66921,105
347,35,-0.21289,2.1855,0.57422,0.66921,189
347,35,-0.2168,2.2324,0.54688,0.66921,141
347,35,-0.2207,2.2832,0.48828,0.66921,45
347,35,-0.34961,1.998,0.92969,1.0038,14
347,35,-0.35547,2.0898,0.81055,1.0038,24
347,35,-0.36133,2.1367,0.79297,1.0038,21
347,35,0.13281,2.043,-0.54883,-0.66921,21
347,35,0.13477,2.084,-0.54102,-0.66921,19
347,35,0.064453,2.0449,-0.38477,-0.33461,39
347,35,0.066406,2.0781,-0.41016,-0.33461,65
347,35,0.068359,2.1133,-0.42383,-0.33461,57
347,35,0.068359,2.1563,-0.40234,-0.33461,25
347,35,0,2.2637,-0.16211,-0.33461,24
347,35,0,2.2988,-0.20703,-0.33461,24
347,35,-1.1816,0,-3.752,0,10
347,35,-1.4336,0,-3.7949,0,9
348,18,-0.20898,2.2129,0.21484,0,33
348,18,-0.14258,2.2578,0.18555,0,50
348,18,-0.2168,2.291,0.17188,0,27
348,18,0,2.1563,-0.039063,0.33461,14
348,18,-0.068359,2.1855,0.18164,0.33461,21
348,18,-0.20898,2.2031,0.29297,0.33461,82
348,18,-0.21289,2.2383,0.31055,0.33461,133
348,18,-0.2168,2.2813,0.28125,0.33461,79
348,18,-0.20898,2.1816,0.42188,0.66921,29
348,18,-0.21289,2.2188,0.43359,0.66921,47
348,18,-0.28906,2.2578,0.38477,0.66921,25
348,18,-0.21289,2.252,-0.19336,-0.66921,14
348,18,0,2.0859,-0.36914,-0.33461,13
348,18,0.068359,2.123,-0.375,-0.33461,15
348,18,0,2.1758,-0.28711,-0.33461,12
348,18,-0.20898,2.2207,-0.10156,-0.33461,27
348,18,-0.21289,2.2598,-0.035156,-0.33461,48
348,18,-0.2168,2.2969,0.0078125,-0.33461,35
349,5,-0.13867,2.207,0.30469,0.33461,18
349,5,-0.21289,2.2305,0.36719,0.33461,22
349,5,-0.28906,2.2266,0.53711,0.33461,15
349,5,0,2.2324,0.0058594,-0.33461,14
349,5,-0.21289,2.2539,0.16211,-0.33461,18
350,9,0,2.1191,0,0.33461,13
350,9,0,2.1543,-0.09375,0.33461,23
350,9,0,2.1934,-0.082031,0.33461,24
350,9,0.070313,2.2305,0.03125,0.33461,19
350,9,0.066406,2.0898,-0.33789,-0.33461,13
350,9,0.068359,2.1191,-0.39453,-0.33461,22
350,9,0.068359,2.1777,-0.26367,-0.33461,23
350,9,0.070313,2.2188,-0.22852,-0.33461,17
350,9,-0.2168,2.2695,0.35742,-0.33461,11
351,7,0,2.1172,0.087891,0.33461,17
351,7,0.068359,2.1543,-0.070313,0.33461,25
351,7,0,2.1934,-0.015625,0.33461,16
351,7,0.066406,2.1074,-0.20313,-0.33461,16
351,7,0.068359,2.1328,-0.31055,-0.33461,23
351,7,0,2.1875,-0.17383,-0.33461,15
351,7,-0.14258,2.2637,-0.078125,-0.33461,13
352,6,0,2.1055,0.23828,0.33461,10
352,6,0.068359,2.1543,-0.037109,0.33461,17
352,6,0.068359,2.1875,-0.1543,0.33461,10
352,6,-0.72852,5.7813,0.023438,0.33461,15
352,6,0.068359,2.1406,-0.25391,-0.33461,14
352,6,-0.54688,5.75,-0.76172,-0.33461,17
378,1,0,2.2148,-0.27539,-0.33461,9
379,8,0,2.1426,0.24219,0.33461,10
379,8,-0.34375,2.1387,-0.35156,0.33461,11
379,8,-0.2793,2.207,-0.17773,0.33461,17
379,8,-0.2832,2.2461,-0.16211,0.33461,12
379,8,0,2.1484,-0.18945,-0.33461,10
379,8,-0.13672,2.1445,-0.44531,-0.33461,13
379,8,-0.2793,2.1641,-0.4668,-0.33461,19
379,8,-0.2832,2.2129,-0.41797,-0.33461,14
380,19,-0.20508,2.1719,-0.24023,0,10
380,19,-0.20898,2.2129,-0.20898,0,13
380,19,-0.2832,2.2363,-0.26172,0,9
380,19,-0.20313,2.1309,-0.26953,0.33461,13
380,19,-0.20508,2.1738,-0.21289,0.33461,42
380,19,-0.20898,2.2148,-0.18555,0.33461,59
380,19,-0.21289,2.248,-0.23438,0.33461,42
380,19,-0.36133,2.2656,-0.24609,0.33461,16
380,19,-0.27344,2.1777,0.0097656,0.66921,13
380,19,-0.2793,2.2148,-0.021484,0.66921,19
380,19,-0.2832,2.252,-0.037109,0.66921,14
380,19,-0.20508,2.0918,-0.63086,-0.66921,18
380,19,-0.20898,2.1426,-0.5918,-0.66921,25
380,19,-0.14258,2.1699,-0.6543,-0.66921,18
380,19,-0.20313,2.0898,-0.49023,-0.33461,18
380,19,-0.20508,2.1367,-0.45313,-0.33461,56
380,19,-0.20898,2.1797,-0.4375,-0.33461,79
380,19,-0.21289,2.2051,-0.49609,-0.33461,56
380,19,-0.2168,2.2324,-0.54688,-0.33461,22
381,15,-0.34375,2.1621,-0.16406,0,10
381,15,-0.21289,2.2227,-0.4082,0,15
381,15,-0.2168,2.2559,-0.43359,0,10
381,15,0,2.1133,-0.14844,0.33461,9
381,15,-0.34375,2.084,-0.59375,0.33461,15
381,15,0,2.2168,-0.26563,0.33461,16
381,15,-0.070313,2.2598,-0.19336,0.33461,30
381,15,0,2.293,-0.25977,0.33461,21
381,15,0,2.1699,-0.66406,-0.66921,18
381,15,0,2.1738,-0.77344,-0.66921,13
381,15,-0.4043,2.0645,-0.4707,-0.33461,17
381,15,-0.34375,2.1387,-0.35156,-0.33461,30
381,15,0,2.2012,-0.36523,-0.33461,25
381,15,0,2.2148,-0.5,-0.33461,53
381,15,0,2.2305,-0.5918,-0.33461,36
382,54,-0.19531,2.0313,-0.41016,0,11
382,54,-0.19922,2.0684,-0.41602,0,74
382,54,-0.20313,2.1191,-0.34961,0,220
382,54,-0.20508,2.1621,-0.31836,0,311
382,54,-0.20898,2.1992,-0.31836,0,223
382,54,-0.14258,2.2363,-0.36328,0,77
382,54,-0.14453,2.2715,-0.37891,0,15
382,54,3.5918,0.56055,-0.72852,0,20
382,54,3.6289,0.46484,-0.80469,0,32
382,54,3.666,0.2832,-0.89453,0,23
382,54,-0.13281,2.1133,-0.050781,0.33461,15
382,54,-0.13477,2.1523,-0.015625,0.33461,45
382,54,-0.20508,2.1836,0.023438,0.33461,80
382,54,-0.13867,2.2285,-0.019531,0.33461,82
382,54,-0.14258,2.2656,-0.037109,0.33461,44
382,54,0,2.3027,-0.1543,0.33461,14
382,54,-3.7832,0,-0.19922,0.33461,20
382,54,3.7012,0.90039,-0.29492,0.33461,19
382,54,-0.20313,2.1406,0.16016,0.66921,15
382,54,-0.20508,2.1797,0.13477,0.66921,30
382,54,-0.20898,2.2227,0.027344,0.66921,30
382,54,-0.14258,2.2656,-0.064453,0.66921,18
382,54,-0.20313,1.9512,-0.89648,-1.0038,22
382,54,-0.13672,2.0332,-0.81641,-1.0038,21
382,54,-0.19531,1.9043,-0.81641,-0.66921,14
382,54,-0.13281,1.9902,-0.7168,-0.66921,90
382,54,-0.13477,2.0508,-0.65234,-0.66921,241
382,54,-0.13672,2.0996,-0.62305,-0.66921,318
382,54,-0.13867,2.1426,-0.60938,-0.66921,222
382,54,-0.14258,2.1738,-0.63477,-0.66921,78
382,54,3.5918,0,-1.2246,-0.66921,19
382,54,3.6289,0,-1.3789,-0.66921,32
382,54,3.666,0,-1.4102,-0.66921,24
382,54,-0.19531,2,-0.54297,-0.33461,22
382,54,-0.13281,2.0469,-0.53125,-0.33461,145
382,54,-0.13477,2.0996,-0.46875,-0.33461,421
382,54,-0.13672,2.1465,-0.43555,-0.33461,605
382,54,-0.13867,2.1855,-0.43555,-0.33461,460
382,54,-0.14258,2.2188,-0.45508,-0.33461,177
382,54,0,2.2578,-0.47852,-0.33461,35
382,54,3.5918,0,-0.97461,-0.33461,38
382,54,3.6289,0,-1.0879,-0.33461,63
382,54,3.666,0,-1.0977,-0.33461,48
382,54,3.7012,0,-0.96875,-0.33461,26
382,54,-2.3086,0,-0.33008,0,8
382,54,-2.5488,0,2.7852,0,11
382,54,-2.5742,0,2.7852,0,18
382,54,-2.6016,0,2.752,0,12
382,54,-2.3164,1.5547,2.4414,-0.66921,11
382,54,-2.459,1.334,2.4902,-0.66921,17
382,54,-0.9375,1.1484,1.7695,-0.33461,19
382,54,-2.4336,0.60547,2.7305,-0.33461,21
382,54,-2.459,0.84375,2.6973,-0.33461,34
382,54,-2.4824,0.53906,2.8027,-0.33461,26
383,62,-0.19531,2.0078,-0.50977,0,9
383,62,-0.20313,2.1465,0.021484,0,50
383,62,-0.20508,2.1816,-0.11328,0,71
383,62,-0.20898,2.2129,-0.20703,0,40
383,62,-0.2832,3.002,0.26758,0,11
383,62,-0.38281,3.0332,0.2168,0,10
383,62,3.5918,0.80664,-0.44141,0,16
383,62,0,2.0605,-0.28711,0.33461,23
383,62,0,2.1074,-0.20898,0.33461,49
383,62,0,2.1563,-0.066406,0.33461,61
383,62,0,2.1895,0.1582,0.33461,44
383,62,0,2.1973,0.39453,0.33461,25
383,62,0.14258,2.2637,0.091797,0.33461,31
383,62,0.14453,2.3008,-0.10938,0.33461,18
383,62,3.666,0.92578,-0.15625,0.33461,22
383,62,-3.8203,0,-0.26563,0.33461,21
383,62,0,2.1172,-0.066406,0.66921,16
383,62,0,2.1563,0.048828,0.66921,21
383,62,0,2.1836,0.21875,0.66921,14
383,62,-0.25977,1.9023,-0.80273,-1.3384,23
383,62,-0.19922,1.9395,-0.83008,-1.3384,26
383,62,-0.20313,1.9531,-0.89063,-1.3384,16
383,62,-0.19141,1.9414,-0.60938,-1.0038,21
383,62,-0.19531,1.9844,-0.5957,-1.0038,52
383,62,-0.19922,2.0215,-0.60352,-1.0038,73
383,62,-0.20313,2.0488,-0.64258,-1.0038,61
383,62,-0.20508,2.0293,-0.80664,-1.0038,24
383,62,3.5547,0,-1.3125,-1.0038,23
383,62,3.5918,0,-1.3672,-1.0038,31
383,62,3.6289,0,-1.4785,-1.0038,18
383,62,-0.19141,1.998,-0.38281,-0.66921,16
383,62,-0.19531,2.0254,-0.43555,-0.66921,59
383,62,-0.19922,2.0605,-0.45117,-0.66921,131
383,62,-0.20313,2.0938,-0.47656,-0.66921,141
383,62,-0.20508,2.123,-0.51758,-0.66921,81
383,62,-0.2793,2.1582,-0.49805,-0.66921,36
383,62,-0.2832,3.0117,-0.083984,-0.66921,16
383,62,-3.6699,0,-1.0898,-0.66921,34
383,62,3.5918,0,-1.1016,-0.66921,45
383,62,3.6289,0,-1.0977,-0.66921,29
383,62,-0.13086,2.0547,-0.30469,-0.33461,35
383,62,-0.13281,2.0879,-0.33984,-0.33461,101
383,62,-0.13477,2.1211,-0.35938,-0.33461,142
383,62,-0.20508,2.1484,-0.39258,-0.33461,119
383,62,-0.2793,2.1836,-0.375,-0.33461,58
383,62,0.14258,2.209,-0.50391,-0.33461,38
383,62,0.14453,2.2559,-0.46484,-0.33461,21
383,62,-0.2832,3.0117,0.076172,-0.33461,21
383,62,-0.28711,3.0488,0.13672,-0.33461,19
383,62,3.5918,0.61328,-0.68555,-0.33461,33
383,62,-3.7832,0,-0.57617,-0.33461,28
383,62,-3.8203,0,-0.72266,-0.33461,32
383,62,-2.6641,0,3.1328,0,10
383,62,0.11914,3.7813,-0.027344,0.33461,13
383,62,0.11914,3.8027,-0.35742,0.33461,12
383,62,-2.293,1.7344,2.2793,-1.0038,12
383,62,-1.1465,2.0273,2.8359,-0.66921,23
383,62,-1.2754,1.7461,3.0117,-0.66921,27
383,62,-1.2871,1.5996,3.1328,-0.66921,17
383,62,-0.57617,0,-2.3086,-0.33461,12
383,62,-1.1582,0.80469,3.4297,-0.33461,20
383,62,-1.3008,1.2969,3.3066,-0.33461,15
384,53,-0.26563,2.0996,-0.095703,0,10
384,53,-0.34961,2.2012,-0.13867,0,8
384,53,0,2.207,-0.53516,0,10
384,53,0,2.2578,-0.48047,0,17
384,53,0,2.3047,-0.43164,0,11
384,53,-0.27734,2.4785,1.5781,0,11
384,53,-0.2793,2.5586,1.5195,0,14
384,53,0,2.0703,-0.21289,0.33461,16
384,53,0,2.1016,-0.26953,0.33461,30
384,53,-0.13477,2.1191,-0.37305,0.33461,28
384,53,-0.27344,2.0684,-0.67969,0.33461,27
384,53,-0.2793,2.1445,-0.55664,0.33461,36
384,53,0,2.2559,-0.25586,0.33461,49
384,53,0,2.2969,-0.21875,0.33461,54
384,53,0,2.334,-0.24023,0.33461,32
384,53,-0.2793,2.1895,-0.33594,0.66921,17
384,53,-0.070313,2.2617,-0.17969,0.66921,39
384,53,0,2.2949,-0.23828,0.66921,46
384,53,0,2.3242,-0.31445,0.66921,28
384,53,0,2.2754,-0.38281,1.0038,15
384,53,-0.24609,1.7246,-0.91406,-2.3422,13
384,53,-0.30078,1.7832,-0.67188,-2.0076,19
384,53,-0.30664,1.8184,-0.68359,-2.0076,29
384,53,-0.3125,1.8438,-0.72266,-2.0076,22
384,53,-0.25,1.8926,-0.61523,-1.673,14
384,53,-0.27734,2.918,-0.33594,-1.673,16
384,53,-0.1875,2.959,-0.37305,-1.673,16
384,53,-0.18164,1.8379,-0.55664,-1.3384,13
384,53,-0.18359,1.8711,-0.57617,-1.3384,29
384,53,-0.1875,1.9121,-0.57617,-1.3384,34
384,53,-0.25586,1.9297,-0.61914,-1.3384,26
384,53,-0.32422,1.957,-0.625,-1.3384,12
384,53,-0.18359,2.9453,-0.033203,-1.3384,28
384,53,-0.1875,2.9824,0.023438,-1.3384,30
384,53,-0.2832,3.0137,-0.046875,-1.3384,14
384,53,-0.24609,1.8926,-0.47852,-1.0038,15
384,53,-0.25,1.9414,-0.43555,-1.0038,32
384,53,-0.25586,1.9746,-0.45508,-1.0038,41
384,53,-0.25977,2.0137,-0.45898,-1.0038,28
384,53,-0.27734,2.9355,0.099609,-1.0038,18
384,53,-0.2793,2.9707,0.17969,-1.0038,21
384,53,-0.3125,1.9629,-0.26953,-0.66921,16
384,53,-0.25586,2.002,-0.31836,-0.66921,29
384,53,-0.25977,2.0273,-0.39453,-0.66921,22
384,53,0,2.0488,-0.36133,-0.33461,12
384,53,0,1.9941,-0.71484,-0.33461,18
384,53,-0.26953,1.7832,-1.1816,-0.33461,17
384,53,-0.27344,2.0273,-0.79297,-0.33461,33
384,53,-0.2793,2.125,-0.625,-0.33461,44
384,53,-0.21289,2.1211,-0.7832,-0.33461,26
384,53,0.2168,2.2949,-0.10938,-0.33461,12
384,53,-0.27734,2.6289,1.3125,-0.33461,20
384,53,-0.2793,2.6563,1.3418,-0.33461,25
385,53,0,2.1504,-0.1543,0,13
385,53,0,2.1934,0.068359,0,13
385,53,-0.20898,2.1816,-0.41797,0,11
385,53,-0.21289,2.1836,-0.58398,0,14
385,53,-0.2168,2.2813,-0.27148,0,13
385,53,-3.8086,3.877,4.0391,0,17
385,53,0,2.0781,-0.10938,0.33461,13
385,53,0,2.1133,-0.16016,0.33461,36
385,53,0,2.1504,0.16797,0.33461,54
385,53,0.068359,2.1172,0.57422,0.33461,57
385,53,0.20898,2.1035,0.71484,0.33461,31
385,53,-0.2832,2.2188,-0.38477,0.33461,32
385,53,-0.14453,2.3027,0.035156,0.33461,27
385,53,0,2.1387,0.2832,0.66921,18
385,53,0.068359,2.0781,0.70117,0.66921,18
385,53,-0.48828,1.8594,-1.1367,0.66921,12
385,53,-0.35547,2.2266,-0.27148,0.66921,15
385,53,-0.34961,2.7656,-0.25977,-2.0076,15
385,53,-0.33398,1.6934,-0.42773,-1.673,18
385,53,-0.2832,1.7148,-0.52344,-1.673,25
385,53,-0.28906,1.7559,-0.52148,-1.673,21
385,53,-0.27734,1.7207,-0.34766,-1.3384,20
385,53,-0.2832,1.752,-0.38281,-1.3384,42
385,53,-0.28906,1.7773,-0.43945,-1.3384,50
385,53,-0.23633,1.8047,-0.51758,-1.3384,31
385,53,-0.2832,1.7734,-0.26758,-1.0038,28
385,53,-0.28906,1.8027,-0.32031,-1.0038,39
385,53,-0.29492,1.834,-0.36133,-1.0038,31
385,53,-0.30078,1.8574,-0.42578,-1.0038,19
385,53,-0.30664,1.9121,-0.3418,-1.0038,18
385,53,-0.375,1.9453,-0.30469,-1.0038,16
385,53,-0.35547,1.8438,-0.23633,-0.66921,14
385,53,-0.30078,1.8906,-0.24609,-0.66921,23
385,53,-0.36914,1.9199,-0.22266,-0.66921,22
385,53,-0.3125,1.9707,-0.19141,-0.66921,15
385,53,-0.21289,2.168,-0.63672,-0.66921,15
385,53,0,2.2578,-0.47656,-0.66921,11
385,53,0,2.0664,-0.4668,-0.33461,28
385,53,0.068359,2.1387,-0.27344,-0.33461,38
385,53,0.13672,2.127,0.52148,-0.33461,38
385,53,-0.41797,1.793,-1.2598,-0.33461,30
385,53,-0.21289,2.2031,-0.50781,-0.33461,37
385,53,0,2.2832,-0.33984,-0.33461,27
385,53,0,2.3379,-0.18359,-0.33461,16
385,53,0,2.3789,-0.15039,-0.33461,10
385,53,-3.3867,5.125,2.8496,-0.33461,36
385,53,-0.21094,0.97852,6.6973,0,16
385,53,-0.55859,1.6074,-1.4453,0.33461,27
385,53,0.20898,2.1133,0.69141,0.66921,11
385,53,0.2793,1.9688,1.0156,-0.33461,22
385,53,-0.87891,0,-2.1816,-0.33461,9
385,53,-0.96875,0,-2.3223,-0.33461,7
385,53,-2.9629,5.6563,2.2559,-0.33461,36
386,41,-0.41602,1.6113,0.037109,0,11
386,41,-0.37305,1.6602,0.041016,0,19
386,41,-0.38086,1.6973,0,0,16
386,41,-0.20508,2.1641,-0.30078,0,42
386,41,-0.13867,2.2148,-0.24609,0,57
386,41,-0.14258,2.2441,-0.30469,0,36
386,41,-0.36133,2.25,-0.36914,0,10
386,41,-0.26953,2.1289,-0.21289,0.33461,37
386,41,-0.20508,2.1797,-0.14063,0.33461,93
386,41,-0.20898,2.2148,-0.17383,0.33461,117
386,41,-0.21289,2.2422,-0.2832,0.33461,69
386,41,-0.14453,2.2813,-0.31445,0.33461,22
386,41,-0.72266,5.7422,-0.072266,0.33461,43
386,41,-0.54688,5.7988,-0.12109,0.33461,55
386,41,-0.54883,5.8359,-0.16211,0.33461,33
386,41,7.7148,3.5723,-0.43945,0.33461,12
386,41,7.748,3.5586,-0.63086,0.33461,13
386,41,-0.33789,2.1289,0.082031,0.66921,22
386,41,-0.27344,2.1777,0.019531,0.66921,49
386,41,-0.2793,2.2148,-0.033203,0.66921,56
386,41,-0.21289,2.2578,-0.10352,0.66921,32
386,41,-0.72852,5.7734,0.27344,0.66921,19
386,41,-0.36328,1.6211,-0.10547,-0.66921,13
386,41,-0.37305,1.6504,-0.19141,-0.66921,21
386,41,-0.32617,1.6934,-0.23242,-0.66921,18
386,41,-0.36328,1.625,-0.025391,-0.33461,21
386,41,-0.37305,1.6602,-0.042969,-0.33461,34
386,41,-0.38086,1.6953,-0.10156,-0.33461,29
386,41,-0.38867,1.7266,-0.16992,-0.33461,11
386,41,-0.41797,2.0996,-0.63281,-0.33461,22
386,41,-0.35547,2.1074,-0.76758,-0.33461,18
386,41,-0.36133,2.1758,-0.68164,-0.33461,18
386,41,-0.36719,2.2324,-0.61914,-0.33461,14
386,41,-0.44727,4.6836,0.76758,-0.33461,25
386,41,-0.54297,5.7383,-0.5293,-0.33461,32
386,41,-0.54688,5.7734,-0.56055,-0.33461,47
386,41,-0.36719,5.8457,-0.27734,-0.33461,30
386,41,4.5215,0,8.1719,0.33461,7
386,41,-1.6035,8.2441,-1.6055,0.33461,8
386,41,0.34961,0.89648,-2.0137,-0.33461,13
386,41,0.43359,0.48242,-2.2148,-0.33461,10
387,44,0,2.1074,-0.22266,0,38
387,44,0,2.1543,-0.11719,0,54
387,44,-0.068359,2.1934,-0.056641,0,85
387,44,-0.070313,2.2305,-0.039063,0,112
387,44,-0.14258,2.2637,-0.080078,0,95
387,44,-0.14453,2.2969,-0.16211,0,41
387,44,-0.33398,1.7441,0.083984,0.33461,13
387,44,-0.35547,1.8574,-0.0039063,0.33461,14
387,44,-0.42188,1.8809,0.082031,0.33461,16
387,44,0,2.1133,-0.15039,0.33461,74
387,44,0,2.1504,-0.15234,0.33461,90
387,44,-0.27344,2.1523,0.33398,0.33461,59
387,44,-0.20898,2.2188,0.13672,0.33461,181
387,44,-0.14258,2.2656,0.058594,0.33461,181
387,44,-0.14453,2.3027,-0.039063,0.33461,81
387,44,-0.72266,5.7383,0.22852,0.33461,31
387,44,-0.72852,5.7793,0.12109,0.33461,47
387,44,-0.73242,5.8164,-0.11719,0.33461,34
387,44,-3.1738,0,-6.3496,0.33461,26
387,44,-0.38086,1.6875,0.19141,0.66921,15
387,44,-0.33398,1.7363,0.18164,0.66921,18
387,44,0.068359,2.1504,-0.13867,0.66921,27
387,44,-0.27344,2.0938,0.59375,0.66921,29
387,44,-0.20898,2.2031,0.28711,0.66921,78
387,44,-0.14258,2.2578,0.19141,0.66921,75
387,44,-0.2168,2.2969,0.023438,0.66921,32
387,44,0,2.0195,-0.50586,-0.66921,28
387,44,0,2.0625,-0.48633,-0.66921,47
387,44,0.068359,2.0996,-0.48633,-0.66921,61
387,44,0.068359,2.1367,-0.49805,-0.66921,46
387,44,0,2.1367,-0.64648,-0.66921,17
387,44,-0.54688,5.6719,-1.2168,-0.66921,15
387,44,0,2.0098,-0.36328,-0.33461,23
387,44,0,2.0352,-0.42969,-0.33461,77
387,44,0,2.0859,-0.375,-0.33461,134
387,44,0,2.1289,-0.33789,-0.33461,177
387,44,0.068359,2.1602,-0.37891,-0.33461,137
387,44,0.070313,2.1816,-0.4668,-0.33461,52
387,44,0.070313,2.252,-0.2832,-0.33461,22
387,44,-0.54297,5.7461,-0.45313,-0.33461,29
387,44,-0.54688,5.7734,-0.55469,-0.33461,46
387,44,-0.54883,5.7637,-0.93359,-0.33461,32
387,44,-0.21094,3.4492,-5.8242,0.33461,17
387,44,-0.76758,1.2617,1.6738,-0.66921,9
388,53,-0.34766,1.8203,-0.056641,0,9
388,53,-0.35547,1.8574,-0.019531,0,9
388,53,0,2.0645,-0.47852,0,22
388,53,0,2.0781,-0.57813,0,16
388,53,-0.13672,2.1895,0.033203,0,17
388,53,-0.13867,2.2285,-0.015625,0,27
388,53,-0.14258,2.2578,-0.19336,0,20
388,53,6.4414,5.5918,1.0039,0,10
388,53,-0.36914,1.9297,0.10938,0.33461,12
388,53,0,2,-0.41602,0.33461,15
388,53,0,2.0508,-0.35352,0.33461,48
388,53,0,2.0781,-0.41016,0.33461,54
388,53,-0.13672,2.1875,0.11328,0.33461,33
388,53,-0.13867,2.2266,0.072266,0.33461,57
388,53,-0.21289,2.2598,-0.021484,0.33461,41
388,53,0,2.3066,0.087891,0.33461,18
388,53,6.9785,4.8164,1.3672,0.33461,19
388,53,-0.34766,1.8125,0.16602,0.66921,15
388,53,-0.29492,1.8555,0.21289,0.66921,14
388,53,-0.36133,1.8887,0.1543,0.66921,12
388,53,-0.30664,1.9316,0.21289,0.66921,30
388,53,-0.3125,1.9746,0.1582,0.66921,23
388,53,-0.31836,2.0117,0.16211,0.66921,18
388,53,-0.19531,2.0703,-0.048828,0.66921,24
388,53,0,2.1055,-0.23438,0.66921,26
388,53,-0.20898,2.2109,0.22852,0.66921,26
388,53,-0.14258,2.2559,0.20117,0.66921,17
388,53,-0.39648,1.7539,0.24805,1.0038,30
388,53,-0.34766,1.7949,0.30273,1.0038,76
388,53,-0.35547,1.834,0.30078,1.0038,80
388,53,-0.30078,1.8848,0.2793,1.0038,25
388,53,-0.36914,1.9199,0.22266,1.0038,16
388,53,-0.3125,1.9648,0.24805,1.0038,21
388,53,-0.38281,1.9883,0.26758,1.0038,18
388,53,-0.38867,1.6719,0.4668,1.3384,15
388,53,-0.33984,1.7441,0.37305,1.3384,48
388,53,-0.34766,1.7754,0.4043,1.3384,95
388,53,-0.35547,1.8125,0.41016,1.3384,99
388,53,-0.36133,1.8555,0.38477,1.3384,44
388,53,-0.44531,1.5957,0.64844,1.673,12
388,53,-0.33984,1.7051,0.52539,1.673,31
388,53,-0.34766,1.75,0.50391,1.673,41
388,53,-0.35547,1.7949,0.47656,1.673,35
388,53,-0.36133,1.8438,0.43945,1.673,16
388,53,0,2.0957,-0.64844,-0.66921,13
388,53,0.064453,1.9922,-0.59375,-0.33461,21
388,53,-0.20313,2.0664,-0.58008,-0.33461,21
388,53,-0.13672,2.1191,-0.55664,-0.33461,34
388,53,-0.13867,2.1719,-0.49805,-0.33461,18
388,53,-0.94531,0,1.6973,0,5
388,53,-1.6094,8.4199,-0.5332,0,7
388,53,-0.9375,0,2.1719,0.33461,17
388,53,-1.3418,8.4766,-0.32617,0.33461,15
389,49,-0.375,1.9648,0.125,0,10
389,49,-0.31836,2.0176,-0.035156,0,10
389,49,0,2.0527,-0.33594,0,10
389,49,0,2.0898,-0.34961,0,20
389,49,0,2.1406,-0.26758,0,23
389,49,0,2.3066,-0.052734,0,11
389,49,0,2.0645,-0.26367,0.33461,38
389,49,0,2.0977,-0.29688,0.33461,73
389,49,0.068359,2.1328,-0.31445,0.33461,64
389,49,0,2.1914,-0.125,0.33461,23
389,49,-0.21289,2.252,0.18945,0.33461,22
389,49,0,2.3066,-0.035156,0.33461,29
389,49,0.074219,2.2949,-0.48438,0.33461,15
389,49,-0.73242,5.8027,0.43359,0.33461,21
389,49,7.4492,4,0.99414,0.33461,21
389,49,-0.375,1.9531,0.25,0.66921,22
389,49,-0.31836,2.0039,0.23047,0.66921,39
389,49,-0.25977,2.0566,0.16992,0.66921,30
389,49,0,2.1094,-0.19141,0.66921,24
389,49,-0.30078,1.8691,0.36914,1.0038,16
389,49,-0.36914,1.8633,0.50977,1.0038,49
389,49,-0.375,1.9102,0.48242,1.0038,84
389,49,-0.38281,1.9531,0.46094,1.0038,66
389,49,-0.32422,2.0176,0.39063,1.0038,31
389,49,-0.35547,1.7207,2.2285,1.0038,33
389,49,-0.35938,2.4004,1.543,1.0038,24
389,49,-0.36133,1.8242,0.51172,1.3384,19
389,49,-0.36914,1.8203,0.64844,1.3384,71
389,49,-0.375,1.8672,0.62695,1.3384,122
389,49,-0.38281,1.9102,0.61328,1.3384,84
389,49,-0.45508,1.918,0.66797,1.3384,20
389,49,-0.36914,1.7461,0.83008,1.673,25
389,49,-0.375,1.8066,0.7832,1.673,47
389,49,-0.38281,1.873,0.7207,1.673,33
389,49,0,1.9746,-0.6582,-0.66921,17
389,49,0.066406,2.0156,-0.65039,-0.66921,35
389,49,0.13477,2.0586,-0.625,-0.66921,33
389,49,0,2.125,-0.54883,-0.66921,13
389,49,0,1.9941,-0.44336,-0.33461,11
389,49,0,2.0176,-0.50781,-0.33461,51
389,49,0.066406,2.0508,-0.5293,-0.33461,105
389,49,0.068359,2.0918,-0.52148,-0.33461,101
389,49,0,2.1406,-0.48047,-0.33461,42
389,49,3.7012,0.86328,-0.39063,-0.33461,11
389,49,-0.9375,0,2.2305,0,8
389,49,-0.9375,0,-2.1445,0.33461,17
389,49,-0.80664,0,2.2754,0.33461,15
389,49,-1.5957,8.207,-1.5996,0.33461,16
389,49,0,3.8008,-0.39063,-0.33461,9
390,49,-0.25977,2.0488,0.26172,0,11
390,49,-0.19922,2.1055,0.12109,0,19
390,49,-0.20313,2.1465,0.074219,0,31
390,49,-0.13672,2.1895,0.076172,0,46
390,49,-0.20898,2.2227,0.050781,0,40
390,49,-0.14258,2.2656,0.050781,0,21
390,49,-0.19531,2.0684,-0.13281,0.33461,15
390,49,0,2.1133,-0.16211,0.33461,24
390,49,0.068359,2.1484,-0.16602,0.33461,16
390,49,-0.20508,2.1621,0.30859,0.33461,68
390,49,-0.20898,2.2148,0.17969,0.33461,77
390,49,-0.14258,2.2637,0.085938,0.33461,45
390,49,-0.27344,2.8652,-0.44727,0.33461,26
390,49,-0.91602,5.7754,0.45313,0.33461,17
390,49,-0.31836,1.9551,0.49805,0.66921,18
390,49,-0.25977,2.0332,0.35742,0.66921,44
390,49,-0.26563,2.0801,0.30078,0.66921,57
390,49,-0.33789,2.1152,-0.25586,0.66921,18
390,49,-0.20508,2.1426,0.43164,0.66921,38
390,49,-0.20898,2.1953,0.35156,0.66921,46
390,49,-0.21289,2.2402,0.30078,0.66921,22
390,49,3.291,1.25,0.89063,0.66921,20
390,49,3.2109,1.4688,1,0.66921,18
390,49,-0.31836,1.9512,0.51563,1.0038,16
390,49,-0.32422,1.9863,0.5293,1.0038,26
390,49,-0.26563,2.0176,0.58984,1.0038,42
390,49,-0.26953,2.0664,0.55664,1.0038,29
390,49,3.1777,1.4023,1.0605,1.0038,22
390,49,3.3262,1.0254,1.1641,1.0038,20
390,49,-0.25977,1.877,0.85938,1.3384,26
390,49,-0.26563,1.9434,0.80078,1.3384,51
390,49,-0.26953,2.0117,0.72656,1.3384,39
390,49,-0.25977,1.8066,1,1.673,14
390,49,-0.33008,1.8516,0.97461,1.673,20
390,49,-0.33789,1.9316,0.89844,1.673,14
390,49,0,2.0156,-0.51953,-0.33461,11
390,49,0,2.0742,-0.43164,-0.33461,27
390,49,0.068359,2.127,-0.34961,-0.33461,34
390,49,0,2.1719,-0.30859,-0.33461,18
390,49,0.13867,2.1699,-0.50781,-0.33461,19
390,49,0.21289,2.2246,-0.39844,-0.33461,29
390,49,0.2168,2.2715,-0.3418,-0.33461,19
390,49,-3.7832,0,-0.51758,-0.33461,25
390,49,-3.7012,0.71094,-0.62695,-0.33461,25
390,49,-1.248,0,3.4395,0.66921,18
390,49,-1.2617,0,3.5176,0.66921,17
390,49,-1.1348,1.4121,-3.1484,1.0038,19
390,49,-1.2617,1.2754,-3.2012,1.0038,16
390,49,-1.3008,1.7559,3.0879,-0.33461,14
391,42,-0.26563,2.084,0.2793,0,12
391,42,-0.20313,2.1426,0.14258,0,40
391,42,-0.20508,2.1816,0.10742,0,56
391,42,-0.20898,2.2207,0.10352,0,41
391,42,-0.14258,2.2617,0.11523,0,19
391,42,0,2.0586,-0.30664,0.33461,25
391,42,-0.066406,2.1113,-0.16602,0.33461,55
391,42,-0.13477,2.1504,0.070313,0.33461,95
391,42,-0.20508,2.1797,0.1582,0.33461,111
391,42,-0.20898,2.2227,0.033203,0.33461,78
391,42,-0.21289,2.2461,-0.24219,0.33461,42
391,42,0,2.0801,0.021484,0.66921,12
391,42,-0.13281,2.0918,0.30859,0.66921,53
391,42,-0.20313,2.1074,0.41406,0.66921,109
391,42,-0.20508,2.1465,0.4043,0.66921,100
391,42,-0.13867,2.2012,0.34375,0.66921,37
391,42,-0.26563,1.959,0.76367,1.0038,24
391,42,-0.20313,2.0332,0.6875,1.0038,50
391,42,-0.20508,2.043,0.77539,1.0038,44
391,42,-0.20898,2.0742,0.79688,1.0038,50
391,42,-0.2832,2.1406,0.69727,1.0038,31
391,42,-0.26953,2,0.75977,1.3384,10
391,42,-0.27344,2.0156,0.82227,1.3384,23
391,42,-0.2793,2.0469,0.84375,1.3384,27
391,42,-0.35547,2.1211,0.72656,1.3384,13
391,42,0.066406,2.0508,-0.53125,-0.66921,14
391,42,0.13477,2.1016,-0.46484,-0.66921,16
391,42,0.13672,2.1309,-0.50586,-0.66921,13
391,42,0.064453,2.0137,-0.51953,-0.33461,27
391,42,0,2.0684,-0.45898,-0.33461,43
391,42,0.068359,2.1328,-0.31055,-0.33461,51
391,42,0.068359,2.1797,-0.24219,-0.33461,42
391,42,0.2793,2.1504,-0.52539,-0.33461,29
391,42,0.2832,2.1621,-0.63086,-0.33461,35
391,42,0.36133,2.2051,-0.57422,-0.33461,26
391,42,-3.7832,0,-0.48828,-0.33461,16
391,42,-3.8203,0,-0.62891,-0.33461,14
391,42,-0.48828,1.7305,1.3223,-0.33461,15
391,42,-0.42578,1.498,1.6504,-0.33461,22
391,42,-0.43359,1.127,1.9668,-0.33461,14
391,42,-1.3008,1.4473,3.2441,-0.33461,10
391,42,-1.3145,1.9844,2.9883,-0.33461,10
392,45,-0.20313,2.1426,0.13477,0,22
392,45,-0.13672,2.1855,0.13086,0,130
392,45,-0.13867,2.2227,0.14063,0,258
392,45,-0.14258,2.2617,0.12305,0,219
392,45,-0.2168,2.2969,0.083984,0,81
392,45,3.6289,0.8418,0.39258,0,16
392,45,3.666,0.91602,0.19922,0,24
392,45,3.7012,0.9043,0.28125,0,18
392,45,-0.20313,2.1387,0.19727,0.33461,44
392,45,-0.13672,2.1758,0.24414,0.33461,236
392,45,-0.20898,2.209,0.24023,0.33461,476
392,45,-0.14258,2.2539,0.23438,0.33461,420
392,45,-0.2168,2.293,0.1543,0.33461,160
392,45,-0.2207,2.3359,0.029297,0.33461,25
392,45,3.5117,1.1875,0.53516,0.33461,28
392,45,3.666,0.74023,0.57617,0.33461,43
392,45,3.582,1.2305,0.50195,0.33461,31
392,45,-0.20313,2.1152,0.36719,0.66921,23
392,45,-0.20508,2.1543,0.35742,0.66921,134
392,45,-0.20898,2.1875,0.39453,0.66921,269
392,45,-0.21289,2.2246,0.40234,0.66921,241
392,45,-0.2168,2.2617,0.40039,0.66921,97
392,45,-0.2207,2.2539,0.60938,0.66921,22
392,45,3.5117,1.0566,0.76367,0.66921,19
392,45,3.5469,1.0703,0.76758,0.66921,28
392,45,3.582,1.1855,0.60352,0.66921,20
392,45,-0.27344,2.0566,0.71484,1.0038,25
392,45,-0.20898,2.0996,0.72852,1.0038,56
392,45,-0.21289,2.1387,0.73047,1.0038,58
392,45,-0.2168,2.1758,0.73828,1.0038,32
392,45,-0.13867,2.2266,-0.072266,-0.66921,15
392,45,0,2.2695,-0.068359,-0.66921,19
392,45,-0.20508,2.1777,0.17383,-0.33461,16
392,45,-0.13867,2.2207,0.17578,-0.33461,49
392,45,-0.14258,2.2617,0.12305,-0.33461,59
392,45,0,2.3066,-0.064453,-0.33461,34
392,45,-1.4043,0,-3.7012,0,14
392,45,-1.3008,0,3.7363,0,19
392,45,-1.3145,0.61523,3.5352,0,14
392,45,-1.4043,0,-3.5039,0.33461,25
392,45,-1.3008,0,-3.5859,0.33461,32
392,45,-1.3145,0,-3.6973,0.33461,22
392,45,-1.4043,1.6211,-3.0703,0.66921,17
392,45,-1.418,1.0742,-3.3379,0.66921,21
392,45,-1.4336,0,-3.7793,0.66921,13
393,26,-0.13867,2.2266,0.052734,0,14
393,26,-0.42578,2,0.98633,0,10
393,26,-0.14453,2.2285,0.58203,0,41
393,26,-0.14648,2.2949,0.4668,0,32
393,26,0,2.0625,-0.27734,0.33461,11
393,26,0,2.1074,-0.2168,0.33461,19
393,26,0,2.1504,-0.15039,0.33461,18
393,26,-0.27344,2.1738,0.12891,0.33461,17
393,26,-0.20898,2.1992,0.32422,0.33461,36
393,26,0.21289,2.0625,-0.92188,0.33461,19
393,26,-0.2168,2.1211,0.88477,0.33461,60
393,26,-0.2207,2.2402,0.66016,0.33461,55
393,26,-0.2832,1.957,1.1152,0.66921,29
393,26,-0.2168,2.1406,0.83594,0.66921,61
393,26,-0.2207,2.207,0.76563,0.66921,42
393,26,-0.21289,2.1113,0.80469,1.0038,16
393,26,-0.2168,2.1094,0.91211,1.0038,16
393,26,0.064453,2.0469,-0.36719,-0.33461,12
393,26,0,2.0684,-0.46289,-0.33461,20
393,26,0,2.0938,-0.51953,-0.33461,18
393,26,-0.20898,2.1992,0.31445,-0.33461,19
393,26,-0.21289,2.25,0.21484,-0.33461,36
393,26,-0.072266,2.3047,0.09375,-0.33461,33
393,26,-1.0293,0,-2.1172,0.33461,9
393,26,-0.97656,0,-2.0156,0.33461,19
393,26,-0.56836,1.875,1.1465,0.33461,16
394,24,-0.13867,2.207,0.30273,0,25
394,24,-0.14258,2.2539,0.22656,0,41
394,24,-0.14453,2.2949,0.18945,0,33
394,24,-0.2207,2.3262,0.20117,0,13
394,24,0,2.0957,-0.30859,0.33461,12
394,24,0,2.1328,-0.32422,0.33461,11
394,24,-0.20508,2.0918,0.62891,0.33461,17
394,24,-0.13867,2.1875,0.41797,0.33461,93
394,24,-0.14258,2.2363,0.35938,0.33461,163
394,24,-0.14453,2.2813,0.32227,0.33461,125
394,24,-0.2207,2.3164,0.29688,0.33461,44
394,24,-0.20898,2.1563,0.53906,0.66921,33
394,24,-0.21289,2.207,0.48438,0.66921,58
394,24,-0.2168,2.2539,0.44336,0.66921,44
394,24,-0.29297,2.2871,0.42773,0.66921,17
394,24,-0.13867,2.2266,0.048828,-0.66921,16
394,24,-0.14258,2.2656,-0.056641,-0.66921,29
394,24,-0.14453,2.2988,-0.14844,-0.66921,21
394,24,0,2.0879,-0.36523,-0.33461,12
394,24,0,2.0957,-0.50977,-0.33461,10
394,24,-0.13867,2.2227,0.14063,-0.33461,51
394,24,-0.14258,2.2637,0.083984,-0.33461,91
394,24,-0.14453,2.3027,0.029297,-0.33461,68
394,24,-0.14648,2.3418,0.0019531,-0.33461,20
395,1,-0.2832,2.1563,0.65039,0.33461,12
397,4,-0.13867,2.2188,0.18945,0.33461,18
397,4,-0.14258,2.2578,0.18555,0.33461,24
397,4,0,2.2305,-0.078125,-0.33461,20
397,4,-0.070313,2.2656,-0.11719,-0.33461,27
398,4,0.068359,2.1641,0.35938,0.33461,14
398,4,0.13867,2.2188,0.20117,0.33461,19
398,4,0.068359,2.1777,0.25195,-0.33461,14
398,4,0.13867,2.2227,-0.14453,-0.33461,18
426,5,0.13867,2.2266,-0.068359,0.33461,16
426,5,0.21289,2.2598,-0.064453,0.33461,21
426,5,0.2168,2.2969,-0.070313,0.33461,11
426,5,0.13867,2.1895,-0.4082,-0.33461,15
426,5,0.21289,2.2383,-0.31836,-0.33461,18
427,8,0.20898,2.2188,0.14258,0.33461,27
427,8,0.21289,2.2598,0.064453,0.33461,33
427,8,0.2168,2.2969,0.027344,0.33461,18
427,8,0.14258,2.2637,0.074219,0.66921,11
427,8,0.20898,2.2188,-0.10938,-0.33461,22
427,8,0.21289,2.25,-0.2168,-0.33461,27
427,8,0.14453,2.293,-0.21875,-0.33461,14
427,8,-0.55859,0.79102,2.0117,-0.33461,13
428,29,-0.20508,2.1563,-0.35352,0,12
428,29,-0.20898,2.1973,-0.33594,0,17
428,29,-0.14258,2.2344,-0.37305,0,11
428,29,0.064453,2.0762,-0.13672,0.33461,13
428,29,0,2.1055,-0.24023,0.33461,25
428,29,-0.068359,2.1309,-0.31836,0.33461,29
428,29,-0.27344,2.1582,-0.28125,0.33461,39
428,29,-0.34961,2.2012,-0.13477,0.33461,45
428,29,0.2832,2.2266,-0.33594,0.33461,33
428,29,0.28906,2.2852,-0.12891,0.33461,21
428,29,-0.27344,2.1699,-0.17188,0.66921,12
428,29,-0.41797,2.1934,-0.0039063,0.66921,14
428,29,0,1.9902,-0.83008,-0.66921,11
428,29,-0.20508,2.0742,-0.6875,-0.66921,20
428,29,-0.2793,2.1484,-0.53516,-0.66921,24
428,29,-0.2832,2.2031,-0.46484,-0.66921,16
428,29,0.066406,2.0469,-0.54492,-0.33461,24
428,29,0,2.0664,-0.61523,-0.33461,34
428,29,-0.20508,2.1191,-0.5293,-0.33461,59
428,29,-0.20898,2.166,-0.5,-0.33461,71
428,29,-0.2832,2.2188,-0.38672,-0.33461,46
428,29,-0.43359,2.2598,-0.18359,-0.33461,18
428,29,0.34961,1.9316,-1.0645,0.33461,27
428,29,-0.42578,2.2285,0.099609,0.33461,31
428,29,-0.50391,1.9199,1.1777,0.33461,14
428,29,0.34961,2.0137,-0.89844,0.66921,9
428,29,0.35547,2.0469,-0.91406,-0.66921,9
428,29,0.35547,1.9746,-1.0645,-0.33461,28
428,29,0.36133,2.1855,-0.64453,-0.33461,17
429,40,-0.33008,2.0918,-0.037109,0,18
429,40,-0.26953,2.1289,-0.2168,0,102
429,40,-0.20508,2.166,-0.27734,0,190
429,40,-0.20898,2.1973,-0.32617,0,152
429,40,-0.21289,2.2227,-0.40625,0,58
429,40,-0.2168,2.2559,-0.43359,0,15
429,40,3.5117,1.1738,-0.56641,0,16
429,40,3.666,0.76758,-0.54102,0,14
429,40,0.064453,2.0703,-0.19141,0.33461,19
429,40,0,2.1016,-0.27539,0.33461,42
429,40,0,2.127,-0.35938,0.33461,37
429,40,-0.20508,2.1855,0.017578,0.33461,21
429,40,-0.2793,2.2148,-0.056641,0.33461,23
429,40,-0.35547,2.127,-0.70898,0.33461,16
429,40,0.14453,2.2988,-0.1543,0.33461,11
429,40,3.666,0.85352,-0.38867,0.33461,11
429,40,3.7012,0.89258,-0.31836,0.33461,10
429,40,0,2.1133,-0.15234,0.66921,14
429,40,0,2.1504,-0.16797,0.66921,12
429,40,-0.34375,2.1445,0.3125,0.66921,10
429,40,-0.19922,2.0703,-0.40234,-0.66921,20
429,40,-0.20313,2.1035,-0.42578,-0.66921,84
429,40,-0.20508,2.1211,-0.52148,-0.66921,159
429,40,-0.20898,2.1426,-0.59375,-0.66921,134
429,40,-0.14258,2.1543,-0.69922,-0.66921,54
429,40,-0.2168,2.0801,-0.97461,-0.66921,15
429,40,0,2.0449,-0.38672,-0.33461,14
429,40,-0.13281,2.0938,-0.29297,-0.33461,50
429,40,-0.20313,2.125,-0.30859,-0.33461,193
429,40,-0.20508,2.1504,-0.38867,-0.33461,352
429,40,-0.20898,2.1758,-0.45703,-0.33461,287
429,40,-0.21289,2.1855,-0.57617,-0.33461,118
429,40,-0.2168,2.1387,-0.83984,-0.33461,33
429,40,3.6289,0.5918,-0.7168,-0.33461,34
429,40,-3.7832,0,-0.80273,-0.33461,30
429,40,-2.459,0,3.0801,0,11
429,40,-2.4824,0,3.0879,0,8
429,40,0.14258,2.2637,-0.072266,0.33461,15
429,40,0.11914,3.7695,-0.29688,0.33461,6
429,40,-2.459,0,2.9102,-0.33461,19
430,55,-0.070313,2.2305,0.021484,0,24
430,55,-0.14258,2.2578,-0.18359,0,23
430,55,-0.14453,2.2773,-0.35156,0,10
430,55,0,2.0703,-0.2168,0.33461,20
430,55,0.066406,2.0996,-0.27148,0.33461,28
430,55,-0.4043,1.1328,1.7891,0.33461,9
430,55,0,2.1191,0.56836,0.33461,35
430,55,-0.070313,2.2246,0.16016,0.33461,41
430,55,-0.2832,2.1992,-0.48633,0.33461,31
430,55,-0.36133,2.1543,-0.74609,0.33461,13
430,55,-0.068359,2.1152,0.57813,0.66921,12
430,55,-0.13867,2.2246,0.11328,0.66921,16
430,55,-0.21289,2.2383,-0.30664,0.66921,18
430,55,-0.19141,1.8789,-0.77734,-1.673,20
430,55,-0.19531,1.9199,-0.7793,-1.673,42
430,55,-0.19922,1.9668,-0.76172,-1.673,41
430,55,-0.26953,2.0098,-0.73633,-1.673,18
430,55,-0.19141,1.9277,-0.64844,-1.3384,50
430,55,-0.19531,1.9629,-0.66016,-1.3384,112
430,55,-0.19922,1.998,-0.67383,-1.3384,120
430,55,-0.20313,2.0352,-0.68555,-1.3384,60
430,55,-0.20508,2.0527,-0.74805,-1.3384,12
430,55,3.5547,0,-1.3281,-1.3384,12
430,55,3.5918,0,-1.2559,-1.3384,13
430,55,-0.19141,1.9688,-0.51367,-1.0038,41
430,55,-0.19531,2.0039,-0.52734,-1.0038,105
430,55,-0.19922,2.0391,-0.54102,-1.0038,129
430,55,-0.20313,2.0684,-0.57422,-1.0038,76
430,55,-0.27344,2.082,-0.63867,-1.0038,19
430,55,-0.19531,2.041,-0.35742,-0.66921,34
430,55,-0.19922,2.0781,-0.35938,-0.66921,51
430,55,-0.26953,2.1113,-0.34961,-0.66921,43
430,55,-0.20508,2.1523,-0.37109,-0.66921,27
430,55,-0.13867,2.1875,-0.42578,-0.66921,17
430,55,-0.21289,2.2148,-0.45117,-0.66921,18
430,55,-0.37891,2.9355,0.63086,-0.66921,19
430,55,0,2.0254,-0.47461,-0.33461,17
430,55,0.066406,2.0195,-0.63867,-0.33461,19
430,55,-0.26953,2.1133,0.33789,-0.33461,24
430,55,-0.13672,2.1875,-0.095703,-0.33461,39
430,55,-0.20898,2.1953,-0.35156,-0.33461,38
430,55,-0.21289,2.2402,-0.30078,-0.33461,40
430,55,-0.28906,2.2695,-0.30859,-0.33461,19
430,55,-0.37891,2.8164,1.041,-0.33461,17
430,55,0.26953,2.0469,-0.625,0.33461,5
430,55,-1.0645,0.50195,1.9414,0.33461,16
430,55,-1.082,0.83008,1.8613,0.33461,9
430,55,-2.5234,0.81836,2.5352,-1.3384,7
430,55,-2.5488,1.0371,2.4844,-1.3384,7
430,55,-0.97656,1.1133,1.6699,-0.66921,13
430,55,-1.0645,1.1074,1.6719,-0.66921,12
430,55,-0.66211,1.6563,1.1445,-0.33461,10
430,55,-0.97656,0.62695,1.9063,-0.33461,27
430,55,-1.0645,0.64453,1.8984,-0.33461,26
430,55,-1.082,0.77539,1.8848,-0.33461,12
431,56,-0.13281,2.1074,-0.16992,0,14
431,56,0,2.127,-0.35742,0,15
431,56,-0.21289,2.207,-0.48633,0,11
431,56,-0.2168,2.2363,-0.52344,0,15
431,56,0,2.2969,-0.48047,0,14
431,56,-4.2324,0,5.707,0,18
431,56,-4.2559,0,5.7109,0,15
431,56,0,2.0762,-0.15234,0.33461,9
431,56,-0.13281,2.1094,-0.13672,0.33461,40
431,56,-0.13477,2.1113,-0.41992,0.33461,50
431,56,0.13672,1.9902,0.91406,0.33461,35
431,56,0.13867,2.1895,0.41602,0.33461,38
431,56,0.14258,2.2656,-0.013672,0.33461,25
431,56,0,2.2598,-0.4707,0.33461,31
431,56,-0.074219,2.2578,-0.63281,0.33461,32
431,56,-0.19922,2.1094,-0.060547,0.66921,13
431,56,-0.20313,2.1211,-0.33398,0.66921,17
431,56,0,2.1875,0.44336,0.66921,14
431,56,0,2.2676,-0.11523,0.66921,21
431,56,-0.072266,2.2871,-0.30664,0.66921,41
431,56,-0.074219,2.3105,-0.39844,0.66921,47
431,56,0,2.3379,-0.4668,0.66921,30
431,56,-0.14453,2.2988,-0.14063,1.0038,19
431,56,-0.074219,2.334,-0.22266,1.0038,26
431,56,0,2.3672,-0.28516,1.0038,20
431,56,-0.23633,1.7617,-0.64844,-2.3422,20
431,56,-0.30078,1.7578,-0.73633,-2.3422,35
431,56,-0.24609,1.7715,-0.81836,-2.3422,27
431,56,-0.23633,1.7871,-0.57031,-2.0076,37
431,56,-0.24023,1.8184,-0.59766,-2.0076,65
431,56,-0.30664,1.8418,-0.61914,-2.0076,52
431,56,-0.3125,1.8379,-0.74023,-2.0076,18
431,56,-0.29492,1.8047,-0.48633,-1.673,17
431,56,-0.24023,1.8418,-0.51953,-1.673,36
431,56,-0.30664,1.8594,-0.5625,-1.673,34
431,56,-0.25,1.8965,-0.60352,-1.673,16
431,56,-0.24023,1.8535,-0.48242,-1.3384,23
431,56,-0.30664,1.8828,-0.47852,-1.3384,23
431,56,-0.375,1.9082,-0.48633,-1.3384,15
431,56,-0.25,1.9668,-0.29297,-1.0038,17
431,56,-0.25977,2.0059,-0.48828,-1.0038,13
431,56,-4.0215,2.6465,4.7637,-0.66921,15
431,56,-0.066406,2.0801,-0.40234,-0.33461,17
431,56,-0.20313,1.9785,-0.83594,-0.33461,22
431,56,0.068359,2.1348,0.50586,-0.33461,29
431,56,0.070313,2.2305,0.050781,-0.33461,35
431,56,0.14258,2.2539,-0.23047,-0.33461,24
431,56,-4.209,0.83984,5.1895,-0.33461,22
431,56,-4.0215,2.4746,4.8555,-0.33461,40
431,56,-4.2559,1.5996,5.0703,-0.33461,31
431,56,-2.1172,6.4277,-0.25781,0,16
431,56,-1.916,6.502,-0.65234,0,13
431,56,-2.1172,6.3535,-1.0117,-0.66921,14
431,56,-2.1055,6.377,-0.50781,-0.33461,19
431,56,-2.1172,6.4141,-0.48828,-0.33461,34
431,56,-2.3418,6.3945,-0.0078125,-0.33461,26
432,45,-0.35547,1.8438,0.23633,0,7
432,45,-0.36133,1.8926,0.091797,0,19
432,45,-0.36914,1.9316,0.060547,0,24
432,45,-0.375,1.9688,0.044922,0,14
432,45,-0.20898,2.2227,-0.021484,0,26
432,45,-0.14258,2.2637,-0.097656,0,22
432,45,-0.28906,2.2871,-0.11914,0,12
432,45,-3.8203,0,-0.88867,0,13
432,45,0,2.0703,-0.21875,0.33461,21
432,45,0,2.1113,-0.17383,0.33461,58
432,45,0,2.1543,-0.10156,0.33461,85
432,45,0.068359,2.1895,-0.125,0.33461,57
432,45,-0.34961,2.1914,-0.24609,0.33461,21
432,45,-0.070313,2.2695,0.0097656,0.33461,40
432,45,0,2.3066,-0.078125,0.33461,25
432,45,-3.7832,0,-0.41406,0.33461,27
432,45,-3.8203,0,-0.56445,0.33461,34
432,45,-3.8594,0,-0.7793,0.33461,17
432,45,0,2.1172,-0.085938,0.66921,20
432,45,0,2.1563,-0.019531,0.66921,29
432,45,0,2.1914,-0.10938,0.66921,20
432,45,3.7012,0.80273,-0.50391,0.66921,13
432,45,-0.43555,1.668,-0.24023,-1.3384,13
432,45,-0.44531,1.7051,-0.23242,-1.3384,13
432,45,-0.38867,1.7207,-0.22461,-1.0038,13
432,45,-0.30078,1.9063,-0.039063,-0.66921,15
432,45,-0.30664,1.9395,-0.12305,-0.66921,21
432,45,-0.2793,2.1914,-0.32422,-0.66921,20
432,45,-0.14258,2.2266,-0.41602,-0.66921,24
432,45,-0.14453,2.252,-0.48828,-0.66921,19
432,45,-0.36133,1.8945,-0.0097656,-0.33461,31
432,45,-0.36914,1.9316,-0.072266,-0.33461,40
432,45,-0.375,1.9668,-0.10352,-0.33461,24
432,45,0.064453,1.9785,-0.64258,-0.33461,15
432,45,0,2.0684,-0.46094,-0.33461,41
432,45,0.068359,2.1289,-0.33789,-0.33461,66
432,45,0,2.1797,-0.24609,-0.33461,54
432,45,-0.2793,2.209,-0.1543,-0.33461,41
432,45,-0.14258,2.2402,-0.33203,-0.33461,51
432,45,-0.14453,2.2637,-0.42188,-0.33461,40
432,45,-0.36719,2.248,-0.5625,-0.33461,26
432,45,-0.66992,0.75195,-2.1602,-0.33461,19
432,45,0.34961,1.6426,1.4707,0.33461,11
432,45,-0.71484,1.3398,1.4219,-0.33461,8
432,45,0.52148,0,-2.3398,-0.33461,11
433,34,-0.13672,2.1875,-0.10547,0,19
433,34,-0.2793,2.2129,0.082031,0,19
433,34,-0.42578,2.2109,0.2832,0,14
433,34,-0.14453,2.2871,0.28125,0,19
433,34,0,2.3457,0.0625,0,28
433,34,-0.14844,2.375,0.15039,0,23
433,34,-0.22656,2.4004,0.23047,0,16
433,34,-0.20508,2.1582,0.34375,0.33461,30
433,34,-0.13867,2.2266,0.099609,0.33461,56
433,34,-0.14258,2.2656,-0.023438,0.33461,47
433,34,0,2.293,-0.26953,0.33461,17
433,34,-0.72266,5.7363,0.2793,0.33461,30
433,34,-0.91016,5.7266,0.56055,0.33461,36
433,34,-0.20898,2.207,0.26563,0.66921,21
433,34,0,2.2676,-0.43164,-0.66921,21
433,34,-0.074219,2.3125,-0.38086,-0.66921,30
433,34,-0.074219,2.3691,-0.25195,-0.66921,24
433,34,-0.15039,2.4121,-0.14063,-0.66921,18
433,34,-0.23047,2.4473,-0.050781,-0.66921,14
433,34,0,2.2285,-0.11328,-0.33461,28
433,34,0,2.2148,-0.49805,-0.33461,34
433,34,0,2.291,-0.27734,-0.33461,40
433,34,-0.074219,2.3398,-0.14648,-0.33461,55
433,34,-0.074219,2.3809,-0.083984,-0.33461,45
433,34,-0.15039,2.416,0.066406,-0.33461,36
433,34,-0.23047,2.4492,0,-0.33461,23
433,34,-0.54688,5.7969,-0.22461,-0.33461,27
433,34,0.42578,0,-2.2656,0,8
433,34,-1.0098,0,2.0957,0.33461,14
433,34,-0.9375,0,2.1895,-0.66921,13
433,34,-0.95313,0.46094,2.0938,-0.66921,17
433,34,-0.9375,0,-2.209,-0.33461,24
433,34,-0.95313,0,2.3418,-0.33461,33
433,34,-0.96875,0,2.3047,-0.33461,24
434,55,-0.41406,1.8457,0,0,7
434,55,-0.36133,1.8945,-0.015625,0,15
434,55,-0.36914,1.9316,-0.03125,0,15
434,55,0,2.0605,-0.29492,0,18
434,55,0,2.1934,0.011719,0,17
434,55,-0.070313,2.2285,0.099609,0,24
434,55,0,2.2695,-0.039063,0,22
434,55,0,2.3047,-0.12109,0,12
434,55,-0.91016,5.7539,-0.019531,0,17
434,55,-1.0996,5.7441,-0.41992,0,16
434,55,-0.35547,1.8574,0.015625,0.33461,14
434,55,-0.30078,1.9043,0.0625,0.33461,31
434,55,-0.30664,1.9414,0.066406,0.33461,28
434,55,-0.375,1.9609,0.19336,0.33461,10
434,55,0,2.0723,-0.19727,0.33461,44
434,55,0,2.1074,-0.21289,0.33461,58
434,55,-0.068359,2.1504,-0.1543,0.33461,40
434,55,-0.20508,2.1777,0.17383,0.33461,49
434,55,-0.13867,2.2168,0.21875,0.33461,73
434,55,-0.14258,2.2617,0.13672,0.33461,62
434,55,0,2.3066,-0.042969,0.33461,34
434,55,-0.95313,0,2.2129,0.33461,17
434,55,3.7012,0.9043,-0.2832,0.33461,18
434,55,-0.91016,5.7441,0.35938,0.33461,39
434,55,-1.0996,5.7578,0.12891,0.33461,41
434,55,-0.36133,1.8848,0.19727,0.66921,23
434,55,-0.30664,1.9375,0.14648,0.66921,19
434,55,-0.20898,2.1875,0.39258,0.66921,28
434,55,-0.14258,2.248,0.2793,0.66921,22
434,55,0,2.3066,0.068359,0.66921,15
434,55,-0.44531,1.6895,0.33008,1.0038,19
434,55,-0.39648,1.7539,0.24609,1.0038,20
434,55,-0.5,1.6699,0.35156,1.3384,15
434,55,-0.45313,1.7246,0.33984,1.3384,12
434,55,-0.41406,2.0762,1.5898,1.3384,19
434,55,0,1.9805,-0.64063,-0.66921,24
434,55,0,2.0156,-0.65234,-0.66921,25
434,55,0,2.2148,-0.28516,-0.66921,14
434,55,0.064453,1.9902,-0.45703,-0.33461,25
434,55,0,2.0273,-0.4707,-0.33461,67
434,55,0.066406,2.0566,-0.50586,-0.33461,70
434,55,0,2.0859,-0.54688,-0.33461,29
434,55,-0.20508,2.168,-0.27344,-0.33461,24
434,55,-0.20898,2.2148,-0.1875,-0.33461,38
434,55,-0.21289,2.2461,-0.24609,-0.33461,29
434,55,-0.14453,2.2637,-0.42969,-0.33461,13
434,55,-3.8203,0,-0.67383,-0.33461,19
434,55,-0.99219,0,2.2012,0,12
434,55,-1.0098,0.29492,2.0547,0,11
434,55,-1.0098,0,2.2363,0.33461,26
434,55,-0.074219,2.3379,-0.18164,0.33461,16
434,55,-1.0645,0,-2.2441,0.66921,13
434,55,-1.082,0,-2.2676,0.66921,13
434,55,-0.9375,0,2.1641,-0.33461,8
434,55,-1.3145,2.2676,2.7813,-0.33461,11
435,51,-0.24023,1.9043,0.19727,0,9
435,51,0,2.0938,-0.32813,0,17
435,51,-0.54883,5.7969,0.69727,0,12
435,51,-0.73828,5.7949,0.83789,0,11
435,51,0,2.041,-0.40625,0.33461,21
435,51,0.066406,2.1172,-0.048828,0.33461,43
435,51,0,2.1543,-0.083984,0.33461,54
435,51,0,2.1914,-0.10938,0.33461,41
435,51,0,2.2285,-0.11719,0.33461,22
435,51,-0.14258,2.2637,0.089844,0.33461,21
435,51,-0.2168,2.293,-0.13477,0.33461,23
435,51,-0.51367,2.1445,-0.80078,0.33461,22
435,51,-3.7832,0,0.035156,0.33461,24
435,51,-3.8203,0,-0.054688,0.33461,22
435,51,-0.54883,5.7246,1.1426,0.33461,26
435,51,-0.55273,5.748,1.2227,0.33461,24
435,51,-0.29492,1.8379,0.33984,0.66921,29
435,51,-0.30078,1.8809,0.30859,0.66921,53
435,51,-0.30664,1.9238,0.2793,0.66921,47
435,51,-0.375,1.957,0.21875,0.66921,20
435,51,-0.28906,1.7637,0.49219,1.0038,21
435,51,-0.29492,1.8184,0.43359,1.0038,86
435,51,-0.30078,1.8613,0.4082,1.0038,143
435,51,-0.30664,1.9023,0.39258,1.0038,111
435,51,-0.3125,1.9414,0.38867,1.0038,36
435,51,-0.38281,1.998,0.19336,1.0038,14
435,51,3.0781,1.5781,0.64258,1.0038,16
435,51,-0.34766,1.7285,0.57227,1.3384,22
435,51,-0.29492,1.7793,0.56836,1.3384,79
435,51,-0.30078,1.8281,0.53711,1.3384,123
435,51,-0.30664,1.8672,0.54102,1.3384,88
435,51,-0.3125,1.9082,0.53125,1.3384,26
435,51,-0.35547,1.709,0.72852,1.673,24
435,51,-0.36133,1.7441,0.74219,1.673,31
435,51,-0.36914,1.8086,0.68164,1.673,18
435,51,0.066406,2.0508,-0.53125,-0.66921,26
435,51,0.068359,2.0898,-0.52539,-0.66921,28
435,51,0.068359,2.1367,-0.49414,-0.66921,18
435,51,0,2.0449,-0.38672,-0.33461,32
435,51,0.066406,2.0781,-0.40625,-0.33461,69
435,51,0.068359,2.1133,-0.42578,-0.33461,78
435,51,0,2.1563,-0.41211,-0.33461,50
435,51,0,2.2012,-0.36914,-0.33461,23
435,51,-3.666,0.69336,-0.63086,-0.33461,31
435,51,-3.8203,0,-0.74023,-0.33461,29
435,51,-2.5664,0,-5.3633,0,8
435,51,-2.7656,0,-5.2227,0,7
435,51,-0.92188,0.63672,-1.9746,0.33461,11
435,51,-2.748,2.7852,-4.3672,0.33461,15
435,51,-2.9512,2.373,-4.5273,0.33461,13
435,51,-1.3203,1.0605,-3.084,1.0038,13
436,64,-0.3125,1.9648,0.24219,0,11
436,64,-0.25586,2.0176,0.19141,0,19
436,64,-0.32422,2.0391,0.25391,0,14
436,64,-0.068359,2.1543,0.042969,0,21
436,64,-0.13672,2.1895,0.068359,0,29
436,64,-0.13867,2.2246,0.10938,0,27
436,64,-0.070313,2.2676,0.095703,0,19
436,64,0,2.3066,-0.09375,0,10
436,64,-0.25586,2.0234,0.11328,0.33461,14
436,64,-0.13086,2.0762,0.0078125,0.33461,28
436,64,0,2.1094,-0.18945,0.33461,35
436,64,0.13477,2.0742,-0.57227,0.33461,28
436,64,-0.34375,2.1367,0.36914,0.33461,42
436,64,-0.20898,2.207,0.26172,0.33461,57
436,64,-0.14258,2.252,0.25,0.33461,47
436,64,-0.14453,2.293,0.2207,0.33461,26
436,64,-0.35938,1.8145,-2.2012,0.33461,34
436,64,-0.27344,2.5273,-1.4219,0.33461,36
436,64,3.6289,0.92969,0.0019531,0.33461,16
436,64,-3.7832,0,-0.074219,0.33461,37
436,64,-3.8203,0,-0.19531,0.33461,37
436,64,-3.8594,0,-0.40234,0.33461,16
436,64,-0.25,1.9473,0.4082,0.66921,35
436,64,-0.25586,1.9902,0.38281,0.66921,71
436,64,-0.25977,2.0391,0.32422,0.66921,77
436,64,-0.26563,2.0918,0.20898,0.66921,47
436,64,-0.34375,2.1289,0.41211,0.66921,24
436,64,-0.20898,2.1992,0.32031,0.66921,28
436,64,-0.21289,2.2246,0.39844,0.66921,19
436,64,-0.35938,1.4707,-2.4453,0.66921,45
436,64,-0.36328,2.0801,2.0059,0.66921,42
436,64,-0.24609,1.8496,0.625,1.0038,28
436,64,-0.25,1.9023,0.58008,1.0038,117
436,64,-0.25586,1.9492,0.55469,1.0038,217
436,64,-0.32422,1.9844,0.53906,1.0038,183
436,64,-0.33008,2.0313,0.50195,1.0038,70
436,64,-0.30664,1.7832,0.77148,1.3384,27
436,64,-0.3125,1.8477,0.71484,1.3384,126
436,64,-0.31836,1.8945,0.69336,1.3384,224
436,64,-0.32422,1.9375,0.68555,1.3384,182
436,64,-0.26563,2,0.65039,1.3384,61
436,64,-0.3125,1.8066,0.8125,1.673,39
436,64,-0.31836,1.8457,0.81641,1.673,70
436,64,-0.32422,1.8867,0.81641,1.673,54
436,64,-0.39648,1.9297,0.7793,1.673,17
436,64,0.066406,2.0273,-0.61328,-0.66921,14
436,64,0.068359,2.084,-0.54883,-0.66921,18
436,64,0.13672,2.1113,-0.58203,-0.66921,11
436,64,-3.7832,0,-0.81055,-0.66921,19
436,64,-3.7012,0,-1.0508,-0.66921,19
436,64,0.13086,1.9727,-0.65039,-0.33461,12
436,64,0.066406,2.0625,-0.48242,-0.33461,41
436,64,0.068359,2.1133,-0.42188,-0.33461,55
436,64,0.13672,2.1621,-0.34961,-0.33461,32
436,64,-0.14844,2.3711,0.18945,-0.33461,14
436,64,-3.7461,0,-0.50195,-0.33461,23
436,64,-3.7832,0,-0.63281,-0.33461,54
436,64,-3.7012,0.58594,-0.74414,-0.33461,54
436,64,-3.7383,0.32617,-0.90039,-0.33461,24
436,64,-0.9375,0,-2.3066,0,7
436,64,-0.53906,1.8711,0.92773,0.33461,18
436,64,-1.0098,0.47852,-2.0195,0.33461,15
436,64,0.23438,3.7383,0.017578,0.33461,12
436,64,0.11914,3.7813,0.019531,0.33461,19
437,25,0,2.2266,0.15625,0,10
437,25,-0.14258,2.2598,0.16406,0,10
437,25,0,2.0723,-0.19727,0.33461,12
437,25,0,2.1172,-0.060547,0.33461,18
437,25,-0.26953,2.0586,0.58203,0.33461,21
437,25,-0.20508,2.0898,0.63867,0.33461,24
437,25,-0.20898,2.1738,0.46289,0.33461,28
437,25,-0.14258,2.2422,0.32227,0.33461,27
437,25,-0.19531,2.0352,0.38281,0.66921,17
437,25,-0.33789,2.0664,0.51758,0.66921,43
437,25,-0.27344,2.1055,0.55469,0.66921,44
437,25,-0.2793,2.1348,0.5918,0.66921,21
437,25,-0.25977,1.9609,0.64648,1.0038,34
437,25,-0.26563,2.0156,0.5957,1.0038,43
437,25,-0.26953,2.0879,0.4707,1.0038,18
437,25,-0.41211,2.1465,0.20117,1.0038,12
437,25,-0.32422,1.9219,0.72852,1.3384,19
437,25,-0.26563,1.9766,0.71484,1.3384,35
437,25,-0.26953,2,0.76172,1.3384,33
437,25,-0.27344,2.0293,0.79102,1.3384,21
437,25,0.064453,2.0313,-0.44336,-0.33461,18
437,25,0.066406,2.0684,-0.45508,-0.33461,26
437,25,0.068359,2.1191,-0.39063,-0.33461,19
437,25,0.068359,2.1582,-0.38477,-0.33461,9
437,25,-1.9883,0.88672,-0.27539,-0.33461,5
438,33,-0.41211,2.0703,-0.59766,0,16
438,33,-0.41797,2.1426,0.46484,0,16
438,33,0,2.2559,0.24805,0,13
438,33,-0.14453,2.291,0.23047,0,12
438,33,-0.47266,1.3047,-1.6504,0.33461,11
438,33,-0.41211,1.6699,1.3633,0.33461,34
438,33,-0.2793,2.0156,0.91602,0.33461,46
438,33,-0.14258,2.2109,0.49414,0.33461,47
438,33,-0.14453,2.2832,0.30078,0.33461,25
438,33,3.6289,0.90234,0.2207,0.33461,26
438,33,3.666,0.9375,0.052734,0.33461,39
438,33,-3.8203,0,-0.24023,0.33461,26
438,33,-0.34375,2.082,0.60352,0.66921,38
438,33,-0.2793,2.0957,0.7168,0.66921,65
438,33,-0.2832,2.1426,0.69141,0.66921,54
438,33,-0.2168,2.1973,0.66992,0.66921,27
438,33,3.666,0.73828,0.58008,0.66921,19
438,33,-0.27344,2.0781,0.65234,1.0038,14
438,33,-0.2793,2.1172,0.65234,1.0038,34
438,33,-0.2832,2.127,0.73828,1.0038,37
438,33,-0.28906,2.1602,0.75781,1.0038,23
438,33,0.066406,1.9102,-0.91406,-0.33461,10
438,33,-0.13672,2.1855,0.14453,-0.33461,16
438,33,-0.20898,2.2207,0.070313,-0.33461,23
438,33,0,2.2598,-0.21094,-0.33461,22
438,33,0,2.2129,-0.6543,-0.33461,13
438,33,-3.7461,0,-0.42383,-0.33461,18
438,33,-3.666,0.69336,-0.63281,-0.33461,35
438,33,-3.7012,0.54688,-0.77344,-0.33461,29
438,33,0.20313,2.1465,0.025391,0.33461,8
438,33,-2.6016,0,-3.2578,0.66921,10
438,33,-0.79492,1.1543,1.5898,-0.33461,6
438,33,-1.1699,2.1797,2.8125,-0.33461,11
439,27,-0.20508,2.1738,0.20898,0,10
439,27,-0.13867,2.209,0.28516,0,39
439,27,-0.14258,2.2461,0.30273,0,59
439,27,-0.14453,2.2813,0.31445,0,40
439,27,-0.2207,2.3145,0.30859,0,9
439,27,0,2.1563,-0.072266,0.33461,16
439,27,-0.20508,2.1797,0.14648,0.33461,29
439,27,-0.2793,2.1914,0.32422,0.33461,81
439,27,-0.2832,2.209,0.43945,0.33461,120
439,27,-0.2168,2.2324,0.54297,0.33461,84
439,27,-0.2207,2.2773,0.51367,0.33461,22
439,27,-0.20508,2.1484,0.39844,0.66921,16
439,27,-0.2793,2.1406,0.56836,0.66921,65
439,27,-0.2832,2.168,0.61133,0.66921,114
439,27,-0.28906,2.2012,0.63086,0.66921,88
439,27,-0.2207,2.2539,0.61328,0.66921,29
439,27,-0.2793,2.0234,0.90039,1.0038,16
439,27,-0.21289,2.0957,0.84375,1.0038,34
439,27,-0.2168,2.1582,0.78516,1.0038,29
439,27,0.21289,2.2246,-0.40039,-0.66921,14
439,27,0.066406,2.0898,-0.3418,-0.33461,11
439,27,0.068359,2.1367,-0.28711,-0.33461,19
439,27,0,2.166,-0.35742,-0.33461,13
439,27,0.2793,2.1914,-0.32227,-0.33461,25
439,27,0.21289,2.2461,-0.25391,-0.33461,46
439,27,0.072266,2.3027,-0.125,-0.33461,33
439,27,-0.41797,1.8125,1.2344,-0.33461,13
440,22,-0.13672,2.1797,0.20313,0,8
440,22,-0.20898,2.2129,0.19727,0,33
440,22,-0.21289,2.252,0.19922,0,60
440,22,-0.2168,2.2852,0.23242,0,53
440,22,-0.2207,2.3125,0.32422,0,28
440,22,-0.20508,2.1621,0.30859,0.33461,26
440,22,-0.20898,2.1914,0.37305,0.33461,99
440,22,-0.21289,2.2305,0.36133,0.33461,167
440,22,-0.2168,2.2676,0.37305,0.33461,143
440,22,-0.2207,2.293,0.44727,0.33461,63
440,22,-0.20898,2.1641,0.50977,0.66921,36
440,22,-0.21289,2.2012,0.51172,0.66921,63
440,22,-0.2168,2.2305,0.55078,0.66921,55
440,22,-0.2207,2.25,0.62305,0.66921,27
440,22,-0.20898,2.2227,0.027344,-0.66921,14
440,22,-0.14258,2.2656,-0.0078125,-0.66921,22
440,22,-0.2168,2.293,-0.13086,-0.66921,17
440,22,-0.13672,2.1582,0.37305,-0.33461,15
440,22,-0.20898,2.2207,0.091797,-0.33461,41
440,22,-0.21289,2.2598,0.027344,-0.33461,67
440,22,-0.14453,2.3027,0.080078,-0.33461,50
440,22,-0.2207,2.334,0.046875,-0.33461,15
441,19,-0.2832,2.2188,0.39063,0,9
441,19,-0.2168,2.2754,0.32422,0,12
441,19,0,2.0723,-0.19336,0.33461,11
441,19,0,2.1133,-0.16211,0.33461,21
441,19,0,2.1563,-0.046875,0.33461,28
441,19,0.068359,2.1875,0.16211,0.33461,28
441,19,0,2.2109,0.31055,0.33461,19
441,19,-0.14258,2.2539,0.22852,0.33461,44
441,19,-0.14453,2.2852,0.28711,0.33461,55
441,19,-0.14648,2.3027,0.41797,0.33461,33
441,19,-0.21289,2.2246,0.39453,0.66921,16
441,19,-0.14453,2.2754,0.35547,0.66921,20
441,19,0,2.0742,-0.42969,-0.33461,20
441,19,0.068359,2.1309,-0.33203,-0.33461,26
441,19,0,2.1934,-0.060547,-0.33461,25
441,19,0.13867,2.2285,0.035156,-0.33461,16
441,19,0,2.2656,-0.12695,-0.33461,28
441,19,0,2.3066,-0.083984,-0.33461,34
441,19,-0.14648,2.3398,0.099609,-0.33461,20
442,14,0,2.0645,-0.25781,0.33461,18
442,14,0,2.1074,-0.20898,0.33461,33
442,14,0.068359,2.1543,-0.095703,0.33461,35
442,14,0,2.1934,0.035156,0.33461,31
442,14,0,2.2207,0.22852,0.33461,22
442,14,-0.070313,2.2363,0.38477,0.33461,20
442,14,-0.14453,2.2754,0.35742,0.33461,20
442,14,0,2.0078,-0.54492,-0.33461,16
442,14,0,2.0547,-0.51563,-0.33461,28
442,14,0.068359,2.1133,-0.42578,-0.33461,31
442,14,0,2.1699,-0.32617,-0.33461,27
442,14,0,2.2168,-0.26172,-0.33461,20
442,14,0,2.2676,-0.087891,-0.33461,17
442,14,-0.14453,2.3027,0.052734,-0.33461,18
443,12,0,2.0723,-0.19531,0.33461,17
443,12,0,2.1055,-0.24219,0.33461,25
443,12,0.068359,2.1543,-0.0625,0.33461,20
443,12,0.068359,2.1699,0.31445,0.33461,24
443,12,0.070313,2.2305,0.076172,0.33461,28
443,12,0.070313,2.2617,-0.16992,0.33461,18
443,12,0,2,-0.57031,-0.33461,13
443,12,0,2.0508,-0.5293,-0.33461,21
443,12,0.068359,2.123,-0.375,-0.33461,16
443,12,0.068359,2.1934,0.035156,-0.33461,21
443,12,0.13867,2.2188,-0.20898,-0.33461,25
443,12,0.070313,2.2285,-0.42578,-0.33461,16
444,10,0,2.0918,-0.33398,0.33461,17
444,10,0,2.0957,-0.50977,0.33461,19
444,10,0.068359,2.041,-0.80078,0.33461,14
444,10,0.13867,2.1738,-0.48438,0.33461,19
444,10,0.14258,2.2461,-0.29883,0.33461,24
444,10,0,2.0586,-0.50195,-0.33461,14
444,10,0,2.0176,-0.75977,-0.33461,15
444,10,0.20898,2.0371,-0.88867,-0.33461,15
444,10,0.070313,2.1602,-0.69727,-0.33461,19
444,10,0.072266,2.2656,-0.43359,-0.33461,15
471,4,0.14258,2.2637,0.080078,0.33461,16
471,4,0.2168,2.2969,-0.0019531,0.33461,14
471,4,0.21289,2.2363,-0.32813,-0.33461,14
471,4,0.2168,2.2617,-0.40039,-0.33461,12
472,22,-0.20508,2.1602,-0.32422,0,11
472,22,-0.20898,2.1934,-0.35547,0,16
472,22,-0.14258,2.2285,-0.40625,0,12
472,22,-0.20313,2.1387,0.19531,0.33461,19
472,22,-0.27344,2.1777,-0.019531,0.33461,44
472,22,-0.34961,2.1875,-0.26758,0.33461,55
472,22,-0.42578,2.0586,-0.85742,0.33461,35
472,22,0.2168,2.2969,0.056641,0.33461,28
472,22,0.14648,2.334,-0.19336,0.33461,13
472,22,-0.34961,2.2012,-0.10938,0.66921,18
472,22,-0.20508,2.1289,-0.49023,-0.66921,20
472,22,-0.2793,2.0996,-0.70508,-0.66921,26
472,22,-0.35547,1.9668,-1.0762,-0.66921,16
472,22,-0.13477,2.1426,-0.21094,-0.33461,23
472,22,-0.20508,2.1582,-0.33789,-0.33461,61
472,22,-0.2793,2.1465,-0.54688,-0.33461,79
472,22,-0.35547,2.0508,-0.9043,-0.33461,49
472,22,0.28906,2.2871,-0.12109,-0.33461,23
472,22,0.14648,2.2969,-0.45508,-0.33461,12
472,22,0.35547,2.207,0.39844,0.33461,33
472,22,0.42578,2.1777,0.47461,-0.33461,26
472,22,-0.43359,1.043,-2.0117,-0.33461,18
473,24,-0.20313,2.0801,-0.5332,0,33
473,24,-0.13672,2.123,-0.53906,0,67
473,24,-0.13867,2.1582,-0.54883,0,64
473,24,-0.21289,2.2031,-0.50781,0,32
473,24,0,2.2344,-0.57617,0,9
473,24,0,2.1152,-0.125,0.33461,16
473,24,-0.33789,2.0977,-0.36719,0.33461,20
473,24,-0.27344,2.1211,-0.49219,0.33461,51
473,24,-0.20898,2.1934,-0.35938,0.33461,63
473,24,-0.21289,2.2266,-0.38477,0.33461,37
473,24,0.28906,2.2891,-0.056641,0.33461,12
473,24,-0.34375,2.1367,-0.36133,0.66921,17
473,24,-0.2793,2.2051,-0.20508,0.66921,21
473,24,-0.20313,1.9824,-0.82422,-0.66921,28
473,24,-0.13672,2.0234,-0.83594,-0.66921,61
473,24,-0.13867,2.0781,-0.80273,-0.66921,62
473,24,-0.14258,2.1328,-0.76172,-0.66921,32
473,24,0,2.0801,-0.4043,-0.33461,16
473,24,-0.20313,2.0234,-0.7168,-0.33461,72
473,24,-0.13672,2.0723,-0.70508,-0.33461,160
473,24,-0.13867,2.1289,-0.66016,-0.33461,168
473,24,-0.21289,2.1758,-0.61328,-0.33461,89
473,24,-0.28906,2.248,-0.43164,-0.33461,24
473,24,-0.43359,1.4629,1.7324,0.33461,11
474,42,-0.13281,2.0879,-0.33984,0,21
474,42,-0.20313,2.1328,-0.25,0,106
474,42,-0.20508,2.1641,-0.29688,0,182
474,42,-0.20898,2.1953,-0.34375,0,144
474,42,-0.21289,2.2188,-0.42578,0,56
474,42,-0.2168,2.248,-0.47266,0,16
474,42,3.5117,1.0215,-0.80859,0,13
474,42,3.5469,0.89063,-0.96875,0,11
474,42,0,2.1074,-0.22461,0.33461,12
474,42,-0.20313,2.125,-0.3125,0.33461,22
474,42,-0.27344,2.1465,-0.36719,0.33461,26
474,42,-0.2793,2.1895,-0.33594,0.33461,34
474,42,-0.2832,2.1816,-0.56055,0.33461,35
474,42,-0.36133,2.0156,-1.0664,0.33461,19
474,42,-0.34375,2.1621,-0.14844,0.66921,12
474,42,-0.34961,2.1895,-0.25977,0.66921,14
474,42,-0.2832,2.1855,-0.54492,0.66921,15
474,42,0,1.8984,-0.94141,-0.66921,18
474,42,-0.20313,2.0723,-0.5625,-0.66921,88
474,42,-0.20508,2.1016,-0.5957,-0.66921,155
474,42,-0.13867,2.1348,-0.63672,-0.66921,122
474,42,-0.21289,2.1543,-0.68555,-0.66921,49
474,42,-0.2168,2.2266,-0.56836,-0.66921,14
474,42,3.6289,0,-1.1543,-0.66921,13
474,42,-0.13281,2.0977,-0.27148,-0.33461,43
474,42,-0.20313,2.1074,-0.41016,-0.33461,203
474,42,-0.20508,2.1348,-0.46289,-0.33461,345
474,42,-0.20898,2.1641,-0.50195,-0.33461,272
474,42,-0.21289,2.2012,-0.50977,-0.33461,113
474,42,-0.2168,2.2617,-0.4043,-0.33461,35
474,42,3.4766,1.0059,-0.80664,-0.33461,15
474,42,3.6289,0,-0.93555,-0.33461,28
474,42,3.666,0,-1.0703,-0.33461,27
474,42,-2.459,0,3.127,0,9
474,42,-2.6016,0,2.8301,0,6
474,42,0.42578,2.0703,0.82617,0.33461,18
474,42,0.36133,2.2676,0.23438,0.33461,15
474,42,-0.86133,1.1855,1.5313,-0.66921,10
474,42,-2.5742,0,2.9512,-0.66921,8
474,42,-2.5488,0,3.0762,-0.33461,12
474,42,-2.459,0,2.9141,-0.33461,19
474,42,-2.4824,0.6543,2.7793,-0.33461,14
475,60,-0.32422,2.0527,-0.11133,0,10
475,60,-0.26563,2.0977,-0.12305,0,33
475,60,-0.26953,2.1309,-0.18359,0,62
475,60,-0.20508,2.1719,-0.24219,0,69
475,60,-0.13867,2.1738,-0.48438,0,43
475,60,-0.14258,2.2305,-0.39844,0,41
475,60,-0.14453,2.2793,-0.32617,0,26
475,60,-0.37891,3,0.12695,0,11
475,60,-0.28711,3.0508,-0.0019531,0,11
475,60,3.4766,1.1738,-0.53516,0,20
475,60,0,2.043,-0.40039,0.33461,12
475,60,0,2.0996,-0.28516,0.33461,12
475,60,0,2.1543,0.10742,0.33461,51
475,60,0,2.1895,0.13477,0.33461,93
475,60,0,2.2227,0.20898,0.33461,88
475,60,0.070313,2.248,0.30664,0.33461,51
475,60,0.14453,2.2969,0.17383,0.33461,27
475,60,-3.8203,0,-0.21094,0.33461,14
475,60,0,2.1465,0.20313,0.66921,17
475,60,0,2.1699,0.32422,0.66921,31
475,60,0,2.166,0.54102,0.66921,27
475,60,-0.26953,1.9805,-0.81055,-1.3384,13
475,60,-0.19141,1.9336,-0.63281,-1.0038,12
475,60,-0.19922,1.9961,-0.68164,-1.0038,50
475,60,-0.20313,2.0293,-0.70313,-1.0038,63
475,60,-0.20508,2.0488,-0.75781,-1.0038,27
475,60,-0.7832,8.1465,-1.7148,-1.0038,16
475,60,-0.25977,2.0625,-0.10938,-0.66921,20
475,60,-0.19922,2.0742,-0.38086,-0.66921,96
475,60,-0.13477,2.1133,-0.41211,-0.66921,152
475,60,-0.13672,2.1465,-0.43359,-0.66921,124
475,60,-0.070313,2.1758,-0.49219,-0.66921,58
475,60,-0.070313,2.1855,-0.61133,-0.66921,32
475,60,-0.14453,2.1758,-0.75391,-0.66921,19
475,60,-0.18945,3.0156,-0.16797,-0.66921,21
475,60,-0.19141,3.0508,-0.21484,-0.66921,21
475,60,3.5547,0.68555,-0.59961,-0.66921,25
475,60,3.5918,0.54102,-0.74414,-0.66921,44
475,60,3.6289,0.40039,-0.83789,-0.66921,30
475,60,-0.32422,2.0547,0.064453,-0.33461,18
475,60,-0.19922,2.1035,-0.16602,-0.33461,87
475,60,-0.20313,2.1348,-0.23047,-0.33461,187
475,60,-0.068359,2.1738,-0.29688,-0.33461,223
475,60,-0.070313,2.2031,-0.35352,-0.33461,147
475,60,-0.070313,2.2207,-0.46289,-0.33461,77
475,60,-0.14453,2.2168,-0.62891,-0.33461,42
475,60,-0.2832,3.0137,-0.0039063,-0.33461,25
475,60,-0.19141,3.0566,-0.12305,-0.33461,25
475,60,3.5547,0.7832,-0.46484,-0.33461,29
475,60,3.4766,1.125,-0.63086,-0.33461,48
475,60,3.5117,1.082,-0.72656,-0.33461,34
475,60,-2.5488,0,3.2168,0,13
475,60,0,3.8203,0,0.33461,8
475,60,-1.0098,1.2207,1.6797,-0.66921,10
475,60,-2.4082,0,3.0449,-0.66921,16
475,60,-2.4336,0,2.8867,-0.66921,26
475,60,-2.5742,0,2.7539,-0.66921,17
475,60,-2.5234,0,3.1465,-0.33461,19
475,60,-2.4336,0,3.0684,-0.33461,30
475,60,-2.5742,0,2.9746,-0.33461,20
476,64,-0.19922,2.1074,-0.083984,0,12
476,64,-0.20313,2.1387,-0.18359,0,15
476,64,0,2.1855,0.19531,0,13
476,64,-0.13867,2.1426,0.60938,0,11
476,64,0.070313,2.0293,-1.0137,0,10
476,64,0,2.2598,-0.47266,0,10
476,64,-0.27734,2.748,1.041,0,14
476,64,-0.2793,2.8457,0.86719,0,18
476,64,-0.18945,2.9199,0.77539,0,11
476,64,-0.064453,2.0527,-0.33789,0.33461,19
476,64,-0.066406,2.0859,-0.36133,0.33461,19
476,64,0.068359,1.9297,1.043,0.33461,19
476,64,-0.41797,2.1074,-0.60547,0.33461,17
476,64,-0.14258,2.25,-0.25977,0.33461,45
476,64,0,2.3047,-0.13477,0.33461,37
476,64,0,2.3438,-0.099609,0.33461,12
476,64,-0.2793,2.1914,-0.32031,0.66921,11
476,64,-0.14258,2.2637,-0.11133,0.66921,30
476,64,-0.072266,2.2988,-0.19336,0.66921,30
476,64,-0.24023,1.8027,-0.64258,-2.0076,18
476,64,-0.24609,1.8203,-0.70508,-2.0076,37
476,64,-0.25,1.8555,-0.71875,-2.0076,36
476,64,-0.25586,1.8711,-0.78125,-2.0076,16
476,64,-0.24023,1.8125,-0.61719,-1.673,25
476,64,-0.24609,1.8438,-0.64258,-1.673,51
476,64,-0.25,1.875,-0.66211,-1.673,47
476,64,-0.31836,1.8906,-0.70508,-1.673,19
476,64,3.334,0,-1.3809,-1.673,17
476,64,3.3691,0,-1.459,-1.673,24
476,64,3.291,0.4375,-1.4727,-1.673,14
476,64,-0.24023,1.8477,-0.5,-1.3384,18
476,64,-0.18359,1.8867,-0.52344,-1.3384,36
476,64,-0.25,1.9043,-0.57813,-1.3384,36
476,64,-0.25586,1.9375,-0.59961,-1.3384,23
476,64,-0.25977,1.9805,-0.58008,-1.3384,12
476,64,-0.27734,2.9316,-0.20703,-1.3384,20
476,64,-0.1875,2.9805,-0.097656,-1.3384,23
476,64,3.4453,0,-1.1875,-1.3384,23
476,64,3.3691,0.1582,-1.2402,-1.3384,37
476,64,3.4043,0,-1.3203,-1.3384,32
476,64,-0.18359,1.9238,-0.36914,-1.0038,11
476,64,-0.25,1.9492,-0.40039,-1.0038,22
476,64,-0.25586,1.9863,-0.4082,-1.0038,32
476,64,-0.25977,2.0176,-0.43359,-1.0038,24
476,64,-0.26563,2.0645,-0.39648,-1.0038,11
476,64,-0.27734,2.9355,0.11328,-1.0038,18
476,64,-0.2793,2.9648,0.25195,-1.0038,20
476,64,3.3691,0.82617,-0.93945,-1.0038,34
476,64,3.4043,0.79297,-0.98438,-1.0038,38
476,64,-0.3125,1.957,-0.30273,-0.66921,11
476,64,-0.25586,2.0039,-0.30273,-0.66921,20
476,64,-0.32422,2,-0.47461,-0.66921,15
476,64,-0.26563,2.0918,-0.2168,-0.66921,12
476,64,-0.20313,2.123,-0.32031,-0.66921,22
476,64,-0.21289,2.2188,-0.43164,-0.66921,14
476,64,-0.18359,2.873,0.64648,-0.66921,23
476,64,-0.1875,2.9258,0.58398,-0.66921,28
476,64,-0.2832,2.9844,0.41992,-0.66921,16
476,64,-0.46289,2.0449,0.30469,-0.33461,12
476,64,-0.20313,2.1445,-0.11719,-0.33461,27
476,64,-0.34375,2.0801,-0.60938,-0.33461,18
476,64,-0.2793,2.1621,-0.47852,-0.33461,29
476,64,-0.21289,2.2363,-0.33203,-0.33461,33
476,64,-0.2168,2.2832,-0.26367,-0.33461,17
477,58,-0.83789,0.97656,1.8242,0,9
477,58,-0.28906,2.2891,-0.076172,0,12
477,58,-4.2324,0,5.4531,0,17
477,58,6.709,5.2168,-1.2383,0,18
477,58,7.0078,4.873,-1.2402,0,16
477,58,0,2.1152,-0.12695,0.33461,15
477,58,0,2.1563,-0.060547,0.33461,16
477,58,-0.13672,2.1738,0.26953,0.33461,41
477,58,-0.13867,2.2207,0.18555,0.33461,49
477,58,-0.2832,2.1055,-0.80078,0.33461,22
477,58,0.2168,2.2969,-0.03125,0.33461,19
477,58,0.14648,2.3379,0.11719,0.33461,14
477,58,-0.20508,2.1504,0.38477,0.66921,16
477,58,-0.20898,2.2012,0.31055,0.66921,19
477,58,-0.26172,2.752,-0.44336,-2.3422,11
477,58,-0.35547,2.7754,-0.46875,-2.3422,11
477,58,-0.26172,2.7773,-0.23828,-2.0076,16
477,58,-0.35547,2.8066,-0.21484,-2.0076,18
477,58,-0.33984,1.666,-0.63672,-1.673,11
477,58,-0.34766,1.6992,-0.65625,-1.673,13
477,58,-0.33984,1.7246,-0.45703,-1.3384,20
477,58,-0.28906,1.7734,-0.45508,-1.3384,38
477,58,-0.29492,1.7949,-0.51758,-1.3384,28
477,58,-0.33984,1.7695,-0.23047,-1.0038,16
477,58,-0.28906,1.8066,-0.29688,-1.0038,32
477,58,-0.29492,1.8242,-0.40039,-1.0038,19
477,58,-0.30664,1.9102,-0.35742,-1.0038,20
477,58,-0.30078,1.9004,-0.1543,-0.66921,23
477,58,-0.30664,1.9355,-0.17578,-0.66921,32
477,58,-0.3125,1.9648,-0.25195,-0.66921,21
477,58,-0.20508,2.1855,0.023438,-0.66921,23
477,58,-0.13867,2.2285,0.033203,-0.66921,23
477,58,-0.2832,2.252,-0.072266,-0.66921,14
477,58,6.9785,4.502,-2.1895,-0.66921,20
477,58,7.5469,3.1875,-2.6992,-0.66921,17
477,58,-0.36133,1.8945,-0.042969,-0.33461,9
477,58,-0.30664,1.9434,-0.017578,-0.33461,14
477,58,-0.3125,1.9805,-0.0625,-0.33461,10
477,58,-0.20508,2.1582,0.33789,-0.33461,36
477,58,-0.13867,2.207,0.29688,-0.33461,46
477,58,-0.2832,2.252,0.037109,-0.33461,37
477,58,-0.36133,2.2793,0.0039063,-0.33461,26
477,58,-4.2324,1.9297,4.9219,-0.33461,40
477,58,-4.043,2.6621,4.7891,-0.33461,33
477,58,6.9785,4.791,-1.4512,-0.33461,34
477,58,7.0078,4.6641,-1.8809,-0.33461,29
477,58,-0.070313,2.1895,-0.42773,0,5
477,58,-1.6934,6.3164,-1.7578,0,13
477,58,-1.3418,8.4746,-0.35547,0,11
477,58,-1.6172,8.4492,-0.63867,0,12
477,58,0.42578,2.209,-0.30664,0.33461,12
477,58,-1.3418,8.3555,-1.4648,-0.66921,12
477,58,-1.0781,8.4531,-1.3359,-0.66921,14
477,58,0.43359,2.1719,-0.64648,-0.33461,17
477,58,-1.6934,6.2246,-2.0645,-0.33461,31
477,58,-1.7031,6.2559,-2.082,-0.33461,25
477,58,-1.3418,8.4434,-0.80859,-0.33461,21
477,58,-1.3477,8.4688,-0.92969,-0.33461,23
478,41,-0.30078,1.9043,0.050781,0,20
478,41,-0.36914,1.9316,0.0078125,0,17
478,41,-0.22266,2.3535,0.30469,0,12
478,41,-0.22656,2.4004,0.21289,0,21
478,41,-0.30664,2.4395,0.056641,0,15
478,41,-0.74414,4.6504,0.73828,0,13
478,41,-0.26953,2.1309,-0.19922,0.33461,28
478,41,-0.34375,2.1191,-0.45898,0.33461,36
478,41,0.20898,2.1797,0.42969,0.33461,33
478,41,0.14258,2.2656,-0.033203,0.33461,47
478,41,0.14453,2.2832,-0.30664,0.33461,32
478,41,-0.72266,5.7129,0.59375,0.33461,27
478,41,-0.72852,5.7773,0.16992,0.33461,46
478,41,-0.91602,5.791,-0.076172,0.33461,32
478,41,-0.26953,2.1387,0,0.66921,14
478,41,-0.27344,2.1699,-0.18555,0.66921,20
478,41,0.14258,2.2617,0.14063,0.66921,16
478,41,-0.91016,5.7305,0.52344,0.66921,15
478,41,-0.22656,2.4082,-0.095703,-0.66921,17
478,41,-0.5957,4.7305,-0.025391,-0.66921,18
478,41,-0.60156,4.7656,-0.14453,-0.66921,15
478,41,-0.29492,1.8691,-0.025391,-0.33461,22
478,41,-0.30078,1.9043,-0.072266,-0.33461,39
478,41,-0.30664,1.9414,-0.097656,-0.33461,35
478,41,0.14258,2.248,-0.27539,-0.33461,40
478,41,0.2168,2.2207,-0.58789,-0.33461,26
478,41,-0.22266,2.3594,0.25,-0.33461,18
478,41,-0.22656,2.4082,0.10547,-0.33461,35
478,41,-0.1543,2.4551,0.021484,-0.33461,29
478,41,-0.5957,4.7051,0.48047,-0.33461,27
478,41,-0.60156,4.7598,0.27734,-0.33461,23
478,41,-0.54688,5.7813,-0.46875,-0.33461,32
478,41,-1.043,0.79297,-1.9922,0,7
478,41,-1.1523,0,-2.2402,0,8
478,41,-1.0781,0,1.998,0.33461,16
478,41,-1.0977,0,1.9434,0.33461,25
478,41,-0.48828,1.918,-1.0313,0.33461,20
478,41,-1.0781,0,2.0938,0.66921,8
478,41,-1.0977,0,2.1309,0.66921,13
478,41,-1.0586,0,-2.4199,-0.66921,11
478,41,-1.043,0,-2.2344,-0.33461,11
479,48,-0.38867,1.7344,0.070313,0,8
479,48,-0.24023,1.9141,0.0078125,0,19
479,48,-0.13672,2.1895,0.035156,0,35
479,48,-0.13867,2.2266,-0.048828,0,57
479,48,-0.14258,2.2656,-0.017578,0,51
479,48,-0.14453,2.3027,0.050781,0,28
479,48,0,2.3438,0.09375,0,20
479,48,0,2.3828,0.085938,0,12
479,48,-0.36328,1.625,0.0097656,0.33461,13
479,48,-0.42578,1.6445,0.11914,0.33461,20
479,48,-0.32617,1.7031,0.14258,0.33461,19
479,48,-0.33398,1.7383,0.17969,0.33461,15
479,48,-0.30078,1.9023,0.11133,0.33461,35
479,48,-0.068359,2.1543,-0.072266,0.33461,78
479,48,-0.068359,2.1934,-0.013672,0.33461,117
479,48,-0.13867,2.2266,0.046875,0.33461,134
479,48,-0.14258,2.2656,0.021484,0.33461,99
479,48,-0.28906,2.2871,-0.09375,0.33461,40
479,48,-0.2207,2.3281,0.17383,0.33461,19
479,48,-0.72266,5.7012,0.68555,0.33461,26
479,48,-0.72852,5.7578,0.50391,0.33461,32
479,48,-0.41602,1.6035,0.16211,0.66921,20
479,48,-0.42578,1.6406,0.16797,0.66921,30
479,48,-0.38086,1.6875,0.19531,0.66921,24
479,48,-0.13672,2.1836,0.17969,0.66921,45
479,48,-0.20898,2.2109,0.22852,0.66921,52
479,48,-0.21289,2.2539,0.17969,0.66921,39
479,48,-0.42578,1.627,0.26758,1.0038,15
479,48,0,2.0996,-0.49609,-0.66921,23
479,48,0,2.1426,-0.47266,-0.66921,24
479,48,0,2.1934,-0.41406,-0.66921,16
479,48,-0.14453,2.3008,-0.10938,-0.66921,18
479,48,-0.14648,2.3262,-0.25781,-0.66921,24
479,48,0,2.3633,-0.30664,-0.66921,14
479,48,0,2.0859,-0.37305,-0.33461,32
479,48,0,2.1211,-0.38867,-0.33461,69
479,48,-0.068359,2.1602,-0.38477,-0.33461,71
479,48,0,2.2109,-0.3125,-0.33461,48
479,48,0,2.207,-0.5293,-0.33461,13
479,48,-0.14453,2.3027,0.076172,-0.33461,36
479,48,0,2.3457,-0.050781,-0.33461,50
479,48,0,2.3809,-0.12891,-0.33461,30
479,48,3.7012,0.51563,-0.79492,-0.33461,13
479,48,-0.54297,5.7617,-0.13477,-0.33461,26
479,48,-0.54688,5.7969,-0.20703,-0.33461,37
479,48,-0.54883,5.8379,0.033203,-0.33461,24
479,48,-1.0996,0,-2.1602,0.33461,11
479,48,-0.96875,0,2.3164,-0.66921,8
480,64,-0.25977,2.0645,0.015625,0,14
480,64,-0.26563,2.1016,-0.021484,0,19
480,64,-0.13477,2.1426,-0.19531,0,19
480,64,-0.068359,2.1895,-0.13672,0,19
480,64,-0.13867,2.2246,-0.10547,0,29
480,64,-0.14258,2.2637,-0.10352,0,32
480,64,0,2.3066,-0.089844,0,17
480,64,6.709,5.207,1.2793,0,16
480,64,6.7383,5.332,0.75,0,11
480,64,-0.30078,1.9063,0.013672,0.33461,18
480,64,-0.30664,1.9434,0.056641,0.33461,31
480,64,-0.3125,1.9805,0.015625,0.33461,23
480,64,-0.32422,2.0508,0.12891,0.33461,23
480,64,0,2.1191,-0.021484,0.33461,35
480,64,0,2.1348,-0.30859,0.33461,50
480,64,-0.13867,2.1992,0.35352,0.33461,80
480,64,-0.14258,2.2598,0.16992,0.33461,86
480,64,-0.072266,2.3027,0.12695,0.33461,47
480,64,0,2.3398,0.16406,0.33461,23
480,64,-3.7832,0,-0.21484,0.33461,23
480,64,-3.7012,0.89453,-0.3125,0.33461,21
480,64,4.7031,3.291,0.75,0.33461,21
480,64,6.709,5.123,1.582,0.33461,32
480,64,6.7383,5.082,1.7813,0.33461,22
480,64,-0.33984,1.7832,0.070313,0.66921,19
480,64,-0.34766,1.8164,0.12695,0.66921,29
480,64,-0.29492,1.8652,0.10742,0.66921,25
480,64,-0.36133,1.8887,0.14844,0.66921,34
480,64,-0.30664,1.9375,0.15625,0.66921,52
480,64,-0.3125,1.9766,0.11719,0.66921,38
480,64,-0.20898,2.168,0.49023,0.66921,31
480,64,-0.14258,2.2344,0.37695,0.66921,35
480,64,0,2.2754,0.38672,0.66921,20
480,64,6.709,4.998,1.9375,0.66921,18
480,64,6.4688,5.3418,2.0078,0.66921,13
480,64,-0.33984,1.7695,0.2207,1.0038,37
480,64,-0.34766,1.8047,0.24805,1.0038,63
480,64,-0.29492,1.8496,0.25977,1.0038,46
480,64,-0.30078,1.8926,0.21875,1.0038,26
480,64,-0.36914,1.916,0.24609,1.0038,25
480,64,-0.3125,1.9668,0.23438,1.0038,19
480,64,-0.33398,1.6934,0.42969,1.3384,14
480,64,-0.39648,1.752,0.25977,1.3384,20
480,64,-0.34766,1.7891,0.3418,1.3384,40
480,64,-0.35547,1.8242,0.34766,1.3384,30
480,64,0.066406,2.0449,-0.55078,-0.66921,15
480,64,0,2.0684,-0.60938,-0.66921,22
480,64,0,2.1543,-0.41797,-0.66921,15
480,64,0,2.2266,-0.15234,-0.66921,17
480,64,0,2.2539,-0.26367,-0.66921,13
480,64,0,2.0547,-0.32813,-0.33461,12
480,64,0,2.0781,-0.4082,-0.33461,47
480,64,0,2.1016,-0.48438,-0.33461,67
480,64,0.068359,2.166,-0.34375,-0.33461,45
480,64,0,2.2324,-0.0039063,-0.33461,51
480,64,0,2.2676,-0.089844,-0.33461,37
480,64,0,2.3047,-0.11914,-0.33461,17
480,64,0,2.3457,-0.017578,-0.33461,17
480,64,-3.7832,0,-0.53516,-0.33461,24
480,64,-3.7012,0.70703,-0.63086,-0.33461,25
480,64,-0.86523,0,-2.2754,0,11
480,64,-1.0742,8.5039,-0.53906,0,13
480,64,-1.3477,8.4746,-0.88672,0,11
480,64,-0.87891,0.89453,-1.9824,0.33461,13
481,59,-0.30664,1.9375,0.13672,0,19
481,59,-0.3125,1.9805,0.056641,0,17
481,59,0,2.0762,-0.13086,0,8
481,59,0,2.1035,-0.25977,0,18
481,59,0,2.1289,-0.34375,0,16
481,59,-0.20898,2.2207,-0.089844,0,13
481,59,0,2.2695,0.060547,0,13
481,59,-0.7207,1.3066,-1.7598,0,15
481,59,-0.66016,1.5137,-1.666,0,14
481,59,0,2.0625,-0.27148,0.33461,22
481,59,0.066406,2.0801,-0.40234,0.33461,47
481,59,0,2.1445,-0.23047,0.33461,59
481,59,-0.068359,2.1914,0.085938,0.33461,76
481,59,-0.13867,2.2051,0.31445,0.33461,67
481,59,-0.21289,2.1855,0.57617,0.33461,37
481,59,-0.36133,2.2656,0.24609,0.33461,29
481,59,-0.73242,1.6973,-1.4434,0.33461,27
481,59,-0.42188,1.8242,0.4668,0.66921,14
481,59,-0.30664,1.918,0.31641,0.66921,40
481,59,-0.3125,1.9629,0.26563,0.66921,43
481,59,-0.31836,2.0059,0.21875,0.66921,24
481,59,-0.13477,2.1484,0.12695,0.66921,25
481,59,-0.13672,2.1777,0.22852,0.66921,34
481,59,-0.20898,2.2012,0.30469,0.66921,28
481,59,-0.2832,2.2148,0.41406,0.66921,14
481,59,-0.9375,1.4473,-1.5352,0.66921,12
481,59,-0.36133,1.8086,0.56836,1.0038,72
481,59,-0.36914,1.8672,0.49805,1.0038,172
481,59,-0.3125,1.9297,0.44727,1.0038,158
481,59,-0.31836,1.9844,0.36719,1.0038,61
481,59,-0.36133,1.75,0.72852,1.3384,92
481,59,-0.36914,1.8262,0.63281,1.3384,196
481,59,-0.3125,1.8906,0.5918,1.3384,166
481,59,-0.31836,1.9512,0.51758,1.3384,57
481,59,-0.42188,1.6895,0.83008,1.673,41
481,59,-0.36914,1.7676,0.7832,1.673,70
481,59,-0.375,1.834,0.7168,1.673,53
481,59,-0.38281,1.9121,0.60938,1.673,16
481,59,0,1.9824,-0.62891,-0.66921,12
481,59,0.066406,1.9824,-0.74414,-0.66921,26
481,59,0.068359,2.0527,-0.6582,-0.66921,27
481,59,0,2.166,-0.34766,-0.66921,22
481,59,-0.13867,2.2266,0.044922,-0.66921,16
481,59,0,2.0273,-0.47266,-0.33461,35
481,59,0.066406,2.0488,-0.53516,-0.33461,76
481,59,0.068359,2.0859,-0.53906,-0.33461,78
481,59,0,2.1797,-0.24805,-0.33461,64
481,59,-0.070313,2.2227,0.20117,-0.33461,44
481,59,0.35547,2.1699,-0.56055,-0.33461,28
481,59,0.28906,2.2422,-0.46484,-0.33461,28
481,59,-0.85156,0.94727,-1.8789,0,8
481,59,0.14453,2.2422,0.52539,0,12
481,59,0.29297,1.5918,1.6973,0,8
481,59,-0.99219,0.73633,-1.9043,0.33461,21
481,59,-0.9375,1.1152,-1.7891,0.33461,28
481,59,-0.58594,2.0801,-0.91211,0.33461,27
481,59,-0.99219,0.94531,-1.8086,0.66921,8
481,59,0.50391,1.9141,-1.1855,0.66921,8
481,59,-0.35547,1.9941,1.0254,-0.33461,20
482,51,-0.31836,2.0078,0.19531,0,11
482,51,-0.25977,2.0566,0.17578,0,20
482,51,-0.26563,2.0977,0.13281,0,16
482,51,-0.27344,0.68359,2.8184,0,19
482,51,0,2.0801,-0.033203,0.33461,16
482,51,0,2.1172,-0.083984,0.33461,43
482,51,0,2.1563,0.0019531,0.33461,64
482,51,0,2.1914,0.12695,0.33461,61
482,51,0.13867,2.2207,0.17383,0.33461,39
482,51,0.21289,2.2324,-0.34766,0.33461,31
482,51,0.2168,2.2578,-0.42188,0.33461,24
482,51,0.074219,2.3398,-0.14844,0.33461,13
482,51,-0.26953,1.127,-2.6328,0.33461,30
482,51,-0.18164,1.1777,2.6582,0.33461,38
482,51,-0.18359,2.543,1.4863,0.33461,23
482,51,-0.3125,1.8984,0.56641,0.66921,14
482,51,-0.25586,1.9805,0.43555,0.66921,36
482,51,-0.25977,2.0215,0.41992,0.66921,33
482,51,-0.19922,2.0859,0.31445,0.66921,20
482,51,-0.20313,2.1348,0.23242,0.66921,38
482,51,-0.13672,2.1797,0.21875,0.66921,33
482,51,-0.36328,1.7871,2.2715,0.66921,33
482,51,-0.25,1.8867,0.63086,1.0038,30
482,51,-0.25586,1.9355,0.59961,1.0038,95
482,51,-0.25977,1.9766,0.59961,1.0038,138
482,51,-0.26563,2.0195,0.58008,1.0038,88
482,51,-0.26953,2.0645,0.56445,1.0038,19
482,51,-0.3125,1.7969,0.83398,1.3384,22
482,51,-0.31836,1.8672,0.76367,1.3384,81
482,51,-0.25977,1.9316,0.72852,1.3384,133
482,51,-0.26563,1.9746,0.71875,1.3384,99
482,51,-0.26953,2.0156,0.7168,1.3384,32
482,51,-0.31836,1.7598,0.98633,1.673,16
482,51,-0.32422,1.8457,0.90625,1.673,26
482,51,-0.33008,1.916,0.84375,1.673,20
482,51,0.066406,2.0059,-0.67969,-0.66921,13
482,51,0.068359,2.0996,-0.49023,-0.66921,18
482,51,0.13672,2.1699,-0.30273,-0.66921,18
482,51,0.13867,2.1992,-0.35547,-0.66921,16
482,51,0,2.0566,-0.3125,-0.33461,19
482,51,0.066406,2.0684,-0.45703,-0.33461,44
482,51,0.068359,2.125,-0.36523,-0.33461,55
482,51,0.13672,2.1855,-0.14648,-0.33461,50
482,51,0.20898,2.2129,-0.20117,-0.33461,47
482,51,0.21289,2.2012,-0.50781,-0.33461,42
482,51,0.28906,2.1895,-0.66992,-0.33461,29
482,51,0.14648,2.3105,-0.37891,-0.33461,15
482,51,0,2.3828,0,-0.33461,15
482,51,-3.7832,0,-0.4668,-0.33461,19
482,51,-3.7012,0.58203,-0.74805,-0.33461,18
482,51,-0.54688,5.7734,-0.56641,-0.33461,16
483,58,-0.19922,2.1055,0.13281,0,10
483,58,-0.13477,2.127,0.33203,0,14
483,58,-0.13672,2.1719,0.2793,0,13
483,58,0,2.2246,0.17383,0,9
483,58,-2.293,0,3.5977,0,10
483,58,0.066406,1.6523,1.3242,0.33461,21
483,58,-0.26953,2.1074,0.36914,0.33461,61
483,58,-0.20508,2.1719,0.23633,0.33461,66
483,58,-0.34961,2.1973,-0.17188,0.33461,27
483,58,-0.35547,2.1191,0.73047,0.33461,24
483,58,-0.28906,2.2285,0.52148,0.33461,21
483,58,-2.3828,0,-3.5293,0.33461,13
483,58,-2.0645,0,-3.5605,0.33461,20
483,58,3.4766,1.1289,0.625,0.33461,15
483,58,0.23438,3.7363,-0.11328,0.33461,16
483,58,-3.7832,0,-0.41797,0.33461,25
483,58,-3.7012,0.875,-0.36523,0.33461,24
483,58,-0.26563,2.0449,0.48438,0.66921,60
483,58,-0.26953,2.0879,0.46289,0.66921,142
483,58,-0.27344,2.1348,0.42578,0.66921,141
483,58,-0.2793,2.1875,0.34766,0.66921,55
483,58,3.4766,0.99414,0.82422,0.66921,17
483,58,0.11719,3.7402,-0.15039,0.66921,15
483,58,-0.26563,2.0117,0.61133,1.0038,46
483,58,-0.26953,2.0645,0.5625,1.0038,86
483,58,-0.27344,2.0996,0.57227,1.0038,69
483,58,-0.34961,2.1367,0.54102,1.0038,19
483,58,-0.33789,2.0293,0.64453,1.3384,14
483,58,-0.34375,2.0098,0.8125,1.3384,13
483,58,-0.34961,2.0313,0.85938,1.3384,14
483,58,3.666,0,-0.94922,-0.66921,13
483,58,0,2.0918,-0.33398,-0.33461,30
483,58,0.068359,2.1406,0.24414,-0.33461,31
483,58,0.13672,2.1719,0.27344,-0.33461,29
483,58,0.2793,2.2129,-0.10938,-0.33461,28
483,58,0.35547,2.1328,-0.68945,-0.33461,23
483,58,-0.28906,2.2461,0.44336,-0.33461,21
483,58,-3.7461,0,-0.61523,-0.33461,19
483,58,-3.7832,0,-0.67773,-0.33461,41
483,58,-3.7012,0.52539,-0.78906,-0.33461,37
483,58,-3.8594,0,-0.91016,-0.33461,14
483,58,-0.34375,3.5234,0.96484,0,9
483,58,-0.39648,2.0586,0.30078,0.33461,20
483,58,0.20898,2.1641,0.50781,0.33461,21
483,58,0.35547,2.1699,-0.5625,0.33461,18
483,58,-0.56836,3.4629,0.93359,0.33461,13
483,58,-0.34375,3.4512,1.2012,0.33461,17
483,58,-1.623,0,3.6602,0.33461,15
483,58,-1.2871,0,3.5918,0.33461,16
483,58,-1.1816,0.84961,3.4922,0.33461,18
483,58,-1.3145,0.38672,3.5684,0.33461,13
483,58,-0.11523,3.6934,0.31641,0.66921,15
483,58,-1.4043,0,3.5645,0.66921,14
483,58,-0.48828,0,-2.1836,-0.33461,17
483,58,-0.35547,2.1445,0.65234,-0.33461,23
483,58,0.36133,2.1289,-0.81445,-0.33461,16
483,58,0.35156,3.7051,-0.42383,-0.33461,11
483,58,0,3.8262,-0.49805,-0.33461,8
484,56,-0.13477,2.1504,0.085938,0,15
484,56,-0.13672,2.1895,0,0,73
484,56,-0.13867,2.2285,-0.033203,0,113
484,56,-0.21289,2.2578,-0.10352,0,69
484,56,-0.28906,2.2617,-0.35938,0,15
484,56,3.6289,0.9043,0.21484,0,16
484,56,3.666,0.92188,0.17773,0,23
484,56,3.7012,0.94141,0.10156,0,16
484,56,0.066406,2.0977,-0.28711,0.33461,28
484,56,0.068359,2.1445,-0.2168,0.33461,52
484,56,-0.13672,2.1816,-0.18359,0.33461,83
484,56,-0.13867,2.2266,-0.095703,0.33461,88
484,56,-0.2832,2.252,0.015625,0.33461,55
484,56,-0.14453,2.2637,0.42188,0.33461,31
484,56,0.11719,3.7422,-0.12305,0.33461,26
484,56,3.4277,1.5273,0.4707,0.33461,28
484,56,3.4629,1.5684,0.38477,0.33461,18
484,56,0.068359,2.1191,-0.39063,0.66921,15
484,56,-0.41211,1.4805,1.5664,0.66921,44
484,56,-0.2793,1.9941,0.96484,0.66921,91
484,56,-0.21289,2.1328,0.75,0.66921,101
484,56,-0.2168,2.1914,0.69336,0.66921,56
484,56,3.5117,0.9375,0.90625,0.66921,23
484,56,3.5469,0.92383,0.93945,0.66921,26
484,56,-1.3145,1.1172,-3.4102,0.66921,15
484,56,-0.27344,2.0781,0.64648,1.0038,60
484,56,-0.2793,2.1113,0.66992,1.0038,107
484,56,-0.2832,2.1406,0.70117,1.0038,89
484,56,-0.28906,2.166,0.74023,1.0038,38
484,56,-0.20898,2.0918,0.75,1.3384,14
484,56,-0.2832,2.125,0.74414,1.3384,13
484,56,0.13477,2.0488,-0.6582,-0.66921,14
484,56,0,2.1738,-0.29883,-0.66921,11
484,56,0,2.2246,-0.17578,-0.66921,18
484,56,0,2.2539,-0.27734,-0.66921,16
484,56,0.066406,2.0508,-0.52734,-0.33461,31
484,56,0.13477,2.0859,-0.5332,-0.33461,39
484,56,0,2.1934,-0.082031,-0.33461,38
484,56,0,2.2324,-0.052734,-0.33461,71
484,56,0,2.2637,-0.17773,-0.33461,62
484,56,0,2.3008,-0.18945,-0.33461,23
484,56,-3.7461,0,-0.57227,-0.33461,22
484,56,-3.7832,0,-0.64063,-0.33461,39
484,56,-3.7012,0.61328,-0.72266,-0.33461,32
484,56,-1.0117,0,2.1484,0,8
484,56,-1.4043,0.71289,3.3984,0,15
484,56,-1.3008,0.70313,3.4824,0,18
484,56,-1.3145,0,3.623,0,12
484,56,-1.4043,0,-3.7227,0.33461,25
484,56,-1.3008,0,-3.7168,0.33461,28
484,56,-1.4336,0.64648,3.4824,0.33461,15
484,56,-0.67383,0,2.0703,0.66921,13
484,56,-1.4043,0.43164,-3.4453,0.66921,22
484,56,-1.418,0,-3.5918,0.66921,24
484,56,3.4629,1.4258,0.75781,0.66921,14
484,56,-1.1699,1.8008,3.0684,-0.33461,12
485,33,-0.13672,2.1816,0.20117,0,39
485,33,-0.13867,2.2227,0.16211,0,139
485,33,-0.14258,2.2617,0.14648,0,202
485,33,-0.14453,2.2988,0.14258,0,141
485,33,-0.2207,2.332,0.14063,0,53
485,33,0,2.0684,-0.22852,0.33461,14
485,33,0,2.1094,-0.20703,0.33461,25
485,33,0,2.125,-0.36914,0.33461,24
485,33,-0.20508,2.1426,0.42773,0.33461,78
485,33,-0.13867,2.2051,0.31641,0.33461,287
485,33,-0.14258,2.248,0.27539,0.33461,419
485,33,-0.14453,2.2891,0.25391,0.33461,292
485,33,-0.2207,2.3203,0.25977,0.33461,106
485,33,3.666,0.9043,-0.25,0.33461,18
485,33,3.582,1.3281,-0.052734,0.33461,19
485,33,-0.20508,2.123,0.51758,0.66921,32
485,33,-0.20898,2.1816,0.42578,0.66921,123
485,33,-0.21289,2.2246,0.40234,0.66921,186
485,33,-0.2168,2.2578,0.42188,0.66921,141
485,33,-0.29297,2.2832,0.44922,0.66921,60
485,33,-0.14258,2.1504,0.71094,1.0038,13
485,33,0,2.2246,-0.1875,-0.66921,18
485,33,0,2.2559,-0.25,-0.66921,24
485,33,0,2.2832,-0.33594,-0.66921,13
485,33,0,2.0195,-0.50195,-0.33461,14
485,33,0,2.0762,-0.42383,-0.33461,29
485,33,0.068359,2.084,-0.54883,-0.33461,26
485,33,0,2.0625,0.75195,-0.33461,11
485,33,0.070313,2.2305,-0.072266,-0.33461,52
485,33,0.070313,2.2617,-0.17773,-0.33461,66
485,33,0,2.3008,-0.18359,-0.33461,37
485,33,3.666,0.67578,-0.65234,-0.33461,22
485,33,-3.8203,0,-0.84766,-0.33461,17
486,19,-0.2793,2.1777,0.4043,0,15
486,19,-0.21289,2.2344,0.33594,0,32
486,19,-0.14453,2.2754,0.35547,0,39
486,19,-0.2207,2.3066,0.36328,0,26
486,19,-0.13867,2.1836,0.44336,0.33461,53
486,19,-0.14258,2.2266,0.42188,0.33461,106
486,19,-0.2168,2.2539,0.45117,0.33461,108
486,19,-0.2207,2.2793,0.50781,0.33461,64
486,19,-0.22266,2.2871,0.63281,0.33461,19
486,19,-0.20898,2.1484,0.57031,0.66921,18
486,19,-0.14258,2.1914,0.57227,0.66921,39
486,19,-0.2168,2.2148,0.61133,0.66921,43
486,19,-0.29297,2.2383,0.63672,0.66921,27
486,19,0,2.2695,-0.070313,-0.66921,15
486,19,0,2.3066,-0.082031,-0.66921,13
486,19,0,2.2305,0.10742,-0.33461,29
486,19,0,2.2695,0.074219,-0.33461,51
486,19,-0.072266,2.3047,0.099609,-0.33461,44
486,19,-0.14648,2.3379,0.12695,-0.33461,19
487,7,0,2.2324,0,0.33461,20
487,7,0,2.2598,0.21289,0.33461,34
487,7,-0.14453,2.293,0.22852,0.33461,22
487,7,-0.21289,2.2266,0.38477,0.66921,12
487,7,0.070313,2.1797,-0.47266,-0.33461,17
487,7,0,2.2559,-0.25586,-0.33461,25
487,7,0,2.291,-0.26953,-0.33461,15
488,8,0,2.0703,-0.21289,0.33461,14
488,8,0,2.1055,-0.23047,0.33461,18
488,8,0,2.1328,0.51367,0.33461,17
488,8,0.070313,2.1855,0.45117,0.33461,19
488,8,0,1.998,-0.58203,-0.33461,14
488,8,0,2.0352,-0.58594,-0.33461,17
488,8,0.068359,2.1914,0.089844,-0.33461,15
488,8,0.070313,2.2305,0.080078,-0.33461,17
489,12,0,2.0664,-0.25195,0.33461,11
489,12,0,2.0449,-0.55469,0.33461,12
489,12,0.20313,2.123,0.32617,0.33461,8
489,12,0.068359,2.1602,0.37695,0.33461,21
489,12,0.13867,2.2012,0.3457,0.33461,19
489,12,0,2.2676,0.10156,0.33461,15
489,12,-0.072266,2.2715,0.4043,0.33461,15
489,12,0,1.9238,-0.88867,-0.33461,9
489,12,0.13672,2.1836,0.17188,-0.33461,19
489,12,0.13867,2.2285,0.03125,-0.33461,17
489,12,0,2.2695,-0.039063,-0.33461,17
489,12,0,2.3066,0.064453,-0.33461,18
516,10,0,2.1113,-0.17773,0.33461,15
516,10,0,2.1484,-0.19141,0.33461,15
516,10,0,2.1934,-0.0625,0.33461,14
516,10,0,2.2324,-0.0097656,0.33461,20
516,10,0.070313,2.2695,0.0058594,0.33461,17
516,10,0.066406,2.0625,-0.47852,-0.33461,13
516,10,0,2.1133,-0.43164,-0.33461,14
516,10,0,2.1602,-0.38477,-0.33461,14
516,10,0,2.1992,-0.38281,-0.33461,20
516,10,0.14258,2.252,-0.25391,-0.33461,16
517,13,0,2.1133,-0.16406,0.33461,20
517,13,0,2.1523,-0.14063,0.33461,26
517,13,-0.13672,2.1895,-0.078125,0.33461,31
517,13,-0.13867,2.2266,-0.082031,0.33461,37
517,13,-0.21289,2.2598,-0.0625,0.33461,21
517,13,-0.2793,2.2148,0.056641,0.66921,12
517,13,-0.13672,2.1641,-0.33203,-0.66921,11
517,13,-0.13867,2.1641,-0.5293,-0.66921,14
517,13,0,2.0723,-0.44141,-0.33461,18
517,13,0,2.1289,-0.3457,-0.33461,23
517,13,-0.13672,2.1699,-0.29492,-0.33461,34
517,13,-0.13867,2.2012,-0.34766,-0.33461,42
517,13,-0.21289,2.2188,-0.42578,-0.33461,25
518,39,-0.26563,2.0703,-0.36523,0,21
518,39,-0.20313,2.1152,-0.36328,0,74
518,39,-0.20508,2.1543,-0.36523,0,123
518,39,-0.20898,2.1914,-0.36914,0,92
518,39,-0.21289,2.2324,-0.35742,0,26
518,39,3.6289,0,-1.0156,0,16
518,39,3.5469,0.79492,-1.0508,0,16
518,39,0,2.0605,-0.29492,0.33461,11
518,39,0,2.0879,-0.35547,0.33461,23
518,39,0.13477,2.0898,0.51563,0.33461,22
518,39,-0.27344,2.1738,-0.13086,0.33461,71
518,39,-0.2793,2.207,-0.17773,0.33461,82
518,39,-0.2832,2.2266,-0.3418,0.33461,37
518,39,3.5469,1.3086,-0.15234,0.33461,12
518,39,3.7012,0.88477,-0.33984,0.33461,12
518,39,-0.27344,2.1777,-0.011719,0.66921,25
518,39,-0.2793,2.2148,-0.041016,0.66921,27
518,39,-0.33008,1.959,-0.73438,-0.66921,15
518,39,-0.20313,2.0547,-0.625,-0.66921,63
518,39,-0.13672,2.0996,-0.62305,-0.66921,112
518,39,-0.20898,2.1289,-0.63477,-0.66921,87
518,39,-0.21289,2.1426,-0.7207,-0.66921,25
518,39,3.5117,0,-1.3867,-0.66921,14
518,39,3.5469,0,-1.4688,-0.66921,14
518,39,-0.33008,2.0293,-0.50977,-0.33461,30
518,39,-0.20313,2.0938,-0.47656,-0.33461,146
518,39,-0.13672,2.1406,-0.4668,-0.33461,277
518,39,-0.20898,2.166,-0.49805,-0.33461,233
518,39,-0.21289,2.1855,-0.57422,-0.33461,77
518,39,3.6289,0,-1.2559,-0.33461,33
518,39,3.666,0,-1.3477,-0.33461,34
518,39,3.7012,0,-1.2734,-0.33461,20
518,39,-2.459,0,3.0293,0,10
518,39,-2.6016,0,2.9238,0,9
518,39,-0.4043,2.0957,-0.30859,0.33461,22
518,39,-2.4824,0,3.5469,0.33461,7
518,39,-2.459,1.5176,2.3848,-0.66921,8
518,39,-2.5742,0.77344,2.6074,-0.33461,18
518,39,-2.4824,1.2539,2.5645,-0.33461,18
519,64,-0.25977,2.0234,-0.41406,0,11
519,64,-0.19922,2.0918,-0.27734,0,32
519,64,-0.20313,2.1445,-0.12109,0,80
519,64,-0.20508,2.1797,-0.14844,0,136
519,64,-0.20898,2.209,-0.24805,0,124
519,64,-0.21289,2.2207,-0.41992,0,55
519,64,3.4414,1.2344,-0.32617,0,17
519,64,3.5918,0.83594,-0.38477,0,38
519,64,3.5117,1.2129,-0.47461,0,36
519,64,3.4277,1.4941,-0.57227,0,13
519,64,-0.19531,2.0645,-0.17188,0.33461,15
519,64,-0.13281,2.1094,-0.1582,0.33461,25
519,64,0,2.1484,0.19531,0.33461,26
519,64,0,2.1523,0.42383,0.33461,32
519,64,0,2.2324,0.017578,0.33461,26
519,64,0,2.2988,-0.21094,0.33461,18
519,64,0,2.3105,-0.4043,0.33461,15
519,64,-3.7832,0,-0.125,0.33461,25
519,64,-3.8203,0,-0.28711,0.33461,27
519,64,0,2.1777,0.27148,0.66921,9
519,64,-0.20898,2.1895,-0.38672,0.66921,16
519,64,-0.19531,1.8398,-0.95313,-1.3384,12
519,64,-0.19922,1.9277,-0.85742,-1.3384,21
519,64,-0.13477,1.9492,-0.91406,-1.3384,18
519,64,-0.19531,1.9395,-0.72852,-1.0038,47
519,64,-0.19922,1.9824,-0.71875,-1.0038,83
519,64,-0.20313,2.0293,-0.70117,-1.0038,77
519,64,-0.13672,2.0801,-0.68555,-1.0038,46
519,64,-0.20898,2.0977,-0.73242,-1.0038,15
519,64,3.5918,0,-1.3125,-1.0038,16
519,64,-0.19531,1.9863,-0.58594,-0.66921,48
519,64,-0.19922,2.043,-0.52539,-0.66921,97
519,64,-0.20313,2.0977,-0.46094,-0.66921,154
519,64,-0.20508,2.1289,-0.48633,-0.66921,186
519,64,-0.20898,2.1465,-0.57617,-0.66921,130
519,64,-0.21289,2.1445,-0.71094,-0.66921,50
519,64,-3.6699,0,-0.82031,-0.66921,32
519,64,3.5918,0,-0.96875,-0.66921,73
519,64,3.6289,0,-1.0215,-0.66921,72
519,64,3.666,0,-1.1055,-0.66921,34
519,64,-0.19531,2.041,-0.35547,-0.33461,19
519,64,-0.26563,2.0859,-0.25781,-0.33461,61
519,64,-0.26953,2.1211,-0.28516,-0.33461,165
519,64,-0.20508,2.1563,-0.35547,-0.33461,262
519,64,-0.20898,2.1777,-0.43945,-0.33461,228
519,64,-0.14258,2.2012,-0.53711,-0.33461,102
519,64,-0.14453,2.2578,-0.45898,-0.33461,28
519,64,3.5547,0.70117,-0.58008,-0.33461,37
519,64,3.5918,0.58008,-0.71484,-0.33461,85
519,64,3.6289,0.52344,-0.76758,-0.33461,85
519,64,3.666,0.45117,-0.82227,-0.33461,46
519,64,-3.8203,0,-0.9082,-0.33461,24
519,64,-2.5234,0,3.0918,0,10
519,64,-2.5488,0,3.25,0,23
519,64,-2.5742,0,3.2207,0,22
519,64,-2.6016,0,3.1172,0,8
519,64,0.23633,3.7734,-0.11328,0.33461,14
519,64,-1.2617,1.834,2.918,-0.66921,17
519,64,-2.4336,0.70898,2.707,-0.66921,38
519,64,-2.459,0.64648,2.752,-0.66921,37
519,64,-2.4082,0,2.9121,-0.33461,21
519,64,-2.4336,0,2.9609,-0.33461,49
519,64,-2.459,0,3.002,-0.33461,48
519,64,-1.3145,1.9727,2.9961,-0.33461,13
520,58,-0.13281,2.1133,-0.095703,0,15
520,58,-0.20313,2.1387,-0.17969,0,26
520,58,-0.20508,2.1836,-0.060547,0,26
520,58,-0.13867,2.2246,-0.125,0,27
520,58,-0.14258,2.2441,-0.30664,0,30
520,58,-0.14453,2.2715,-0.38086,0,22
520,58,0,2.0723,0.19727,0.33461,10
520,58,0,2.1055,-0.24023,0.33461,41
520,58,0,2.0645,-0.625,0.33461,45
520,58,0,1.2813,-1.7813,0.33461,17
520,58,0,2.0547,0.87109,0.33461,13
520,58,0,2.2266,0.4375,0.33461,25
520,58,-0.14453,2.2422,0.52539,0.33461,26
520,58,-3.7832,0,-0.33008,0.33461,33
520,58,-3.8203,0,-0.39258,0.33461,37
520,58,3.7383,0.81445,-0.50195,0.33461,15
520,58,0,2.1191,-0.037109,0.66921,14
520,58,0,2.0996,-0.49219,0.66921,15
520,58,-3.8203,0,-0.21289,0.66921,13
520,58,-0.072266,2.2871,-0.29688,1.0038,15
520,58,-0.24609,1.8418,-0.64844,-1.673,15
520,58,-0.1875,1.873,-0.69141,-1.673,23
520,58,-0.19141,1.8965,-0.73438,-1.673,16
520,58,-0.24609,1.873,-0.54688,-1.3384,16
520,58,-0.25,1.9004,-0.58984,-1.3384,21
520,58,-0.25977,1.9766,-0.59961,-1.3384,18
520,58,-0.26563,1.9961,-0.65625,-1.3384,15
520,58,-0.25586,1.9863,-0.4043,-1.0038,29
520,58,-0.25977,2.0098,-0.4707,-1.0038,49
520,58,-0.26563,2.0391,-0.51172,-1.0038,35
520,58,-0.26953,2.041,-0.64453,-1.0038,14
520,58,3.4043,0.83984,-0.94531,-1.0038,19
520,58,-0.31836,1.9883,-0.34766,-0.66921,23
520,58,-0.32422,2.0195,-0.38477,-0.66921,33
520,58,-0.33008,2.0684,-0.32227,-0.66921,30
520,58,-0.33789,2.123,-0.17578,-0.66921,24
520,58,-0.34375,2.1543,-0.22852,-0.66921,20
520,58,-0.13867,2.1895,-0.41211,-0.66921,14
520,58,-0.1875,2.9727,0.24219,-0.66921,21
520,58,-0.2832,3.0137,-0.013672,-0.66921,20
520,58,0.19922,1.9355,-0.83984,-0.33461,21
520,58,-0.4043,2.1055,0.22461,-0.33461,29
520,58,-0.27344,2.1699,-0.18359,-0.33461,37
520,58,-0.13867,2.1973,-0.37109,-0.33461,35
520,58,0.070313,2.2422,-0.35156,-0.33461,35
520,58,0.14453,2.2793,-0.32617,-0.33461,25
520,58,-0.1875,2.9551,0.4082,-0.33461,18
520,58,-0.18945,3.0117,0.23047,-0.33461,18
520,58,-4.0215,1.8281,5.1328,-0.33461,21
520,58,-4.043,1.7773,5.1836,-0.33461,25
520,58,0.62695,1.7715,-1.2051,0.33461,8
520,58,0.11914,3.7793,0.11133,0.33461,17
520,58,-2.4961,0.83203,2.502,-1.0038,13
520,58,-0.5293,1.957,0.61328,-0.33461,18
520,58,0.20313,1.6309,-1.3984,-0.33461,20
520,58,-0.97656,0.5957,1.918,-0.33461,18
520,58,-1.9043,6.4766,-0.5332,-0.33461,18
520,58,-1.7031,6.4922,-1.1523,-0.33461,22
521,47,0,2.1875,-0.17188,0,9
521,47,0.070313,2.2207,-0.20898,0,9
521,47,-0.35547,2.2324,-0.21289,0,17
521,47,-0.36133,2.2422,-0.41406,0,20
521,47,-0.36719,2.2754,-0.4375,0,11
521,47,0,2.1152,0.13477,0.33461,16
521,47,0,2.1504,0.17383,0.33461,40
521,47,0,2.1895,0.1543,0.33461,53
521,47,0,2.2305,0.058594,0.33461,38
521,47,-0.56836,0.39258,-2.1621,0.33461,20
521,47,-0.43359,2.0996,-0.85547,0.33461,27
521,47,0.29297,2.3242,0.11523,0.33461,21
521,47,0,2.1348,0.31055,0.66921,13
521,47,0,2.1797,0.25977,0.66921,18
521,47,0,2.2266,0.16602,0.66921,14
521,47,-0.35547,2.7891,-0.37695,-2.0076,20
521,47,-0.35938,2.832,-0.34961,-2.0076,19
521,47,-0.2832,1.7363,-0.45117,-1.673,15
521,47,-0.34766,1.7305,-0.56641,-1.673,23
521,47,-0.29492,1.7734,-0.5918,-1.673,20
521,47,-0.26563,2.8223,-0.10938,-1.673,20
521,47,-0.35938,2.8477,-0.1543,-1.673,18
521,47,-0.2832,1.7676,-0.30273,-1.3384,17
521,47,-0.28906,1.7793,-0.43555,-1.3384,39
521,47,-0.29492,1.8008,-0.49609,-1.3384,42
521,47,-0.30078,1.8184,-0.57227,-1.3384,22
521,47,-0.28906,1.7891,-0.38672,-1.0038,26
521,47,-0.29492,1.8242,-0.40234,-1.0038,29
521,47,-0.36133,1.8379,-0.46289,-1.0038,14
521,47,-0.3125,1.9414,-0.38672,-1.0038,24
521,47,-0.31836,1.9648,-0.46289,-1.0038,23
521,47,-0.3125,1.9609,-0.27344,-0.66921,24
521,47,-0.31836,1.9863,-0.35742,-0.66921,23
521,47,-0.25977,2.043,-0.29297,-0.33461,12
521,47,-0.19922,2.1055,-0.11523,-0.33461,25
521,47,-0.13477,2.1504,-0.076172,-0.33461,38
521,47,0,2.1934,-0.085938,-0.33461,40
521,47,0,2.2266,-0.1543,-0.33461,27
521,47,-0.14258,2.252,-0.25586,-0.33461,16
521,47,0,2.3008,-0.17969,-0.33461,22
521,47,0.074219,2.3359,-0.19531,-0.33461,22
521,47,-0.75391,0,-2.1133,0,8
521,47,-0.76758,0,2.1816,0,9
521,47,-0.83789,0,-2.127,0.33461,20
521,47,0.2832,2.252,-0.048828,0.33461,16
521,47,0.28906,2.2539,0.4043,0.33461,24
521,47,-0.58594,1.8262,-1.3496,0.33461,14
522,34,-0.38086,1.6973,0.044922,0,12
522,34,-0.38867,1.7344,0.074219,0,14
522,34,-0.45313,1.7559,-0.089844,0,9
522,34,-0.13672,2.1758,-0.24219,0,33
522,34,-0.13867,2.2168,-0.22852,0,34
522,34,-0.064453,2.0703,-0.19141,0.33461,25
522,34,0,2.0996,-0.2793,0.33461,43
522,34,0.13477,2.1133,-0.41211,0.33461,29
522,34,-0.20508,2.1855,0.0039063,0.33461,63
522,34,-0.20898,2.2227,-0.048828,0.33461,92
522,34,-0.14258,2.2637,-0.087891,0.33461,63
522,34,0,2.3066,-0.082031,0.33461,26
522,34,-3.666,0.85547,-0.38477,0.33461,19
522,34,-3.8203,0,-0.50195,0.33461,25
522,34,-3.8594,0,-0.71289,0.33461,15
522,34,0,2.1152,-0.12305,0.66921,15
522,34,-0.27344,2.1777,-0.011719,0.66921,25
522,34,-0.13867,2.2227,0.13672,0.66921,35
522,34,-0.21289,2.2598,0.033203,0.66921,23
522,34,-0.37305,1.6602,-0.066406,-0.66921,19
522,34,-0.38086,1.6934,-0.11914,-0.66921,29
522,34,-0.33398,1.7324,-0.21484,-0.66921,29
522,34,-0.33984,1.75,-0.34961,-0.66921,18
522,34,-0.37305,1.6621,0,-0.33461,16
522,34,-0.38086,1.6973,-0.0625,-0.33461,29
522,34,-0.33398,1.7441,-0.087891,-0.33461,33
522,34,-0.39648,1.7617,-0.19336,-0.33461,20
522,34,-0.20898,2.2031,-0.29688,-0.33461,37
522,34,-0.23047,2.4453,0.13867,-0.33461,16
522,34,-3.7832,0,-0.61523,-0.33461,19
522,34,-0.67383,0.68945,1.9297,0.33461,16
522,34,-1.0293,0,-2.0801,0.66921,13
522,34,-0.99219,0,-2.0762,0.66921,12
522,34,-1.1523,0,-2.2461,-0.33461,10
523,43,-0.38867,1.7344,-0.070313,0,23
523,43,-0.39648,1.7715,-0.064453,0,24
523,43,-0.40625,1.8047,-0.11719,0,10
523,43,-0.13672,2.1875,-0.11328,0,37
523,43,-0.13867,2.2246,-0.10547,0,63
523,43,-0.14258,2.2617,-0.11523,0,57
523,43,-0.14453,2.3008,-0.10938,0,29
523,43,0,2.3125,-0.39258,0,14
523,43,-0.38867,1.7344,0.050781,0.33461,42
523,43,-0.39648,1.7715,0.041016,0.33461,46
523,43,-0.46289,1.7949,0.0078125,0.33461,19
523,43,-0.068359,2.1543,-0.068359,0.33461,39
523,43,-0.13672,2.1895,0.023438,0.33461,67
523,43,-0.13867,2.2285,0.029297,0.33461,122
523,43,-0.14258,2.2656,0.0058594,0.33461,112
523,43,-0.14453,2.3027,-0.015625,0.33461,42
523,43,3.6289,0.88086,-0.29688,0.33461,19
523,43,-3.7832,0,-0.39648,0.33461,21
523,43,-0.44531,1.7168,0.13086,0.66921,27
523,43,-0.45313,1.752,0.14648,0.66921,31
523,43,-0.13672,2.1836,0.17969,0.66921,27
523,43,-0.13867,2.2207,0.18945,0.66921,48
523,43,-0.14258,2.2559,0.21289,0.66921,43
523,43,-0.064453,2.0488,-0.35742,-0.66921,20
523,43,0,2.0645,-0.47461,-0.66921,30
523,43,0,2.0684,-0.61133,-0.66921,24
523,43,0,2.0391,-0.125,-0.33461,14
523,43,-0.13086,2.0488,-0.33594,-0.33461,48
523,43,0,2.0859,-0.37109,-0.33461,74
523,43,0,2.1035,-0.47852,-0.33461,58
523,43,-0.068359,2.0898,-0.66602,-0.33461,27
523,43,0,2.248,-0.31836,-0.33461,15
523,43,0,2.3262,-0.30859,-0.33461,20
523,43,-3.666,0.66016,-0.66797,-0.33461,18
523,43,-0.72852,5.7813,-0.056641,-0.33461,29
523,43,-0.9375,0.96289,1.875,0,19
523,43,-0.80664,1.2109,1.8398,0,13
523,43,-0.9375,0.53516,2.0391,0.33461,23
523,43,0,3.7422,0.15039,0.33461,11
523,43,-0.11914,3.7793,0.14258,0.33461,11
523,43,-0.92188,0,2.1621,-0.33461,10
523,43,-0.87891,0.85547,2,-0.33461,11
523,43,0,3.7832,0.091797,-0.33461,10
524,62,0,2.041,-0.072266,0,13
524,62,0,2.0684,-0.23047,0,40
524,62,0,2.0977,-0.29492,0,53
524,62,0,2.1348,-0.30273,0,32
524,62,-0.13672,2.1895,-0.054688,0,20
524,62,-0.13867,2.2266,-0.056641,0,35
524,62,-0.21289,2.2598,-0.041016,0,32
524,62,-0.28906,2.2891,-0.019531,0,17
524,62,-4.4434,0,-6.4668,0,11
524,62,-4.6816,0,-6.1563,0,11
524,62,-0.42188,1.8809,-0.076172,0.33461,10
524,62,-0.36914,1.9316,0.015625,0.33461,25
524,62,-0.3125,1.9785,0.072266,0.33461,28
524,62,-0.12695,2.0371,0.072266,0.33461,32
524,62,-0.064453,2.0781,-0.087891,0.33461,80
524,62,-0.066406,2.1152,-0.11719,0.33461,104
524,62,0,2.1543,-0.095703,0.33461,55
524,62,-0.20508,2.1367,0.45313,0.33461,29
524,62,-0.13867,2.2188,0.19922,0.33461,78
524,62,-0.070313,2.2676,0.056641,0.33461,89
524,62,0,2.3066,-0.078125,0.33461,56
524,62,0.074219,2.3359,-0.20703,0.33461,21
524,62,-3.7832,0,-0.24805,0.33461,24
524,62,-3.7012,0.91016,-0.26367,0.33461,19
524,62,-4.2324,0,-5.9121,0.33461,23
524,62,-4.4688,0,-6.0098,0.33461,22
524,62,-0.33984,1.7832,0.0078125,0.66921,14
524,62,-0.34766,1.8184,0.10547,0.66921,26
524,62,-0.41406,1.8438,0.070313,0.66921,19
524,62,-0.36133,1.8945,0.0625,0.66921,11
524,62,-0.30664,1.9375,0.14844,0.66921,35
524,62,-0.375,1.9629,0.15039,0.66921,42
524,62,-0.31836,2.0137,0.13477,0.66921,26
524,62,-0.13086,2.0742,0.087891,0.66921,36
524,62,-0.13281,2.1133,0.060547,0.66921,48
524,62,-0.068359,2.1543,0.050781,0.66921,27
524,62,-0.20898,2.2051,0.28125,0.66921,30
524,62,-0.14258,2.2559,0.2168,0.66921,35
524,62,0,2.3047,0.12109,0.66921,23
524,62,-0.39648,1.7637,0.16602,1.0038,25
524,62,-0.34766,1.8027,0.25391,1.0038,66
524,62,-0.41406,1.8301,0.24219,1.0038,61
524,62,-0.42188,1.8789,0.13477,1.0038,20
524,62,-0.30664,1.9219,0.28711,1.0038,14
524,62,-0.375,1.9551,0.24414,1.0038,20
524,62,-0.40625,1.7676,0.38477,1.3384,39
524,62,-0.41406,1.7988,0.41211,1.3384,47
524,62,-0.48242,1.834,0.35547,1.3384,18
524,62,-0.51172,1.6348,0.60352,1.673,13
524,62,0.21289,2.209,-0.47656,-0.66921,15
524,62,0.2168,2.1953,-0.67578,-0.66921,16
524,62,0.066406,2.0781,-0.4082,-0.33461,17
524,62,0,2.0234,-0.84766,-0.33461,20
524,62,0,2.2324,0.029297,-0.33461,24
524,62,0.14258,2.2383,-0.34375,-0.33461,44
524,62,0.2168,2.2402,-0.50781,-0.33461,47
524,62,0.2207,2.2676,-0.56055,-0.33461,22
524,62,-3.666,0.3457,-0.87305,-0.33461,17
524,62,-1.9043,6.416,1.0313,0,9
524,62,-1.916,6.3926,1.3574,0,8
524,62,-2.1172,6.2422,1.5586,0.33461,20
524,62,-2.1289,6.2813,1.5488,0.33461,18
525,38,0,2.0313,-0.45117,0,13
525,38,0,2.0898,-0.34961,0,25
525,38,0,2.1348,-0.29883,0,29
525,38,0,2.1875,-0.16602,0,20
525,38,0,2.0605,-0.28906,0.33461,14
525,38,0,2.1133,-0.13867,0.33461,40
525,38,0,2.1563,-0.041016,0.33461,64
525,38,0,2.1914,0.12891,0.33461,46
525,38,0.070313,2.1855,0.44922,0.33461,26
525,38,0.14258,2.2656,-0.029297,0.33461,23
525,38,3.666,0.93555,-0.060547,0.33461,18
525,38,-3.8203,0,-0.16406,0.33461,22
525,38,0,2.1191,0.042969,0.66921,15
525,38,-0.20313,2.1445,0.11133,0.66921,29
525,38,-0.20508,2.1816,0.11719,0.66921,20
525,38,-0.30078,1.834,0.51953,1.0038,35
525,38,-0.30664,1.8867,0.46289,1.0038,65
525,38,-0.3125,1.9277,0.45508,1.0038,49
525,38,-0.36133,1.7813,0.64453,1.3384,43
525,38,-0.36914,1.8398,0.58789,1.3384,90
525,38,-0.375,1.8809,0.58203,1.3384,83
525,38,-0.38281,1.916,0.59766,1.3384,33
525,38,-0.36914,1.7773,0.75781,1.673,36
525,38,-0.375,1.832,0.72266,1.673,39
525,38,-0.44727,1.8379,0.77148,1.673,17
525,38,0.066406,2.0059,-0.67773,-0.66921,21
525,38,0.068359,2.0664,-0.61133,-0.66921,30
525,38,0.068359,2.1641,-0.36133,-0.66921,24
525,38,0.070313,2.2285,-0.089844,-0.66921,13
525,38,0.064453,2.0137,-0.52344,-0.33461,18
525,38,0.066406,2.0566,-0.50781,-0.33461,62
525,38,0.068359,2.1152,-0.41016,-0.33461,91
525,38,0.068359,2.1797,-0.23828,-0.33461,72
525,38,0.070313,2.2305,0.068359,-0.33461,40
525,38,0.14258,2.2656,0.0019531,-0.33461,27
525,38,-3.666,0.81641,-0.46289,-0.33461,33
525,38,-3.7012,0.70508,-0.63281,-0.33461,36
525,38,-3.7383,0.64063,-0.71094,-0.33461,18
526,64,-0.20313,2.1465,0.058594,0,11
526,64,-0.13672,2.1895,-0.021484,0,17
526,64,-0.13867,2.2285,0.023438,0,20
526,64,-0.14258,2.2598,0.16406,0,13
526,64,-0.26953,1.9844,2.0625,0,18
526,64,-0.27344,2.6602,1.1582,0,23
526,64,-0.26563,2.0938,0.18555,0.33461,13
526,64,-0.13477,2.1523,-0.041016,0.33461,46
526,64,-0.068359,2.1934,-0.015625,0.33461,53
526,64,-0.41797,2.1914,0.082031,0.33461,20
526,64,-0.21289,2.2168,0.43945,0.33461,31
526,64,0,2.3027,0.15234,0.33461,22
526,64,-0.35938,1.6387,2.3359,0.33461,28
526,64,-0.27344,2.3867,1.6484,0.33461,37
526,64,-0.27734,2.6895,1.1836,0.33461,21
526,64,-3.7832,0,-0.18164,0.33461,27
526,64,-3.8203,0,-0.30273,0.33461,25
526,64,-0.31836,1.9883,0.34766,0.66921,18
526,64,-0.25977,2.0313,0.36328,0.66921,40
526,64,-0.26563,2.0781,0.3125,0.66921,40
526,64,-0.26953,2.1387,0.078125,0.66921,27
526,64,-0.20508,2.1777,0.16406,0.66921,31
526,64,-0.35938,0.55078,2.7988,0.66921,27
526,64,-0.36328,1.75,2.3008,0.66921,40
526,64,-0.46094,2.1992,1.9141,0.66921,23
526,64,-1.2363,2.6699,2.0645,0.66921,12
526,64,3.1777,1.3984,1.0645,0.66921,11
526,64,-0.31836,1.9473,0.52734,1.0038,46
526,64,-0.25977,1.9961,0.52734,1.0038,86
526,64,-0.26563,2.043,0.49219,1.0038,73
526,64,-0.33789,2.0977,0.36914,1.0038,26
526,64,-1.3477,1.668,2.8848,1.0038,22
526,64,3.1777,1.3477,1.1289,1.0038,25
526,64,3.3262,0.50391,1.4668,1.0038,14
526,64,-0.31836,1.8945,0.69727,1.3384,38
526,64,-0.32422,1.9395,0.67969,1.3384,76
526,64,-0.26563,2,0.64844,1.3384,73
526,64,-0.26953,2.0645,0.56055,1.3384,33
526,64,-1.3477,1.3105,3.0645,1.3384,13
526,64,3.1777,1.0039,1.4434,1.3384,16
526,64,-0.32422,1.8613,0.87109,1.673,29
526,64,-0.33008,1.9375,0.79102,1.673,40
526,64,-0.26953,2,0.75977,1.673,23
526,64,0,2.1523,-0.43164,-0.66921,17
526,64,0,2.0469,-0.375,-0.33461,12
526,64,0,2.1074,-0.45508,-0.33461,32
526,64,0.068359,2.168,-0.33008,-0.33461,52
526,64,0.070313,2.1875,-0.43945,-0.33461,31
526,64,0.14258,2.2109,-0.49805,-0.33461,23
526,64,0.14453,2.2793,-0.32813,-0.33461,19
526,64,-3.7461,0,-0.51758,-0.33461,22
526,64,-3.7832,0,-0.54883,-0.33461,44
526,64,-3.8203,0,-0.68359,-0.33461,39
526,64,-1.0586,0,2.0234,0.33461,7
526,64,0.34961,2.1641,-0.41797,0.33461,14
526,64,0,3.7832,0.080078,0.33461,15
526,64,0,3.8164,0.20117,0.33461,13
526,64,3.0332,1.6816,0.94531,0.66921,9
526,64,-1.248,2.2676,2.5469,0.66921,11
526,64,3.1445,1.0645,1.377,1.0038,20
526,64,-1.1348,0.6875,3.3809,1.0038,25
526,64,-1.377,0.84961,3.2949,1.0038,12
526,64,3.1445,0,1.7422,1.3384,12
526,64,-1.248,0,3.5371,1.3384,15
527,40,-0.26953,2.127,0.23828,0,28
527,40,-0.13672,2.1777,0.23438,0,45
527,40,-0.20898,2.2051,0.27148,0,37
527,40,-0.14258,2.2598,0.16992,0,27
527,40,0,2.3027,0.16602,0,15
527,40,-0.064453,2.0566,-0.30859,0.33461,18
527,40,-0.13281,2.0977,-0.26953,0.33461,35
527,40,-0.26953,2.1328,0.17578,0.33461,91
527,40,-0.27344,2.1582,0.28125,0.33461,149
527,40,-0.2793,2.1953,0.28906,0.33461,118
527,40,-0.2832,2.2285,0.32617,0.33461,56
527,40,-0.28906,2.252,0.41797,0.33461,28
527,40,-0.33008,2.0547,0.40039,0.66921,43
527,40,-0.26953,2.0938,0.44141,0.66921,188
527,40,-0.27344,2.1328,0.44141,0.66921,313
527,40,-0.2793,2.1719,0.43555,0.66921,228
527,40,-0.2832,2.2168,0.40234,0.66921,68
527,40,-1.2754,1.0391,-3.3223,0.66921,17
527,40,-0.33008,1.9746,0.69531,1.0038,35
527,40,-0.26953,2.0488,0.61719,1.0038,134
527,40,-0.27344,2.0938,0.59375,1.0038,214
527,40,-0.2793,2.1309,0.60352,1.0038,159
527,40,-0.2832,2.1816,0.5625,1.0038,53
527,40,-0.26953,1.998,0.76563,1.3384,29
527,40,-0.27344,2.0273,0.79492,1.3384,40
527,40,-0.34961,2.0566,0.79688,1.3384,31
527,40,-0.35547,2.0918,0.80664,1.3384,14
527,40,0,2.1953,0,-0.66921,13
527,40,0.13867,2.2188,-0.19141,-0.66921,16
527,40,0,2.0156,-0.51367,-0.33461,24
527,40,0.066406,2.0078,-0.66992,-0.33461,33
527,40,-0.4043,2.0254,0.62305,-0.33461,12
527,40,0,2.1914,0.11914,-0.33461,39
527,40,0.13867,2.2246,-0.12109,-0.33461,44
527,40,0.14258,2.248,-0.27539,-0.33461,37
527,40,0.28906,2.2207,-0.55859,-0.33461,23
527,40,0.43359,1.6309,-1.5742,0.33461,16
527,40,3.4766,1.1035,0.66797,0.66921,16
527,40,0.26953,1.8477,-1.0781,-0.33461,8
527,40,-0.50391,1.459,-1.7148,-0.33461,13
528,40,-0.20508,2.1816,0.12305,0,43
528,40,-0.20898,2.2168,0.15625,0,111
528,40,-0.21289,2.2539,0.16016,0,121
528,40,-0.2168,2.291,0.16602,0,53
528,40,3.666,0.90039,0.26563,0,17
528,40,3.582,1.3145,0.20313,0,12
528,40,-0.4043,1.9805,0.75195,0.33461,12
528,40,-0.27344,2.1094,0.54102,0.33461,91
528,40,-0.20898,2.1738,0.45703,0.33461,239
528,40,-0.2832,2.2188,0.38672,0.33461,264
528,40,-0.2168,2.2793,0.28711,0.33461,123
528,40,3.6289,0.79492,0.48047,0.33461,26
528,40,3.5469,1.2754,0.32813,0.33461,36
528,40,3.582,1.2813,0.35547,0.33461,23
528,40,-0.27344,2.1055,0.55469,0.66921,75
528,40,-0.2793,2.1523,0.52148,0.66921,208
528,40,-0.21289,2.2012,0.50781,0.66921,241
528,40,-0.28906,2.2461,0.44727,0.66921,116
528,40,3.5117,1.084,0.72266,0.66921,16
528,40,3.5469,1.1621,0.61914,0.66921,21
528,40,-0.34375,2.082,0.60352,1.0038,22
528,40,-0.2793,2.123,0.63086,1.0038,60
528,40,-0.2832,2.1641,0.62305,1.0038,69
528,40,-0.28906,2.2129,0.5918,1.0038,34
528,40,0.2793,2.1055,-0.68359,-0.66921,16
528,40,0.2832,2.123,-0.75195,-0.66921,18
528,40,0.28906,2.127,-0.84766,-0.66921,14
528,40,0.20508,2.0957,-0.61523,-0.33461,18
528,40,0.13867,2.1895,-0.41016,-0.33461,47
528,40,0.21289,2.1973,-0.5293,-0.33461,55
528,40,0.28906,2.1582,-0.76563,-0.33461,40
528,40,0.29297,2.2363,-0.64453,-0.33461,24
528,40,-1.3008,0,-3.7656,0,13
528,40,-1.3145,0,3.8086,0,8
528,40,-1.4043,0,-3.6367,0.33461,18
528,40,-1.3008,0.20508,-3.5469,0.33461,24
528,40,-1.3145,0.47656,-3.5566,0.33461,16
528,40,-1.4043,1.623,-3.0703,0.66921,13
528,40,-1.418,1.5645,-3.1387,0.66921,14
528,40,-0.50391,1.9863,1.0625,-0.66921,8
529,30,-0.20898,2.2227,0.0097656,0,23
529,30,-0.21289,2.2539,0.17773,0,58
529,30,-0.2168,2.2832,0.26172,0,69
529,30,-0.2207,2.3164,0.29688,0,42
529,30,-0.22266,2.3359,0.41797,0,13
529,30,3.6172,1.2813,0.40039,0,11
529,30,0.064453,2.0645,-0.25977,0.33461,17
529,30,0,2.1094,-0.19141,0.33461,29
529,30,0,2.1426,-0.24023,0.33461,24
529,30,-0.20898,2.1855,0.39844,0.33461,54
529,30,-0.21289,2.2266,0.38672,0.33461,134
529,30,-0.2168,2.2676,0.36523,0.33461,153
529,30,-0.2207,2.3086,0.34961,0.33461,88
529,30,-0.22266,2.3457,0.36133,0.33461,24
529,30,3.6172,1.1367,0.71484,0.33461,19
529,30,-0.2793,2.1641,0.47266,0.66921,23
529,30,-0.21289,2.1973,0.52539,0.66921,60
529,30,-0.2168,2.2383,0.52148,0.66921,74
529,30,-0.2207,2.2715,0.54688,0.66921,46
529,30,0.2793,2.0781,-0.76758,-0.66921,16
529,30,0.21289,2.1523,-0.6875,-0.66921,21
529,30,0.072266,2.2637,-0.43945,-0.66921,14
529,30,0.064453,2.0137,-0.51953,-0.33461,18
529,30,0.066406,2.0586,-0.49805,-0.33461,32
529,30,0,2.0977,-0.50195,-0.33461,26
529,30,0.20898,2.1504,-0.55859,-0.33461,45
529,30,0.21289,2.1953,-0.53516,-0.33461,59
529,30,0.14453,2.2637,-0.42969,-0.33461,39
529,30,0.074219,2.3223,-0.32617,-0.33461,14
529,30,-0.12109,3.8008,0.65234,0,6
530,14,0,2.207,0.33008,0,7
530,14,-0.14258,2.2559,0.21875,0,11
530,14,-0.2207,2.1875,0.81641,0,9
530,14,0,2.1523,0.42969,0.33461,14
530,14,-0.070313,2.2129,0.28906,0.33461,44
530,14,-0.14258,2.25,0.25977,0.33461,68
530,14,-0.14453,2.3008,0.125,0.33461,35
530,14,0,2.1895,0.43164,0.66921,14
530,14,-0.14258,2.2344,0.37695,0.66921,22
530,14,0,2.2578,-0.23242,-0.66921,16
530,14,0,2.1855,0.19531,-0.33461,11
530,14,0,2.2324,-0.0078125,-0.33461,31
530,14,-0.070313,2.2676,-0.074219,-0.33461,50
530,14,-0.14453,2.2988,-0.13281,-0.33461,35
531,5,0,2.166,0.35352,0.33461,24
531,5,0,2.1992,0.37891,0.33461,13
531,5,0,2.1914,0.10352,-0.33461,20
531,5,0,2.2305,0.082031,-0.33461,12
531,5,0,2.3066,0.056641,-0.33461,11
532,9,0,2.0527,-0.34375,0.33461,15
532,9,0,2.0996,-0.27734,0.33461,23
532,9,0.068359,2.1543,0.041016,0.33461,21
532,9,0.068359,2.1406,0.47852,0.33461,17
532,9,0,2,-0.57031,-0.33461,13
532,9,0,2.0371,-0.58008,-0.33461,20
532,9,0.068359,2.1445,-0.22461,-0.33461,17
532,9,0.068359,2.1855,0.19141,-0.33461,13
532,9,0.070313,2.2305,0.050781,-0.33461,11
533,12,0,2.0684,-0.23633,0.33461,13
533,12,0,2.0957,-0.3125,0.33461,20
533,12,0,2.1367,-0.29102,0.33461,17
533,12,0.13672,2.1699,-0.30273,0.33461,13
533,12,0.13867,2.2031,-0.32617,0.33461,16
533,12,0.21289,2.2266,-0.38281,0.33461,15
533,12,0.066406,2.0273,-0.61328,-0.33461,20
533,12,0,2.0684,-0.60938,-0.33461,16
533,12,0.2793,2.0781,-0.76758,-0.33461,13
533,12,0.2832,2.1504,-0.66992,-0.33461,12
533,12,-0.55859,1.8828,1.0625,-0.33461,7
533,12,-0.35547,2.1328,0.69336,-0.33461,11
534,10,0,2.0547,-0.33203,0.33461,17
534,10,0,2.1016,-0.26563,0.33461,24
534,10,0,2.1348,-0.30664,0.33461,16
534,10,0.13867,2.2266,-0.082031,0.33461,18
534,10,0,2.2695,0.0078125,0.33461,14
534,10,0,2.0313,-0.45508,-0.33461,14
534,10,0,2.0625,-0.48242,-0.33461,21
534,10,0,2.082,-0.56445,-0.33461,13
534,10,0.13867,2.1953,-0.37695,-0.33461,16
534,10,0.070313,2.252,-0.2832,-0.33461,14
535,2,-0.36133,2.1816,0.6582,0.33461,14
535,2,-0.28906,2.2637,0.35156,-0.33461,14
557,10,0,2.0742,-0.1543,0.33461,15
557,10,0,2.1074,-0.20898,0.33461,26
557,10,0,2.1445,-0.22461,0.33461,22
557,10,0,2.1895,-0.14063,0.33461,14
557,10,0,2.1895,-0.42969,0.33461,12
557,10,0,2.0488,-0.36133,-0.33461,16
557,10,0,2.0703,-0.45508,-0.33461,29
557,10,0,2.1094,-0.44922,-0.33461,24
557,10,0.068359,2.1445,-0.45898,-0.33461,16
557,10,0,2.1133,-0.71875,-0.33461,12
558,7,0,2.1094,-0.20117,0.33461,10
558,7,0,2.1563,-0.0625,0.33461,11
558,7,0,2.1895,0.14258,0.33461,16
558,7,-0.13867,2.2285,-0.0039063,0.33461,15
558,7,0,2.1367,-0.29102,-0.33461,12
558,7,0,2.1777,-0.26367,-0.33461,16
558,7,-0.13867,2.2168,-0.2207,-0.33461,16
559,2,0,2.1895,0.16016,-0.33461,11
559,2,0,2.2305,0.087891,-0.33461,11
561,19,-0.27344,2.1602,-0.26953,0,10
561,19,-0.2793,2.1816,-0.38086,0,14
561,19,-0.21289,2.2402,-0.29492,0,12
561,19,-0.27344,2.1758,-0.072266,0.33461,35
561,19,-0.2793,2.2148,0,0.33461,58
561,19,-0.2832,2.25,0.085938,0.33461,50
561,19,-0.28906,2.2891,0.042969,0.33461,23
561,19,-0.34961,2.2012,0.13086,0.66921,19
561,19,-0.35547,2.2324,0.20313,0.66921,16
561,19,-0.20508,2.1465,-0.41211,-0.66921,19
561,19,-0.20898,2.166,-0.49805,-0.66921,28
561,19,-0.2832,2.2148,-0.40625,-0.66921,23
561,19,-0.20508,2.1504,-0.38477,-0.33461,52
561,19,-0.20898,2.1934,-0.35352,-0.33461,80
561,19,-0.21289,2.2344,-0.33789,-0.33461,67
561,19,-0.2168,2.2773,-0.29883,-0.33461,33
561,19,0.42578,2.125,-0.67773,0.33461,26
561,19,0.36133,2.1699,-0.69922,0.33461,12
561,19,0.42578,2.1367,-0.63477,0.66921,9
562,35,-0.26953,2.125,-0.24805,0,39
562,35,-0.27344,2.1563,-0.29492,0,93
562,35,-0.20898,2.2051,-0.27734,0,100
562,35,-0.21289,2.2441,-0.26758,0,52
562,35,-0.2168,2.2832,-0.26563,0,10
562,35,3.6289,0.4375,-0.82031,0,9
562,35,3.666,0,-1.0215,0,10
562,35,0,2.1172,-0.064453,0.33461,10
562,35,-0.13477,2.1504,-0.070313,0.33461,22
562,35,-0.20508,2.1738,-0.2207,0.33461,44
562,35,-0.20898,2.1836,-0.41602,0.33461,55
562,35,0.21289,2.2598,0.011719,0.33461,54
562,35,0.2168,2.293,-0.14453,0.33461,29
562,35,-0.20508,2.1836,-0.066406,0.66921,15
562,35,0,2.2324,0.019531,0.66921,19
562,35,0.14258,2.2637,0.095703,0.66921,19
562,35,-0.20313,2.0742,-0.55664,-0.66921,36
562,35,-0.20508,2.1074,-0.57813,-0.66921,83
562,35,-0.13867,2.1406,-0.61719,-0.66921,91
562,35,-0.14258,2.1445,-0.73047,-0.66921,49
562,35,0,2.1699,-0.7832,-0.66921,10
562,35,-0.13281,2.1152,0.0058594,-0.33461,16
562,35,-0.20313,2.123,-0.32617,-0.33461,86
562,35,-0.20508,2.1465,-0.41016,-0.33461,198
562,35,-0.20898,2.1699,-0.48242,-0.33461,221
562,35,-0.14258,2.1895,-0.58594,-0.33461,125
562,35,0,2.2188,-0.63672,-0.33461,29
562,35,3.6289,0,-1.3281,-0.33461,17
562,35,3.666,0,-1.3965,-0.33461,17
562,35,-2.3086,0,-0.41602,0,6
562,35,-2.459,0.93555,2.666,0,6
562,35,-2.4824,1.377,2.5,0,6
562,35,-0.86523,1.584,1.4375,-0.66921,6
562,35,-2.5742,1.2598,2.4102,-0.33461,10
562,35,-2.4824,1.5547,2.3945,-0.33461,10
563,62,-0.33008,2.0879,-0.13281,0,12
563,62,-0.33789,2.1094,-0.29688,0,20
563,62,-0.13672,2.1699,-0.29102,0,33
563,62,-0.13867,2.1992,-0.35156,0,56
563,62,-0.14258,2.2227,-0.44141,0,36
563,62,-0.36133,2.1621,-0.7207,0,6
563,62,3.4766,1.209,-0.45313,0,26
563,62,3.6289,0.82227,-0.43164,0,25
563,62,0,2.0703,-0.20117,0.33461,26
563,62,0,2.0801,-0.40039,0.33461,38
563,62,-0.13477,2.1484,-0.11133,0.33461,44
563,62,-0.13672,2.1836,0.17188,0.33461,65
563,62,-0.20898,2.2207,0.099609,0.33461,68
563,62,-0.21289,2.2598,-0.048828,0.33461,43
563,62,0.2168,2.2969,0.070313,0.33461,18
563,62,0,2.1016,-0.26367,0.66921,13
563,62,-0.20313,2.1211,-0.33594,0.66921,15
563,62,-0.20508,2.1836,0.025391,0.66921,24
563,62,-0.20898,2.1992,-0.32031,0.66921,30
563,62,-0.21289,2.1758,-0.61133,0.66921,24
563,62,-0.19922,1.9473,-0.8125,-1.3384,14
563,62,-0.20313,1.9355,-0.92773,-1.3384,14
563,62,-0.25977,1.9297,-0.73438,-1.0038,16
563,62,-0.19922,1.9844,-0.71484,-1.0038,38
563,62,-0.13477,2.0527,-0.64648,-1.0038,43
563,62,-0.20508,2.1035,-0.58789,-1.0038,20
563,62,3.5918,0,-1.291,-1.0038,32
563,62,3.6289,0,-1.2793,-1.0038,30
563,62,-0.19531,2.0098,-0.5,-0.66921,19
563,62,-0.19922,2.0313,-0.56836,-0.66921,59
563,62,-0.20313,2.0684,-0.57227,-0.66921,76
563,62,-0.20508,2.0801,-0.66406,-0.66921,44
563,62,-0.070313,2.1621,-0.55273,-0.66921,62
563,62,-0.14258,2.1953,-0.56055,-0.66921,41
563,62,3.5547,0.35742,-0.83594,-0.66921,39
563,62,3.5918,0,-0.95313,-0.66921,84
563,62,3.6289,0,-1.0293,-0.66921,81
563,62,3.666,0,-1.1602,-0.66921,35
563,62,0,2.0273,-0.4668,-0.33461,25
563,62,-0.13281,2.0566,-0.48828,-0.33461,59
563,62,-0.20313,2.0664,-0.58203,-0.33461,71
563,62,-0.13672,2.1602,-0.36523,-0.33461,109
563,62,-0.13867,2.2012,-0.3418,-0.33461,154
563,62,-0.14258,2.2344,-0.37305,-0.33461,92
563,62,0,2.2793,-0.36328,-0.33461,22
563,62,3.5547,0.74414,-0.52344,-0.33461,34
563,62,3.5918,0.62109,-0.67773,-0.33461,73
563,62,3.6289,0.55273,-0.74609,-0.33461,72
563,62,3.666,0.33789,-0.875,-0.33461,32
563,62,-2.5488,0,3.1914,0,17
563,62,-2.5742,0,3.1367,0,15
563,62,-0.36133,2.2773,-0.083984,0.33461,16
563,62,-2.3164,1.4727,2.4922,-1.0038,18
563,62,-2.459,1.5176,2.3848,-1.0038,17
563,62,-2.4082,0.50195,2.7227,-0.66921,24
563,62,-2.4336,0.81445,2.6758,-0.66921,50
563,62,-2.459,0.85547,2.6934,-0.66921,46
563,62,-2.6016,0.75586,2.6406,-0.66921,18
563,62,-2.4082,0,2.9141,-0.33461,23
563,62,-2.4336,0,2.9531,-0.33461,46
563,62,-2.459,0,2.9668,-0.33461,43
563,62,-2.6016,0,2.7695,-0.33461,17
564,64,0,2.0957,-0.3125,0,8
564,64,0,2.1426,-0.24805,0,11
564,64,-0.20508,2.1836,0.091797,0,19
564,64,-0.20898,2.2227,-0.0039063,0,28
564,64,-0.21289,2.252,-0.19531,0,22
564,64,-0.2168,2.248,-0.4707,0,19
564,64,-0.2793,2.9102,0.61719,0,22
564,64,-0.2832,2.9453,0.63672,0,22
564,64,0,2.0664,-0.24414,0.33461,31
564,64,0,2.0996,-0.27734,0.33461,69
564,64,0,2.1191,-0.39648,0.33461,57
564,64,-0.41211,1.5078,-1.541,0.33461,25
564,64,-0.41797,1.9121,-1.0742,0.33461,37
564,64,-0.2832,2.2148,-0.40625,0.33461,53
564,64,-0.14453,2.291,-0.23633,0.33461,50
564,64,-0.14648,2.3281,-0.24609,0.33461,21
564,64,0,2.1133,-0.15039,0.66921,23
564,64,0.068359,2.1465,-0.20313,0.66921,19
564,64,-0.21289,2.2461,-0.25586,0.66921,27
564,64,-0.14453,2.2969,-0.16211,0.66921,29
564,64,-0.14648,2.3164,-0.33789,0.66921,15
564,64,-0.3125,1.8262,-0.76563,-2.3422,17
564,64,-0.31836,1.8398,-0.82813,-2.3422,18
564,64,-0.24609,1.832,-0.67383,-2.0076,28
564,64,-0.25,1.8613,-0.70313,-2.0076,62
564,64,-0.25586,1.8867,-0.74023,-2.0076,61
564,64,-0.25977,1.916,-0.77148,-2.0076,27
564,64,-0.24609,1.8594,-0.5918,-1.673,38
564,64,-0.25,1.9023,-0.58203,-1.673,76
564,64,-0.25586,1.9316,-0.61133,-1.673,65
564,64,-0.32422,1.9395,-0.68164,-1.673,24
564,64,3.3691,0,-1.3652,-1.673,32
564,64,3.291,0.55078,-1.4336,-1.673,29
564,64,-0.24609,1.9063,-0.41602,-1.3384,18
564,64,-0.25,1.9395,-0.44531,-1.3384,31
564,64,-0.31836,1.957,-0.48828,-1.3384,22
564,64,3.3691,0.55859,-1.1191,-1.3384,33
564,64,3.291,0.96289,-1.1953,-1.3384,32
564,64,-0.25977,2.0195,-0.43164,-1.0038,13
564,64,-0.19922,2.0449,-0.51758,-1.0038,18
564,64,3.291,1.0605,-1.1094,-1.0038,19
564,64,0.13281,1.9238,-0.875,-0.66921,13
564,64,-0.27344,2.166,0.22852,-0.66921,22
564,64,-0.20898,2.2188,-0.11719,-0.66921,31
564,64,-0.21289,2.2402,-0.29492,-0.66921,23
564,64,-0.1875,2.9648,0.32617,-0.66921,34
564,64,-0.18945,3.0078,0.27539,-0.66921,36
564,64,0,1.998,-0.58398,-0.33461,23
564,64,0.066406,2.0391,-0.57031,-0.33461,52
564,64,0.068359,2,-0.80273,-0.33461,37
564,64,-0.27344,2.0449,0.74805,-0.33461,53
564,64,-0.20898,2.2227,-0.0058594,-0.33461,77
564,64,-0.21289,2.248,-0.22852,-0.33461,59
564,64,-0.2168,2.2715,-0.34766,-0.33461,25
564,64,-0.27734,2.8809,0.57617,-0.33461,17
564,64,-0.1875,2.959,0.38086,-0.33461,42
564,64,-0.18945,2.9961,0.38867,-0.33461,45
564,64,-0.28711,3.0371,0.29883,-0.33461,19
564,64,0.34375,2.1172,0.4668,0.33461,17
564,64,0.34961,2.1133,0.63086,0.33461,25
564,64,-0.068359,2.1387,-0.26563,0.66921,19
564,64,-2.584,0.73047,2.3906,-1.673,22
564,64,-2.6113,1.0703,2.2871,-1.673,20
564,64,-2.584,0,2.6113,-1.3384,23
565,64,0,2.1152,-0.13281,0,11
565,64,0,2.1563,-0.0625,0,23
565,64,0.068359,2.1934,-0.03125,0,18
565,64,-0.41797,2.1855,0.18359,0,16
565,64,-0.2832,2.25,-0.11914,0,26
565,64,-0.2168,2.2891,-0.20508,0,23
565,64,-0.29297,2.3125,-0.26367,0,15
565,64,-4.209,0.81445,5.1934,0,15
565,64,-4.0215,2.6934,4.7363,0,26
565,64,-4.043,3.0859,4.5273,0,19
565,64,-0.064453,2.0742,0.16016,0.33461,17
565,64,0,2.1172,0.087891,0.33461,63
565,64,0,2.1563,0.066406,0.33461,122
565,64,0,2.1934,0.083984,0.33461,121
565,64,0,2.2305,0.087891,0.33461,75
565,64,-0.21289,2.2598,-0.03125,0.33461,47
565,64,-0.28906,2.2813,0.19922,0.33461,19
565,64,0,2.1094,0.20703,0.66921,22
565,64,-0.068359,2.1465,0.18945,0.66921,43
565,64,-0.068359,2.1816,0.22656,0.66921,42
565,64,-0.070313,2.2207,0.21289,0.66921,27
565,64,-0.2832,2.2441,0.1875,0.66921,16
565,64,-0.34961,2.7266,-0.53125,-2.3422,16
565,64,-0.44336,2.7344,-0.61133,-2.3422,23
565,64,-0.44922,2.7813,-0.57813,-2.3422,16
565,64,-0.4375,2.7383,-0.37891,-2.0076,16
565,64,-0.44336,2.7754,-0.39453,-2.0076,21
565,64,-0.44922,2.8027,-0.45313,-2.0076,13
565,64,-0.2832,1.7578,-0.35352,-1.673,12
565,64,-0.28906,1.7813,-0.41992,-1.673,19
565,64,-0.35547,1.7617,-0.59375,-1.673,19
565,64,-0.28906,1.7969,-0.35547,-1.3384,28
565,64,-0.29492,1.8184,-0.43164,-1.3384,30
565,64,-0.36133,1.8066,-0.57031,-1.3384,15
565,64,-0.34766,1.7891,-0.33594,-1.0038,13
565,64,-0.29492,1.8359,-0.34766,-1.0038,16
565,64,-0.30078,1.8672,-0.38672,-1.0038,15
565,64,-0.30664,1.9043,-0.38281,-1.0038,15
565,64,-0.36914,1.9141,-0.26758,-0.66921,13
565,64,-0.066406,2.1016,-0.25391,-0.66921,20
565,64,0,2.1289,-0.34766,-0.66921,29
565,64,0,2.1641,-0.36523,-0.66921,30
565,64,-0.13867,2.1875,-0.42383,-0.66921,32
565,64,-0.21289,2.2207,-0.41406,-0.66921,39
565,64,-0.2168,2.2656,-0.38086,-0.66921,31
565,64,-0.29297,2.291,-0.41016,-0.66921,16
565,64,3.1113,1.6074,-0.61719,-0.66921,21
565,64,3.1445,1.5898,-0.70703,-0.66921,18
565,64,-3.8086,4.1855,3.7188,-0.66921,24
565,64,-0.19531,2.0684,-0.10352,-0.33461,15
565,64,-0.066406,2.1094,-0.18359,-0.33461,48
565,64,0,2.1465,-0.19922,-0.33461,85
565,64,0,2.1855,-0.20703,-0.33461,93
565,64,-0.13867,2.2109,-0.26563,-0.33461,88
565,64,-0.21289,2.2402,-0.29297,-0.33461,91
565,64,-0.2168,2.2813,-0.26953,-0.33461,62
565,64,-0.2207,2.3242,-0.23242,-0.33461,27
565,64,-3.998,3.1387,4.418,-0.33461,32
565,64,-3.5977,4.2813,3.8203,-0.33461,54
565,64,-3.8301,4.0938,3.8652,-0.33461,41
565,64,6.9785,4.6094,-1.9531,-0.33461,13
565,64,6.7383,5.1738,-1.4941,-0.33461,14
565,64,7.0391,4.9746,-0.87109,-0.33461,8
565,64,-0.8418,4.6699,-4.7793,0,11
566,33,-0.38086,1.6953,0.10156,0,12
566,33,-0.38867,1.7344,0.03125,0,13
566,33,-0.41406,1.8418,0.11914,0,11
566,33,-0.30078,1.9063,0.029297,0,24
566,33,-0.30664,1.9434,0.0078125,0,22
566,33,-0.20898,2.2188,-0.13086,0,16
566,33,-0.2832,2.2363,-0.25977,0,12
566,33,-0.89453,4.6777,0.19727,0,11
566,33,0,2.0859,-0.36914,0.33461,15
566,33,-0.20508,2.1641,0.30078,0.33461,42
566,33,-0.20898,2.2207,0.064453,0.33461,60
566,33,-0.14258,2.2656,-0.039063,0.33461,41
566,33,-0.54297,5.7578,0.26758,0.33461,25
566,33,-0.54688,5.8008,-0.082031,0.33461,29
566,33,-0.27344,2.1465,0.36328,0.66921,17
566,33,-0.2793,2.2109,0.12891,0.66921,24
566,33,-0.21289,2.2598,-0.015625,0.66921,17
566,33,-0.27148,1.7168,-0.076172,-0.66921,17
566,33,-0.27734,1.75,-0.15234,-0.66921,19
566,33,-0.30078,1.8984,-0.16602,-0.66921,27
566,33,-0.31836,1.6719,0.017578,-0.33461,11
566,33,-0.27148,1.7188,0.0019531,-0.33461,23
566,33,-0.33398,1.7461,-0.033203,-0.33461,25
566,33,-0.35547,1.8574,0.039063,-0.33461,24
566,33,-0.30078,1.9043,-0.074219,-0.33461,48
566,33,-0.30664,1.9414,-0.087891,-0.33461,42
566,33,-0.13867,2.2207,-0.18555,-0.33461,31
566,33,0,2.2383,-0.38086,-0.33461,21
566,33,-0.86523,0.22266,-2.127,-0.33461,16
566,33,-0.5957,4.7207,0.30469,-0.33461,21
566,33,-0.54688,5.7832,-0.45703,-0.33461,29
566,33,-0.92188,0,2.1113,-0.33461,13
566,33,-0.072266,2.3047,0.091797,-0.33461,13
567,45,-0.36133,1.8945,-0.015625,0,10
567,45,-0.30664,1.9414,-0.070313,0,10
567,45,-0.13086,2.0762,-0.021484,0,33
567,45,-0.13281,2.1113,-0.11523,0,50
567,45,-0.13477,2.1504,-0.095703,0,32
567,45,-0.070313,2.2266,-0.13086,0,50
567,45,-0.14258,2.2578,-0.18164,0,39
567,45,-0.38086,1.6973,-0.044922,0.33461,20
567,45,-0.38867,1.7344,-0.033203,0.33461,19
567,45,-0.29492,1.8633,0.125,0.33461,15
567,45,-0.36133,1.8945,0.056641,0.33461,22
567,45,-0.066406,2.1172,-0.03125,0.33461,49
567,45,-0.068359,2.1543,-0.042969,0.33461,88
567,45,-0.068359,2.1934,0.0019531,0.33461,121
567,45,-0.13867,2.2285,0.027344,0.33461,147
567,45,-0.14258,2.2656,-0.029297,0.33461,105
567,45,-0.14453,2.2891,-0.25781,0.33461,30
567,45,-3.3867,0,6.4395,0.33461,32
567,45,-0.37305,1.6563,0.12305,0.66921,15
567,45,-0.38086,1.6953,0.097656,0.66921,30
567,45,-0.44531,1.7207,0.080078,0.66921,31
567,45,-0.39648,1.7676,0.13281,0.66921,17
567,45,-0.13477,2.1504,0.087891,0.66921,31
567,45,-0.13672,2.1855,0.125,0.66921,47
567,45,-0.13867,2.2246,0.12305,0.66921,59
567,45,-0.21289,2.2578,0.097656,0.66921,40
567,45,-0.43555,1.6602,0.2832,1.0038,13
567,45,-0.44531,1.7109,0.19922,1.0038,15
567,45,-0.13086,2.0488,-0.3457,-0.66921,36
567,45,-0.066406,2.084,-0.37109,-0.66921,58
567,45,-0.068359,2.1152,-0.41211,-0.66921,55
567,45,0,2.1621,-0.37695,-0.66921,35
567,45,-0.13867,2.2129,-0.26367,-0.66921,21
567,45,-0.19141,2.0332,0.029297,-0.33461,13
567,45,-0.13086,2.0723,-0.14453,-0.33461,56
567,45,-0.066406,2.1055,-0.2207,-0.33461,112
567,45,-0.068359,2.1406,-0.25781,-0.33461,134
567,45,0,2.1797,-0.25977,-0.33461,97
567,45,-0.13867,2.2188,-0.20313,-0.33461,59
567,45,-0.21289,2.2441,-0.27148,-0.33461,38
567,45,3.666,0.79883,-0.49219,-0.33461,15
567,45,-0.54688,5.7852,-0.41797,-0.33461,27
567,45,-0.92188,0,2.1152,0,21
567,45,-1.0098,0,2.1914,0.33461,20
567,45,-0.21094,1.4199,6.6191,0.33461,22
568,62,-0.12695,2.0391,-0.037109,0,12
568,62,-0.19531,2.0664,-0.15625,0,31
568,62,-0.19922,2.0918,-0.27148,0,36
568,62,-0.20313,2.0684,-0.57813,0,18
568,62,-0.20898,2.2188,-0.10938,0,19
568,62,0,2.291,-0.27344,0,12
568,62,-0.36133,1.8926,0.097656,0.33461,12
568,62,-0.30664,1.9434,0.048828,0.33461,20
568,62,-0.375,1.9688,-0.0058594,0.33461,21
568,62,-0.25586,2.0273,-0.025391,0.33461,25
568,62,0.19531,1.9941,-0.56445,0.33461,45
568,62,0.13281,2.0352,-0.57227,0.33461,66
568,62,0.068359,2.1328,-0.30664,0.33461,71
568,62,-0.068359,2.1914,-0.10547,0.33461,74
568,62,0,2.2305,-0.10742,0.33461,69
568,62,0.14258,2.2324,-0.38672,0.33461,48
568,62,0.2168,2.2656,-0.38086,0.33461,25
568,62,-0.33984,1.7695,0.22656,0.66921,18
568,62,-0.34766,1.8066,0.22461,0.66921,31
568,62,-0.35547,1.8477,0.19922,0.66921,18
568,62,-0.36133,1.8867,0.1875,0.66921,13
568,62,-0.30664,1.9375,0.14258,0.66921,33
568,62,-0.3125,1.9766,0.12695,0.66921,39
568,62,-0.31836,2.0137,0.14063,0.66921,32
568,62,-0.39648,1.9727,0.66406,0.66921,32
568,62,0,2.1934,0.037109,0.66921,28
568,62,0,2.2324,0.039063,0.66921,29
568,62,0,2.2539,-0.26953,0.66921,18
568,62,-1.291,0,-3.2813,0.66921,20
568,62,3.0449,1.6602,0.29102,0.66921,20
568,62,-0.33984,1.7578,0.30859,1.0038,34
568,62,-0.34766,1.7891,0.34375,1.0038,63
568,62,-0.35547,1.8281,0.33203,1.0038,47
568,62,-0.30664,1.9316,0.21484,1.0038,18
568,62,-0.375,1.9531,0.25977,1.0038,23
568,62,-1.3984,0,-3.377,1.0038,14
568,62,2.9375,1.8301,0.37109,1.0038,13
568,62,-0.33984,1.7402,0.39453,1.3384,23
568,62,-0.40625,1.75,0.45508,1.3384,37
568,62,-0.41406,1.7871,0.45898,1.3384,31
568,62,0,1.9609,-0.69727,-0.66921,19
568,62,0,2.002,-0.69531,-0.66921,32
568,62,0,2.0273,-0.73242,-0.66921,27
568,62,0.068359,2.0391,-0.81055,-0.66921,18
568,62,0.13867,2.1152,-0.69922,-0.66921,19
568,62,0.21289,2.1348,-0.74023,-0.66921,20
568,62,0,1.9707,-0.53906,-0.33461,15
568,62,0,2.0117,-0.5332,-0.33461,60
568,62,0.066406,2.0449,-0.55273,-0.33461,104
568,62,0,2.082,-0.56445,-0.33461,92
568,62,0,2.1094,-0.60156,-0.33461,55
568,62,0.13867,2.1387,-0.62695,-0.33461,57
568,62,0.21289,2.1621,-0.6582,-0.33461,61
568,62,0.2168,2.1816,-0.7207,-0.33461,39
568,62,0.14648,2.3223,-0.30273,-0.33461,17
568,62,-0.51953,2.0059,0.18945,0.33461,36
568,62,-0.5957,1.627,1.2207,0.33461,44
568,62,0.19922,1.8633,-0.99023,0.66921,19
568,62,3.0117,1.623,0.375,0.66921,18
568,62,-1.3047,0,-3.3652,0.66921,19
568,62,3.1191,1.4258,0.29492,1.0038,13
568,62,-1.4141,0,3.3672,1.0038,13
569,51,0.14258,2.2637,-0.10156,0,14
569,51,0,2.2891,-0.28711,0,11
569,51,0.074219,2.3418,-0.10742,0,8
569,51,-0.064453,2.0723,-0.16797,0.33461,17
569,51,0,2.1191,0,0.33461,42
569,51,-0.13477,2.1484,0.13086,0.33461,75
569,51,-0.068359,2.1758,0.27734,0.33461,80
569,51,-0.13867,2.1914,0.40234,0.33461,58
569,51,-0.14258,2.2402,0.3418,0.33461,39
569,51,0,2.2988,0.20313,0.33461,29
569,51,0,2.3301,0.26758,0.33461,19
569,51,-0.30078,1.8789,0.32031,0.66921,16
569,51,-0.30664,1.9238,0.26953,0.66921,24
569,51,-0.3125,1.9668,0.23047,0.66921,29
569,51,-0.31836,2.0098,0.17383,0.66921,31
569,51,-0.25977,2.0527,0.22656,0.66921,25
569,51,-0.13281,2.1074,0.18359,0.66921,30
569,51,-0.20313,2.1328,0.25195,0.66921,41
569,51,-0.13672,2.1582,0.36719,0.66921,37
569,51,-0.13867,2.1758,0.48047,0.66921,24
569,51,-0.29492,1.8086,0.4668,1.0038,18
569,51,-0.30078,1.8477,0.4707,1.0038,49
569,51,-0.24609,1.9023,0.4375,1.0038,64
569,51,-0.3125,1.9395,0.40234,1.0038,49
569,51,-0.31836,1.9902,0.33594,1.0038,35
569,51,-0.32422,2.041,0.23633,1.0038,23
569,51,-0.35547,1.7559,0.60742,1.3384,17
569,51,-0.30078,1.8066,0.60742,1.3384,46
569,51,-0.30664,1.8555,0.57617,1.3384,56
569,51,-0.375,1.8945,0.54102,1.3384,34
569,51,-0.36133,1.7598,0.70508,1.673,15
569,51,-0.36914,1.8066,0.6875,1.673,18
569,51,0,2.041,-0.56836,-0.66921,12
569,51,0,2.1367,-0.28516,-0.66921,22
569,51,0,2.1934,-0.082031,-0.66921,25
569,51,0,2.2305,-0.083984,-0.66921,17
569,51,0.21289,2.1699,-0.62891,-0.66921,15
569,51,0,2.002,-0.56445,-0.33461,21
569,51,0,2.0664,-0.4668,-0.33461,38
569,51,0,2.1484,-0.19727,-0.33461,65
569,51,0,2.1934,0.019531,-0.33461,73
569,51,0,2.2305,0.058594,-0.33461,51
569,51,0.21289,2.209,-0.47852,-0.33461,43
569,51,0.2168,2.2461,-0.48047,-0.33461,34
569,51,0.074219,2.3184,-0.35352,-0.33461,19
569,51,-0.78125,0.47461,-2.0781,0,8
569,51,-0.86523,0,-2.252,0,9
569,51,-0.87891,0,-2.3047,0,7
569,51,-1.0098,0,-2.2734,0.33461,19
569,51,-1.0254,0,-2.2656,0.33461,13
569,51,-0.24023,1.7617,0.74805,1.673,15
570,64,-0.19141,2.0332,-0.082031,0,10
570,64,-0.19531,2.0723,-0.0078125,0,19
570,64,-0.13281,2.1152,0.0097656,0,25
570,64,-0.13477,2.1523,0.039063,0,31
570,64,-0.13672,2.1895,0.074219,0,32
570,64,-0.20898,2.2168,0.15625,0,18
570,64,-0.26953,1.584,-2.3848,0,23
570,64,-0.27344,0.83594,-2.7773,0,28
570,64,0,2.0703,-0.21289,0.33461,22
570,64,0.066406,2.1016,-0.25781,0.33461,31
570,64,0.13477,2.1504,-0.091797,0.33461,28
570,64,0.20508,2.1738,0.22461,0.33461,20
570,64,-0.17969,2.3574,-1.6367,0.33461,27
570,64,-0.18164,2.5742,-1.3535,0.33461,34
570,64,3.666,0.88281,-0.32031,0.33461,18
570,64,-0.72852,5.7695,0.36523,0.33461,20
570,64,-0.73242,5.7734,0.72266,0.33461,21
570,64,-0.25586,2.002,0.32031,0.66921,21
570,64,-0.32422,2.0254,0.34961,0.66921,45
570,64,-0.26563,2.0684,0.37695,0.66921,46
570,64,-0.26953,2.0898,0.45703,0.66921,18
570,64,-0.34375,2.1543,0.24219,0.66921,17
570,64,3.291,1.3145,0.79297,0.66921,24
570,64,3.3262,1.4473,0.55664,0.66921,16
570,64,-0.3125,1.9277,0.45117,1.0038,13
570,64,-0.25586,1.9785,0.44141,1.0038,33
570,64,-0.25977,2.0293,0.37891,1.0038,41
570,64,-0.33008,2.0586,0.37695,1.0038,43
570,64,-0.33789,2.1074,0.31445,1.0038,21
570,64,-0.36328,1.9434,2.1406,1.0038,25
570,64,3.2578,1.2012,0.93164,1.0038,23
570,64,3.291,1.2402,0.90625,1.0038,36
570,64,3.4414,0.99023,0.80664,1.0038,25
570,64,-0.32422,1.8359,0.92383,1.3384,17
570,64,-0.26563,1.9727,0.72656,1.3384,39
570,64,-0.26953,2.043,0.63672,1.3384,25
570,64,3.291,1.0332,1.1348,1.3384,18
570,64,-0.25586,1.8203,0.89258,1.673,11
570,64,-0.32422,1.8633,0.86914,1.673,29
570,64,-0.26563,1.9277,0.83789,1.673,32
570,64,-0.26953,1.9883,0.79102,1.673,14
570,64,0,2,-0.57422,-0.66921,14
570,64,0.066406,2.0547,-0.51172,-0.66921,21
570,64,0.068359,2.1309,-0.32031,-0.66921,24
570,64,0,2.1914,-0.12695,-0.66921,21
570,64,0,2.0059,-0.38281,-0.33461,17
570,64,0,2.0391,-0.41016,-0.33461,45
570,64,0,2.0859,-0.36719,-0.33461,66
570,64,0.068359,2.1465,-0.19922,-0.33461,73
570,64,0,2.1934,-0.013672,-0.33461,67
570,64,0,2.2305,0.097656,-0.33461,33
570,64,0.072266,2.3066,-0.013672,-0.33461,15
570,64,3.6289,0.56836,-0.73438,-0.33461,17
570,64,-3.7832,0,-0.75781,-0.33461,25
570,64,-3.8203,0,-0.95508,-0.33461,18
570,64,-0.53906,0.87695,1.8945,0.33461,16
570,64,-0.48047,1.9902,-0.79102,0.33461,19
570,64,0,3.7832,0.027344,0.33461,13
570,64,-1.248,0,-3.4258,0.66921,20
570,64,-1.377,0,-3.6445,0.66921,13
570,64,-1.3477,0,-3.334,1.0038,19
570,64,-1.3613,0,-3.498,1.0038,29
570,64,-1.377,0,-3.6465,1.0038,19
570,64,-1.3613,0.68164,-3.2969,1.3384,14
571,39,0,2.0566,-0.31445,0,18
571,39,0,2.084,-0.37891,0,23
571,39,0.13477,2.0957,-0.49023,0,13
571,39,-0.34375,2.0527,0.69727,0,17
571,39,-0.20898,2.2031,0.28516,0,19
571,39,-0.14258,2.2637,0.11328,0,13
571,39,0,2.0332,-0.20508,0.33461,12
571,39,0.064453,2.0703,-0.20703,0.33461,40
571,39,0.066406,2.0977,-0.28516,0.33461,51
571,39,-0.4043,1.9688,0.78125,0.33461,54
571,39,-0.27344,2.1777,0.025391,0.33461,85
571,39,-0.2793,2.209,0.16016,0.33461,75
571,39,-0.21289,2.2422,0.2793,0.33461,46
571,39,-0.33008,1.998,0.62305,0.66921,60
571,39,-0.26953,2.0879,0.46484,0.66921,197
571,39,-0.27344,2.1328,0.43945,0.66921,245
571,39,-0.20898,2.1797,0.43555,0.66921,135
571,39,-0.21289,2.2129,0.46289,0.66921,36
571,39,-0.19922,2.0313,0.57031,1.0038,64
571,39,-0.26953,2.0605,0.57617,1.0038,161
571,39,-0.27344,2.0977,0.58203,1.0038,171
571,39,-0.2793,2.1348,0.58789,1.0038,69
571,39,-0.33008,1.9063,0.86328,1.3384,15
571,39,-0.26953,1.9941,0.77539,1.3384,35
571,39,-0.20508,2.0703,0.69922,1.3384,32
571,39,-0.13867,2.123,0.67383,1.3384,20
571,39,0,2.002,-0.57031,-0.66921,24
571,39,0.066406,2.0469,-0.53906,-0.66921,37
571,39,0.068359,2.1094,-0.44531,-0.66921,32
571,39,0,2.1719,-0.3125,-0.66921,19
571,39,0,1.9805,-0.50195,-0.33461,21
571,39,0,2.0293,-0.45898,-0.33461,72
571,39,0.066406,2.0781,-0.41211,-0.33461,107
571,39,0.068359,2.1328,-0.31641,-0.33461,92
571,39,0.13672,2.1836,-0.1582,-0.33461,51
571,39,0,2.3027,0.16211,-0.33461,19
571,39,0,2.3359,0.20508,-0.33461,14
571,39,-0.53906,1.1582,1.7363,0,12
571,39,0.26953,2.1328,-0.17188,0.33461,39
572,42,-0.13477,2.1504,0.085938,0,31
572,42,-0.13672,2.1836,0.1582,0,121
572,42,-0.13867,2.2207,0.16797,0,206
572,42,-0.14258,2.2617,0.14844,0,162
572,42,-0.14453,2.3008,0.11914,0,59
572,42,3.666,0.90625,0.24414,0,9
572,42,0,2.0527,-0.33594,0.33461,25
572,42,0,2.0996,-0.2832,0.33461,33
572,42,0,2.1543,0.10742,0.33461,24
572,42,-0.20508,2.1621,0.30664,0.33461,165
572,42,-0.13867,2.207,0.30469,0.33461,315
572,42,-0.14258,2.248,0.28711,0.33461,269
572,42,-0.14453,2.2891,0.25586,0.33461,114
572,42,-0.14648,2.332,0.21094,0.33461,30
572,42,3.6289,0.8457,0.38477,0.33461,18
572,42,3.666,0.92383,0.16797,0.33461,23
572,42,-0.20313,2.1035,0.43359,0.66921,17
572,42,-0.20508,2.1543,0.36133,0.66921,68
572,42,-0.13867,2.2051,0.32031,0.66921,111
572,42,-0.14258,2.2422,0.32813,0.66921,100
572,42,-0.2168,2.2695,0.35352,0.66921,53
572,42,-0.34375,1.957,0.93164,1.0038,17
572,42,-0.2793,2.0566,0.82031,1.0038,42
572,42,-0.2832,2.1113,0.7832,1.0038,41
572,42,-0.28906,2.1465,0.79492,1.0038,22
572,42,0,1.8965,-0.85547,-0.66921,10
572,42,0,2.0059,-0.68359,-0.66921,14
572,42,0,2.1074,-0.45313,-0.66921,15
572,42,0,2.1504,-0.43555,-0.66921,12
572,42,0.064453,1.9551,-0.5918,-0.33461,13
572,42,0.064453,1.9922,-0.59766,-0.33461,32
572,42,0.066406,2.0547,-0.50977,-0.33461,42
572,42,0,2.1367,-0.29102,-0.33461,49
572,42,0,2.1855,-0.19141,-0.33461,47
572,42,0,2.2148,-0.28125,-0.33461,42
572,42,0,2.252,-0.28711,-0.33461,37
572,42,0,2.2969,-0.2168,-0.33461,26
572,42,0,2.3438,-0.099609,-0.33461,15
572,42,-1.3008,2.0176,2.9238,0,8
572,42,-1.0117,0.83984,-1.709,0.33461,14
572,42,-1.2871,0.62891,3.4609,0.33461,13
572,42,-1.3008,1.1895,3.3477,0.33461,16
573,27,-0.13672,2.1777,0.22852,0,44
573,27,-0.13867,2.2188,0.19531,0,141
573,27,-0.14258,2.2578,0.17969,0,182
573,27,-0.14453,2.2969,0.16797,0,105
573,27,-0.2207,2.3242,0.23047,0,26
573,27,0,2.0645,-0.26758,0.33461,17
573,27,0,2.0625,-0.48438,0.33461,15
573,27,-0.13672,2.1465,0.4375,0.33461,95
573,27,-0.13867,2.1973,0.36719,0.33461,322
573,27,-0.14258,2.2422,0.32813,0.33461,416
573,27,-0.2168,2.2773,0.30664,0.33461,235
573,27,-0.2207,2.3145,0.30664,0.33461,52
573,27,-0.20508,2.1113,0.56055,0.66921,40
573,27,-0.20898,2.166,0.50195,0.66921,130
573,27,-0.21289,2.2109,0.47266,0.66921,169
573,27,-0.2168,2.252,0.45898,0.66921,96
573,27,-0.29297,2.2598,0.55859,0.66921,23
573,27,-0.21289,2.1836,0.58594,1.0038,15
573,27,-0.20898,2.2207,0.072266,-0.66921,26
573,27,-0.14258,2.2656,-0.015625,-0.66921,34
573,27,-0.14453,2.2988,-0.15234,-0.66921,18
573,27,0,2.0098,-0.54102,-0.33461,18
573,27,0.066406,2.0039,-0.6875,-0.33461,16
573,27,-0.27344,2.1445,0.37891,-0.33461,23
573,27,-0.20898,2.2148,0.1875,-0.33461,78
573,27,-0.14258,2.2637,0.10156,-0.33461,101
573,27,-0.14453,2.3027,-0.0058594,-0.33461,51
574,23,-0.2793,2.1895,0.33008,0,11
574,23,-0.21289,2.2305,0.36523,0,20
574,23,-0.14453,2.2715,0.38281,0,21
574,23,-0.29297,2.252,0.58594,0,12
574,23,0,2.1367,0.29297,0.33461,15
574,23,0,2.1816,0.23047,0.33461,29
574,23,-0.070313,2.2168,0.25195,0.33461,67
574,23,-0.14258,2.2422,0.32227,0.33461,100
574,23,-0.2168,2.2559,0.43555,0.33461,83
574,23,-0.2207,2.2578,0.59375,0.33461,41
574,23,-0.13867,2.1895,0.41016,0.66921,23
574,23,-0.21289,2.2109,0.4668,0.66921,35
574,23,-0.2168,2.2324,0.54102,0.66921,29
574,23,-0.29297,2.2031,0.75,0.66921,14
574,23,0,2.2129,-0.28711,-0.66921,16
574,23,0,2.2578,-0.23242,-0.66921,21
574,23,-0.14453,2.3008,-0.125,-0.66921,16
574,23,0.068359,2.1543,0.037109,-0.33461,14
574,23,0.13672,2.1895,-0.048828,-0.33461,26
574,23,0,2.2285,-0.12891,-0.33461,50
574,23,0,2.2695,-0.039063,-0.33461,66
574,23,-0.14453,2.3027,0.054688,-0.33461,50
574,23,-0.14648,2.334,0.18359,-0.33461,22
575,10,0,2.0645,-0.25586,0.33461,18
575,10,0,2.1133,-0.14258,0.33461,22
575,10,0.068359,2.1465,0.20508,0.33461,23
575,10,0,2.1582,0.39648,0.33461,23
575,10,0,2.1777,0.49023,0.33461,15
575,10,0,1.9844,-0.62305,-0.33461,16
575,10,0,2.0742,-0.43359,-0.33461,18
575,10,0,2.1563,-0.070313,-0.33461,19
575,10,0,2.1934,0.089844,-0.33461,20
575,10,0,2.2305,0.089844,-0.33461,13
576,5,0,2.127,0.35547,0.33461,20
576,5,0,2.1758,0.2793,0.33461,28
576,5,0,2.2148,0.2832,0.33461,13
576,5,0,2.1523,0.12695,-0.33461,17
576,5,0,2.1934,-0.048828,-0.33461,24
577,6,0,2.1152,-0.12305,0.33461,11
577,6,0.068359,2.1348,0.30273,0.33461,9
577,6,0,2.2637,0.16797,0.33461,17
577,6,0,2.2969,0.22852,0.33461,15
577,6,0.070313,2.2617,-0.18359,-0.33461,16
577,6,0,2.3047,-0.11133,-0.33461,14
602,4,0,2.1504,-0.15039,0.33461,13
602,4,0,2.1934,0.021484,0.33461,14
602,4,0,2.1074,-0.45703,-0.33461,14
602,4,0,2.166,-0.35352,-0.33461,14
603,4,-0.13672,2.1719,0.28125,0.33461,12
603,4,-0.13867,2.2266,-0.089844,0.33461,12
603,4,0,2.1953,0,-0.33461,12
603,4,-0.13867,2.1973,-0.36719,-0.33461,12
604,4,0,2.166,0.35352,0.33461,11
604,4,-0.13867,2.2266,0.056641,0.33461,10
604,4,0,2.1953,0.0097656,-0.33461,11
604,4,0,2.2246,-0.17773,-0.33461,11
605,2,-0.20898,2.2148,-0.17578,0.33461,11
605,2,-0.20898,2.1855,-0.40234,-0.33461,11
606,19,-0.13477,2.0898,-0.51367,0,14
606,19,-0.20508,2.1348,-0.46875,0,16
606,19,-0.20898,2.1992,-0.31836,0,7
606,19,0,2.1172,0.083984,0.33461,11
606,19,0.068359,2.1348,0.29688,0.33461,10
606,19,-0.27344,2.1699,-0.18555,0.33461,26
606,19,-0.2793,2.2129,-0.078125,0.33461,29
606,19,-0.21289,2.2578,-0.09375,0.33461,16
606,19,-3.7461,0,-0.41992,0.33461,10
606,19,-3.7832,0,-0.50781,0.33461,15
606,19,-0.20508,2.0664,-0.71094,-0.66921,14
606,19,-0.20898,2.1582,-0.5293,-0.66921,12
606,19,-0.26953,1.957,-0.86328,-0.33461,22
606,19,-0.20508,2.1211,-0.52539,-0.33461,41
606,19,-0.20898,2.1973,-0.33008,-0.33461,37
606,19,-0.21289,2.2441,-0.26367,-0.33461,22
606,19,3.6289,0,-1.293,-0.33461,15
606,19,3.666,0,-1.2188,-0.33461,18
606,19,-2.3418,1.5293,2.4922,-0.33461,8
607,58,-0.25977,2.0586,-0.1582,0,15
607,58,-0.19922,2.1035,-0.15625,0,94
607,58,-0.26953,2.1328,-0.17773,0,232
607,58,-0.27344,2.168,-0.20508,0,256
607,58,-0.20898,2.209,-0.25,0,133
607,58,-0.21289,2.248,-0.23242,0,31
607,58,-0.28906,2.2813,-0.20508,0,11
607,58,3.3262,1.498,-0.40234,0,10
607,58,3.4766,1.2461,-0.33203,0,23
607,58,3.5117,1.2129,-0.47656,0,24
607,58,3.5469,1.2188,-0.49805,0,14
607,58,-0.13086,2.0762,-0.019531,0.33461,28
607,58,-0.066406,2.1172,0.0039063,0.33461,70
607,58,-0.068359,2.1543,0.041016,0.33461,105
607,58,-0.068359,2.1934,0.054688,0.33461,98
607,58,-0.070313,2.2305,0.052734,0.33461,57
607,58,3.6289,0.92578,-0.082031,0.33461,21
607,58,-3.7832,0,-0.2168,0.33461,30
607,58,-3.8203,0,-0.39648,0.33461,17
607,58,0,2.1113,0.18359,0.66921,20
607,58,0,2.1426,0.24805,0.66921,29
607,58,-0.068359,2.1797,0.23633,0.66921,28
607,58,-0.13867,2.2148,0.23242,0.66921,16
607,58,-0.19531,1.9688,-0.64453,-1.0038,11
607,58,-0.19922,2.0117,-0.63477,-1.0038,40
607,58,-0.20313,2.0547,-0.625,-1.0038,73
607,58,-0.20508,2.0938,-0.62305,-1.0038,66
607,58,-0.20898,2.125,-0.64844,-1.0038,28
607,58,-0.25977,2.0293,-0.38086,-0.66921,21
607,58,-0.26563,2.0684,-0.37695,-0.66921,119
607,58,-0.26953,2.0918,-0.44531,-0.66921,303
607,58,-0.20508,2.1309,-0.48438,-0.66921,341
607,58,-0.20898,2.1563,-0.53711,-0.66921,171
607,58,-0.21289,2.1758,-0.61133,-0.66921,41
607,58,-0.2168,2.2441,-0.49414,-0.66921,16
607,58,3.4766,0.81445,-1,-0.66921,21
607,58,-0.51953,1.9844,0.35156,-0.33461,15
607,58,-0.26563,2.084,-0.27148,-0.33461,141
607,58,-0.26953,2.1133,-0.33398,-0.33461,404
607,58,-0.27344,2.1465,-0.36719,-0.33461,476
607,58,-0.20898,2.1855,-0.40039,-0.33461,257
607,58,-0.2832,2.2051,-0.45703,-0.33461,63
607,58,-0.14453,2.2813,-0.31445,-0.33461,29
607,58,0,2.2754,-0.56641,-0.33461,11
607,58,3.4414,1.0156,-0.77539,-0.33461,18
607,58,3.5918,0.66602,-0.63477,-0.33461,36
607,58,3.3945,1.3652,-0.80078,-0.33461,22
607,58,-1.0098,0,2.2715,0,6
607,58,-2.5234,0,3.377,0,7
607,58,-2.4336,0,3.3281,0,15
607,58,-2.459,0,3.3281,0,14
607,58,0.23438,3.7344,0.17578,0.33461,12
607,58,-1.082,1.2129,1.6387,-0.66921,9
607,58,-2.4336,1.0957,2.5742,-0.66921,12
607,58,0.13086,1.8496,-0.94336,-0.33461,12
607,58,-2.5234,0,3.0215,-0.33461,12
607,58,-2.5488,0,2.9277,-0.33461,21
607,58,-2.6914,0.33984,2.582,-0.33461,14
608,54,-0.32422,2.0547,-0.0625,0,12
608,54,-0.33008,2.0918,0.083984,0,15
608,54,-0.26953,2.1387,0.0097656,0,36
608,54,-0.20508,2.1836,-0.041016,0,45
608,54,-0.20898,2.2227,-0.048828,0,27
608,54,0,2.0508,-0.35742,0.33461,18
608,54,0,2.0957,-0.30859,0.33461,43
608,54,0,2.1543,0.10742,0.33461,68
608,54,-0.13672,2.1855,0.14063,0.33461,78
608,54,-0.13867,2.2227,-0.1582,0.33461,58
608,54,-0.070313,2.1934,-0.58398,0.33461,31
608,54,-4.043,0,5.6934,0.33461,14
608,54,0,2.1172,-0.083984,0.66921,16
608,54,0,2.1484,0.19531,0.66921,24
608,54,-0.13672,2.168,0.31055,0.66921,27
608,54,-0.20898,2.207,-0.25781,0.66921,27
608,54,-0.14258,2.2207,-0.44922,0.66921,26
608,54,-0.2168,2.1895,-0.69922,0.66921,15
608,54,-0.25,1.8223,-0.79688,-2.0076,20
608,54,-0.25586,1.8652,-0.79297,-2.0076,38
608,54,-0.25977,1.8887,-0.83398,-2.0076,35
608,54,-0.26563,1.877,-0.94727,-2.0076,15
608,54,-0.24609,1.8379,-0.66016,-1.673,13
608,54,-0.25,1.873,-0.66797,-1.673,50
608,54,-0.25586,1.9121,-0.67383,-1.673,85
608,54,-0.25977,1.9434,-0.69922,-1.673,68
608,54,-0.26563,1.9609,-0.75781,-1.673,25
608,54,-0.25,1.9141,-0.54492,-1.3384,36
608,54,-0.25586,1.9453,-0.57227,-1.3384,49
608,54,-0.25977,1.9727,-0.60547,-1.3384,29
608,54,-0.26563,1.9902,-0.67773,-1.3384,16
608,54,-0.25586,1.9785,-0.43945,-1.0038,23
608,54,-0.19531,2.0215,-0.45508,-1.0038,66
608,54,-0.26563,2.041,-0.50586,-1.0038,75
608,54,-0.20313,2.0801,-0.5293,-1.0038,38
608,54,3.5176,0,-0.96094,-1.0038,25
608,54,-0.25586,2.0117,-0.24609,-0.66921,29
608,54,-0.25977,2.0391,-0.31641,-0.66921,71
608,54,-0.26563,2.0742,-0.3418,-0.66921,77
608,54,-0.26953,2.0996,-0.4082,-0.66921,48
608,54,-0.20508,2.125,-0.50977,-0.66921,35
608,54,-0.20898,2.1543,-0.54297,-0.66921,21
608,54,-0.32422,2.0547,-0.080078,-0.33461,18
608,54,-0.13281,2.084,-0.35742,-0.33461,44
608,54,-0.20313,2.123,-0.31445,-0.33461,75
608,54,-0.20508,2.1484,-0.39258,-0.33461,80
608,54,-0.13867,2.166,-0.51758,-0.33461,55
608,54,-0.21289,2.1934,-0.54297,-0.33461,22
608,54,-4.0215,2.5078,4.8379,-0.33461,23
608,54,-1.916,6.4219,-1.2168,-0.33461,26
608,54,-1.916,6.5313,-0.19922,0.33461,13
608,54,-2.3828,0.3457,2.7188,-1.0038,16
608,54,-1.9043,6.3574,-1.3438,-0.33461,22
608,54,-4.043,2.3125,4.9688,-0.33461,25
609,61,0,2.1152,-0.11719,0,19
609,61,0,2.1563,0.013672,0,31
609,61,0,2.1934,0.074219,0,31
609,61,0,2.2324,0.013672,0,22
609,61,0,2.2676,-0.11719,0,13
609,61,-3.8086,3.248,4.5605,0,23
609,61,-4.043,2.709,4.7637,0,20
609,61,0,2.0762,-0.15039,0.33461,30
609,61,0,2.1172,0.054688,0.33461,88
609,61,0,2.1504,0.16797,0.33461,154
609,61,0,2.1816,0.23242,0.33461,150
609,61,0.070313,2.2188,0.24219,0.33461,87
609,61,0.14258,2.2559,0.19922,0.33461,31
609,61,-3.7832,0,-0.11914,0.33461,14
609,61,-3.8203,0,-0.15039,0.33461,16
609,61,-0.72852,5.7813,-0.025391,0.33461,19
609,61,0,2.0781,-0.10547,0.66921,11
609,61,0,2.1113,0.17578,0.66921,30
609,61,0,2.1367,0.28711,0.66921,53
609,61,0,2.1641,0.35742,0.66921,51
609,61,0,2.2012,0.375,0.66921,30
609,61,-0.26953,2.8418,-0.33984,-2.3422,16
609,61,-0.45508,2.8477,-0.41797,-2.3422,13
609,61,-0.44922,2.8281,-0.26758,-2.0076,19
609,61,-0.36328,2.8848,-0.16797,-2.0076,17
609,61,-0.28906,1.7813,-0.42578,-1.673,12
609,61,-0.23633,1.8086,-0.50195,-1.673,21
609,61,-0.30078,1.8223,-0.55859,-1.673,17
609,61,-0.29492,1.8262,-0.39844,-1.3384,24
609,61,-0.30078,1.8535,-0.44336,-1.3384,22
609,61,-0.30078,1.8906,-0.24219,-1.0038,14
609,61,-0.30664,1.9219,-0.28711,-1.0038,28
609,61,-0.3125,1.9512,-0.34375,-1.0038,36
609,61,-0.31836,1.9707,-0.43359,-1.0038,23
609,61,-0.30664,1.9355,-0.16797,-0.66921,24
609,61,-0.3125,1.9668,-0.23438,-0.66921,30
609,61,-0.31836,2.002,-0.25586,-0.66921,19
609,61,-0.064453,2.0352,-0.42773,-0.66921,12
609,61,0.066406,2.0918,-0.33203,-0.66921,16
609,61,0.068359,2.1484,-0.17578,-0.66921,29
609,61,0.068359,2.1895,-0.11914,-0.66921,28
609,61,-4.0215,3.8965,3.8086,-0.66921,21
609,61,-3.8301,4.1641,3.7891,-0.66921,20
609,61,-0.19141,2.0195,-0.24023,-0.33461,10
609,61,0,2.0547,-0.33008,-0.33461,24
609,61,0.066406,2.1055,-0.23047,-0.33461,54
609,61,0,2.1563,-0.074219,-0.33461,100
609,61,0.068359,2.1934,-0.017578,-0.33461,95
609,61,0.13867,2.2285,0.035156,-0.33461,51
609,61,-0.42578,1.9219,-1.1309,-0.33461,22
609,61,-3.998,2.9609,4.5391,-0.33461,26
609,61,-3.8086,3.5996,4.2891,-0.33461,48
609,61,-3.8301,3.6289,4.3047,-0.33461,44
609,61,-1.6934,6.3906,-1.4688,0,15
609,61,-1.2773,6.123,-2.6953,0,15
609,61,-1.4805,6.1816,-2.334,-0.66921,15
609,61,-0.85156,5.5488,-3.8555,-0.66921,15
609,61,0.35547,2.2344,-0.17773,-0.33461,19
609,61,-1.4727,6.209,-2.1543,-0.33461,18
609,61,-1.2695,6.0449,-2.7773,-0.33461,32
609,61,-1.0645,5.8887,-3.25,-0.33461,30
610,35,-0.36133,1.8867,0.18359,0,15
610,35,-0.30664,1.9414,0.074219,0,19
610,35,-0.27344,2.1777,-0.011719,0,29
610,35,-0.20898,2.2227,-0.046875,0,30
610,35,-0.066406,2.1152,-0.10547,0.33461,34
610,35,-0.13477,2.1387,-0.24023,0.33461,39
610,35,-0.20508,2.1816,0.13086,0.33461,65
610,35,-0.13867,2.2246,0.13281,0.33461,95
610,35,-0.14258,2.2617,0.125,0.33461,63
610,35,0,2.3086,0.029297,0.33461,18
610,35,3.666,0.89258,-0.29102,0.33461,14
610,35,-0.13281,2.1133,0.039063,0.66921,12
610,35,-0.20313,2.1426,-0.13867,0.66921,14
610,35,-0.20508,2.168,0.27539,0.66921,21
610,35,-0.13867,2.209,0.29297,0.66921,34
610,35,0,2.2617,0.18945,0.66921,24
610,35,-0.38086,1.6777,-0.26758,-1.0038,17
610,35,-0.38867,1.7188,-0.24219,-1.0038,15
610,35,-0.37305,1.6602,-0.033203,-0.66921,14
610,35,-0.38086,1.6914,-0.14453,-0.66921,24
610,35,-0.38867,1.7246,-0.1875,-0.66921,24
610,35,-0.39648,1.7637,-0.17773,-0.66921,20
610,35,-0.40625,1.7988,-0.19336,-0.66921,15
610,35,-0.14258,2.252,-0.24609,-0.66921,19
610,35,-0.49023,1.6699,-0.0625,-0.33461,10
610,35,-0.38867,1.7305,-0.11523,-0.33461,13
610,35,-0.39648,1.7715,-0.046875,-0.33461,15
610,35,-0.40625,1.8086,-0.050781,-0.33461,14
610,35,-0.30078,1.9063,0.0097656,-0.33461,26
610,35,-0.30664,1.9414,-0.066406,-0.33461,34
610,35,-0.070313,2.2305,-0.046875,-0.33461,48
610,35,-0.070313,2.2676,-0.099609,-0.33461,48
610,35,-0.14453,2.2969,-0.18359,-0.33461,26
610,35,-0.37305,2.334,0.31445,-0.33461,12
610,35,-0.22656,2.4063,0.1582,-0.33461,19
611,42,-0.38867,1.7344,-0.070313,0,8
611,42,-0.35547,1.8574,-0.0019531,0,13
611,42,-0.36133,1.8926,-0.11719,0,17
611,42,-0.068359,2.1465,-0.20117,0,29
611,42,-0.13672,2.1895,-0.044922,0,43
611,42,-0.20898,2.2227,-0.025391,0,69
611,42,-0.21289,2.2598,-0.037109,0,70
611,42,-0.2168,2.2969,-0.03125,0,45
611,42,-0.29297,2.3262,0.027344,0,21
611,42,-0.53125,1.6172,-0.039063,0.33461,12
611,42,-0.49023,1.668,0.089844,0.33461,12
611,42,-0.44531,1.7207,0.013672,0.33461,15
611,42,-0.39648,1.7715,0.035156,0.33461,12
611,42,-0.35547,1.8535,0.13477,0.33461,24
611,42,-0.36133,1.8945,0.027344,0.33461,30
611,42,0,2.1016,-0.26953,0.33461,35
611,42,0,2.0898,-0.5332,0.33461,33
611,42,-0.13672,2.1797,0.20508,0.33461,90
611,42,-0.13867,2.2207,0.17383,0.33461,145
611,42,-0.2832,2.2461,0.17773,0.33461,123
611,42,-0.28906,2.2832,0.16992,0.33461,59
611,42,-0.36719,2.3145,0.10938,0.33461,18
611,42,-0.72852,5.7695,0.36914,0.33461,28
611,42,-0.53125,1.6172,0.058594,0.66921,13
611,42,-0.20508,2.1504,0.38086,0.66921,35
611,42,-0.20898,2.1914,0.36914,0.66921,59
611,42,-0.2832,2.2207,0.37695,0.66921,50
611,42,-0.43359,2.209,0.50977,0.66921,22
611,42,0,2.0156,-0.51563,-0.66921,19
611,42,0,2.043,-0.56445,-0.66921,29
611,42,0,2.0352,-0.71289,-0.66921,20
611,42,0,2.2637,-0.44531,-0.66921,16
611,42,0.064453,2.0098,-0.35938,-0.33461,13
611,42,0,2.041,-0.4082,-0.33461,49
611,42,0,2.0703,-0.45117,-0.33461,77
611,42,0,2.0801,-0.57031,-0.33461,56
611,42,-0.20898,2.2207,0.0625,-0.33461,25
611,42,0.2832,2.084,-0.85352,-0.33461,15
611,42,0,2.2773,-0.37305,-0.33461,30
611,42,0,2.3242,-0.32227,-0.33461,22
611,42,-0.064453,1.9922,-0.45313,-0.33461,13
611,42,-1.0469,0,2.0254,-0.33461,13
612,64,-0.36914,1.9297,-0.10938,0,12
612,64,-0.3125,1.9766,-0.13281,0,10
612,64,0,2.0176,-0.32031,0,9
612,64,0,2.0684,-0.23242,0,19
612,64,0,2.0957,-0.31445,0,17
612,64,-0.13867,2.2285,0.0039063,0,34
612,64,-0.14258,2.2656,-0.048828,0,36
612,64,-0.14453,2.2988,-0.13086,0,20
612,64,4.7031,3.373,0.064453,0,13
612,64,-1.457,5.5781,-0.84766,0,11
612,64,-4.0215,0,-6.4805,0,16
612,64,-4.2559,0,-6.5293,0,17
612,64,-0.36133,1.8926,0.10742,0.33461,18
612,64,-0.36914,1.9297,0.091797,0.33461,26
612,64,-0.375,1.9668,0.12305,0.33461,18
612,64,0,2.0391,-0.125,0.33461,23
612,64,0,2.0801,-0.03125,0.33461,48
612,64,0,2.1172,0.054688,0.33461,52
612,64,0,2.1543,0.082031,0.33461,39
612,64,-0.20508,2.168,0.27148,0.33461,38
612,64,-0.13867,2.2227,0.15234,0.33461,80
612,64,-0.14258,2.2656,0.042969,0.33461,78
612,64,-0.14453,2.2988,-0.13867,0.33461,33
612,64,-3.7832,0,-0.33594,0.33461,20
612,64,4.4922,3.5176,0.7207,0.33461,15
612,64,4.5215,3.5723,0.54688,0.33461,27
612,64,4.916,3.1113,0.30859,0.33461,22
612,64,-0.91602,5.7715,0.48633,0.33461,22
612,64,-4.0215,0,-6.2461,0.33461,33
612,64,-4.2559,0,-6.4063,0.33461,36
612,64,-4.2793,0,-6.5508,0.33461,21
612,64,6.1719,5.9258,0.73047,0.33461,9
612,64,-0.40625,1.8047,0.11523,0.66921,14
612,64,-0.35547,1.8535,0.13086,0.66921,17
612,64,-0.36133,1.8887,0.15234,0.66921,19
612,64,-0.36914,1.918,0.23438,0.66921,20
612,64,-0.19531,2.0664,0.15625,0.66921,25
612,64,-0.13281,2.1016,0.24023,0.66921,23
612,64,-0.20898,2.209,0.24805,0.66921,34
612,64,-0.21289,2.252,0.18359,0.66921,33
612,64,-0.45313,1.7324,0.30078,1.0038,16
612,64,-0.40625,1.7813,0.31055,1.0038,23
612,64,-0.41406,1.8359,0.19531,1.0038,19
612,64,-0.45313,1.6777,0.52539,1.3384,12
612,64,-0.46289,1.7441,0.42578,1.3384,13
612,64,0,2.0801,-0.40625,-0.66921,15
612,64,0,2.1191,-0.40234,-0.66921,18
612,64,0,2.1602,-0.38672,-0.66921,12
612,64,0.064453,2.0508,-0.3457,-0.33461,22
612,64,0.066406,2.0977,-0.29297,-0.33461,44
612,64,0.068359,2.1387,-0.27148,-0.33461,51
612,64,0,2.1816,-0.22852,-0.33461,34
612,64,-0.20898,2.2207,-0.078125,-0.33461,23
612,64,-0.14648,2.3379,0.11523,-0.33461,20
612,64,-0.22266,2.3691,0.13867,-0.33461,22
612,64,-0.30273,2.3906,0.23047,-0.33461,16
612,64,-0.99219,0,-2.1973,0,20
612,64,-1.0098,0,-2.3047,0,13
612,64,-1.8086,5.4023,-1.0273,0,10
612,64,4.5527,3.6289,-0.23242,0,9
612,64,-1.6934,6.541,0.4707,0,10
612,64,-1.7031,6.5938,-0.056641,0,10
612,64,-1.0098,0,-2.25,0.33461,17
612,64,2.3359,0.40625,-5.2383,0.33461,11
613,50,0,2.0703,-0.21289,0,9
613,50,0,2.0938,-0.31836,0,11
613,50,-0.27344,2.1758,0.099609,0,11
613,50,-0.2793,2.2148,0.046875,0,11
613,50,-0.2168,2.2832,-0.25,0,14
613,50,0,2.3438,-0.068359,0,11
613,50,0,2.0645,-0.26172,0.33461,40
613,50,0,2.1074,-0.22266,0.33461,75
613,50,0,2.1523,-0.13867,0.33461,81
613,50,-0.068359,2.1934,-0.0058594,0.33461,58
613,50,0,2.2324,0.048828,0.33461,34
613,50,-0.42578,1.9727,1.041,0.33461,16
613,50,-0.43359,2.2637,-0.12695,0.33461,25
613,50,-3.7832,0,-0.10938,0.33461,23
613,50,-3.8203,0,-0.30469,0.33461,19
613,50,-0.30078,1.8887,0.25977,0.66921,16
613,50,-0.30664,1.9395,0.11914,0.66921,14
613,50,0,2.1191,-0.029297,0.66921,26
613,50,-0.13477,2.1504,0.078125,0.66921,31
613,50,-0.13672,2.1797,0.2168,0.66921,27
613,50,-0.070313,2.2188,0.22852,0.66921,16
613,50,-0.35547,1.7715,0.55859,1.0038,27
613,50,-0.30078,1.8359,0.51563,1.0038,55
613,50,-0.30664,1.8906,0.44922,1.0038,52
613,50,-0.3125,1.9512,0.33789,1.0038,23
613,50,-0.35547,1.7207,0.70117,1.3384,33
613,50,-0.36133,1.7793,0.65234,1.3384,64
613,50,-0.36914,1.834,0.61133,1.3384,58
613,50,-0.375,1.8926,0.54297,1.3384,26
613,50,-0.41406,1.6387,0.85156,1.673,14
613,50,-0.36133,1.7129,0.81055,1.673,28
613,50,-0.36914,1.7656,0.78516,1.673,24
613,50,0,2.0273,-0.4668,-0.66921,17
613,50,0.066406,2.0371,-0.58203,-0.66921,30
613,50,0,2.0625,-0.62891,-0.66921,28
613,50,0.068359,2.123,-0.54883,-0.66921,15
613,50,0,2.0176,-0.31641,-0.33461,14
613,50,0,2.0371,-0.42773,-0.33461,49
613,50,0,2.0684,-0.46094,-0.33461,87
613,50,0,2.1035,-0.47852,-0.33461,80
613,50,0.068359,2.1348,-0.5,-0.33461,42
613,50,0.20898,2.1797,-0.43164,-0.33461,21
613,50,0.2832,2.1875,-0.53711,-0.33461,19
613,50,0.2168,2.2148,-0.61133,-0.33461,19
613,50,-3.7461,0,-0.52734,-0.33461,16
613,50,-3.7832,0,-0.70117,-0.33461,29
613,50,-3.7012,0.52539,-0.78906,-0.33461,23
613,50,-1.0293,0,-2.1523,0,6
613,50,0.21289,2.2402,-0.29492,0.33461,15
613,50,0.43359,2.0703,-0.92188,0.33461,17
614,58,-0.25586,2.0117,0.24805,0,8
614,58,-0.13086,2.0762,0.070313,0,13
614,58,0,2.1133,-0.1543,0,17
614,58,0,2.1563,-0.058594,0,19
614,58,-0.20508,2.1836,-0.037109,0,18
614,58,0.064453,2.0508,-0.34766,0.33461,32
614,58,0.066406,2.0898,-0.33789,0.33461,47
614,58,0.13477,2.1094,-0.42969,0.33461,22
614,58,-0.13672,2.1699,0.30078,0.33461,36
614,58,-0.13867,2.2227,0.14648,0.33461,36
614,58,0,2.2656,0.13867,0.33461,20
614,58,-0.26953,0.72266,2.7695,0.33461,33
614,58,-0.27344,1.668,2.373,0.33461,36
614,58,-3.7461,0,-0.13477,0.33461,47
614,58,-3.7832,0,-0.24023,0.33461,68
614,58,-3.8203,0,-0.33398,0.33461,44
614,58,7.0078,4.6563,1.8984,0.33461,16
614,58,-0.32422,2.0117,0.42188,0.66921,32
614,58,-0.33008,2.0566,0.38867,0.66921,34
614,58,-0.26953,2.1094,0.35352,0.66921,17
614,58,-0.20508,2.1563,0.3457,0.66921,20
614,58,-0.35938,0.73828,2.7559,0.66921,32
614,58,-0.27344,1.5176,2.4707,0.66921,34
614,58,-3.7832,0,-0.11914,0.66921,22
614,58,-0.3125,1.8887,0.59961,1.0038,26
614,58,-0.25586,1.9355,0.60352,1.0038,59
614,58,-0.32422,1.9785,0.55469,1.0038,79
614,58,-0.33008,2.0352,0.49023,1.0038,51
614,58,-0.26953,2.1035,0.39063,1.0038,15
614,58,3.1445,1.373,1.0703,1.0038,15
614,58,-0.3125,1.832,0.75391,1.3384,34
614,58,-0.31836,1.8828,0.72461,1.3384,95
614,58,-0.32422,1.9238,0.7207,1.3384,119
614,58,-0.33008,1.9629,0.72656,1.3384,65
614,58,-0.375,1.7871,0.82617,1.673,14
614,58,-0.31836,1.8398,0.82813,1.673,41
614,58,-0.39063,1.8574,0.85352,1.673,50
614,58,-0.33008,1.916,0.8418,1.673,28
614,58,0.064453,2.002,-0.5625,-0.66921,16
614,58,0.066406,2.0176,-0.64258,-0.66921,23
614,58,0.068359,2.041,-0.69336,-0.66921,15
614,58,-3.7461,0,-0.88867,-0.66921,18
614,58,-3.7832,0,-0.9043,-0.66921,27
614,58,-3.7012,0,-1.0137,-0.66921,18
614,58,0,2.0137,-0.3457,-0.33461,14
614,58,0,2.0273,-0.46875,-0.33461,50
614,58,0,2.0508,-0.53125,-0.33461,70
614,58,0.068359,2.0781,-0.56836,-0.33461,46
614,58,0.068359,2.1602,-0.375,-0.33461,20
614,58,0,2.2188,-0.24414,-0.33461,19
614,58,-3.7461,0,-0.62305,-0.33461,54
614,58,-3.7832,0,-0.70117,-0.33461,81
614,58,-3.7012,0.57031,-0.75781,-0.33461,53
614,58,-0.53906,1.7227,1.1777,0.33461,12
614,58,-2.459,0,-3.7305,0.33461,25
614,58,-1.0781,8.5488,-0.41992,0.33461,13
614,58,-2.4824,0,-3.6641,0.66921,12
614,58,-1.123,0.84766,3.3066,1.0038,14
615,48,-0.33008,2.0898,0.10547,0,9
615,48,-0.26953,2.1387,0.064453,0,18
615,48,-0.20508,2.1777,0.17773,0,24
615,48,-0.20898,2.2188,0.13477,0,26
615,48,-0.14258,2.2637,0.068359,0,20
615,48,-0.2168,2.2949,-0.091797,0,8
615,48,-0.19922,2.0879,0.29883,0.33461,49
615,48,-0.26953,2.1133,0.33008,0.33461,110
615,48,-0.20508,2.166,0.29102,0.33461,130
615,48,-0.13867,2.2188,0.19727,0.33461,99
615,48,-0.14258,2.2656,0.056641,0.33461,56
615,48,-0.14453,2.2988,-0.12695,0.33461,18
615,48,-3.7461,0,-0.083984,0.33461,29
615,48,-3.7832,0,-0.18164,0.33461,38
615,48,-0.25977,1.9785,0.5918,0.66921,16
615,48,-0.33008,2.0332,0.49805,0.66921,53
615,48,-0.26953,2.0898,0.45508,0.66921,140
615,48,-0.27344,2.1328,0.4375,0.66921,154
615,48,-0.2793,2.1836,0.375,0.66921,80
615,48,-0.14258,2.2441,0.31836,0.66921,29
615,48,3.3262,1.2969,0.85156,0.66921,28
615,48,3.3594,1.416,0.67188,0.66921,27
615,48,-0.25977,1.9414,0.70117,1.0038,22
615,48,-0.26563,1.9492,0.78711,1.0038,33
615,48,-0.4043,2.0059,0.68164,1.0038,46
615,48,-0.34375,2.0918,0.57031,1.0038,58
615,48,-0.34961,2.1426,0.51758,1.0038,27
615,48,3.3262,1.1074,1.0879,1.0038,18
615,48,3.3594,1.2949,0.88281,1.0038,16
615,48,-0.26563,1.9531,0.77539,1.3384,22
615,48,-0.26953,2.002,0.75586,1.3384,19
615,48,-3.666,0.58008,-0.73828,-0.66921,16
615,48,0.066406,2.0781,-0.41016,-0.33461,19
615,48,0.068359,2.1445,-0.20898,-0.33461,21
615,48,0,2.1953,-0.0039063,-0.33461,24
615,48,0.070313,2.2188,-0.22852,-0.33461,35
615,48,0.070313,2.2402,-0.35547,-0.33461,31
615,48,0.14453,2.2617,-0.43359,-0.33461,16
615,48,-3.7461,0,-0.51953,-0.33461,32
615,48,-3.7832,0,-0.61328,-0.33461,46
615,48,-3.8203,0,-0.81445,-0.33461,28
615,48,0,3.7441,0.056641,0.33461,18
615,48,0,3.7832,0.011719,0.33461,21
615,48,-1.377,1.4316,-3.0859,0.66921,25
615,48,-1.2754,0.96875,-3.3438,0.66921,23
615,48,-1.377,1.2773,-3.1523,1.0038,15
615,48,-1.3906,1.0742,-3.2656,1.0038,12
615,48,-1.1699,1.625,3.1641,-0.33461,18
616,25,-0.20313,2.1445,0.082031,0,50
616,25,-0.20508,2.1816,0.10352,0,165
616,25,-0.20898,2.2207,0.09375,0,201
616,25,-0.21289,2.2598,0.019531,0,98
616,25,-0.28906,2.2832,-0.16602,0,12
616,25,0.064453,2.0234,-0.48438,0.33461,14
616,25,0,1.6523,-1.3262,0.33461,13
616,25,-0.20313,2.1289,0.28125,0.33461,92
616,25,-0.20508,2.168,0.26563,0.33461,299
616,25,-0.20898,2.207,0.26172,0.33461,355
616,25,-0.2832,2.2422,0.21289,0.33461,157
616,25,-0.20313,2.1016,0.4375,0.66921,56
616,25,-0.20508,2.1465,0.41016,0.66921,173
616,25,-0.20898,2.1855,0.39844,0.66921,204
616,25,-0.2832,2.2266,0.3418,0.66921,101
616,25,-0.2793,2.1328,0.59766,1.0038,17
616,25,-0.2832,2.1406,0.70117,1.0038,20
616,25,0,1.9473,-0.73242,-0.33461,16
616,25,0,1.8574,-1.0195,-0.33461,15
616,25,-0.27344,2.1777,-0.033203,-0.33461,17
616,25,-0.13867,2.1816,-0.44922,-0.33461,33
616,25,0,2.2363,-0.39063,-0.33461,36
616,25,0,2.2891,-0.28906,-0.33461,21
616,25,-0.66211,1.9277,0.57813,0.33461,7
616,25,-1.0293,0,-2.1055,-0.33461,9
617,22,-0.27344,2.1758,-0.066406,0,27
617,22,-0.20898,2.2207,0.080078,0,80
617,22,-0.21289,2.2598,0.060547,0,79
617,22,-0.2168,2.291,-0.17578,0,26
617,22,0,2.1172,-0.070313,0.33461,16
617,22,0,2.1543,0.076172,0.33461,24
617,22,-0.13672,2.1777,0.22266,0.33461,45
617,22,-0.13867,2.2109,0.27344,0.33461,145
617,22,-0.14258,2.2559,0.21289,0.33461,136
617,22,-0.2168,2.2832,-0.25195,0.33461,36
617,22,-0.27344,2.1641,0.24609,0.66921,21
617,22,-0.20898,2.1875,0.39453,0.66921,66
617,22,-0.21289,2.2344,0.34375,0.66921,60
617,22,-0.2832,2.2461,0.16406,-0.66921,14
617,22,0,2.0801,-0.39844,-0.33461,17
617,22,0,2.1406,-0.25586,-0.33461,24
617,22,-0.20508,2.1602,0.32617,-0.33461,23
617,22,-0.2793,2.1602,0.49023,-0.33461,42
617,22,-0.21289,2.2402,0.30078,-0.33461,53
617,22,-0.2168,2.293,0.13672,-0.33461,29
617,22,-0.99219,0.28906,2.0215,-0.66921,8
617,22,0.48828,1.9844,-0.89648,-0.33461,25
618,11,-0.14258,2.2051,0.51563,0,14
618,11,-0.14453,2.2598,0.44922,0,22
618,11,-0.2207,2.2988,0.41016,0,14
618,11,-0.13672,2.125,0.53125,0.33461,28
618,11,-0.20898,2.1719,0.47461,0.33461,33
618,11,-0.2168,2.1973,0.67188,0.33461,34
618,11,-0.2207,2.2832,0.49414,0.33461,28
618,11,-0.2168,2.1699,0.75586,0.66921,17
618,11,0,2.1875,0.18164,-0.33461,21
618,11,-0.13867,2.2207,0.17188,-0.33461,32
618,11,-0.21289,2.2559,0.12695,-0.33461,25
619,22,-0.20898,2.207,0.25391,0,13
619,22,-0.21289,2.2461,0.24805,0,19
619,22,-0.2168,2.2754,0.32422,0,14
619,22,0,2.1504,0.15039,0.33461,20
619,22,-0.13672,2.1641,0.3418,0.33461,32
619,22,-0.20898,2.1836,0.41602,0.33461,74
619,22,-0.21289,2.2246,0.39453,0.33461,110
619,22,-0.2168,2.2637,0.39063,0.33461,75
619,22,-0.2207,2.3125,0.32031,0.33461,20
619,22,-0.2793,2.1465,0.54297,0.66921,26
619,22,-0.21289,2.2012,0.50977,0.66921,39
619,22,-0.2168,2.2363,0.5293,0.66921,27
619,22,-0.13867,2.2266,-0.056641,-0.66921,17
619,22,-0.14258,2.2637,-0.072266,-0.66921,25
619,22,-0.14453,2.3008,-0.10547,-0.66921,17
619,22,0,2.1016,-0.26563,-0.33461,11
619,22,0,2.1465,-0.21094,-0.33461,20
619,22,0,2.1934,0.033203,-0.33461,27
619,22,-0.13867,2.2227,0.13867,-0.33461,54
619,22,-0.14258,2.2637,0.10742,-0.33461,78
619,22,-0.2168,2.2969,0.089844,-0.33461,51
619,22,-0.2207,2.3359,0.029297,-0.33461,13
620,11,0,2.0781,-0.12109,0.33461,11
620,11,0,2.1113,-0.17188,0.33461,19
620,11,0,2.1016,-0.48633,0.33461,13
620,11,0.20898,2.2207,0.083984,0.33461,11
620,11,-0.35547,2.125,0.7168,0.33461,17
620,11,0,2.0645,-0.47852,-0.33461,18
620,11,0.068359,2.0332,-0.7168,-0.33461,14
620,11,-0.2793,2.0117,0.92578,-0.33461,14
620,11,-0.21289,2.2031,0.5,-0.33461,19
620,11,-0.34961,1.8281,1.2324,0.33461,11
620,11,0.2793,2.2031,-0.21875,-0.33461,11
621,13,0,2.0723,-0.1875,0.33461,21
621,13,0.066406,2.1113,-0.17188,0.33461,37
621,13,0.068359,2.1523,-0.099609,0.33461,37
621,13,0.068359,2.1914,0.074219,0.33461,25
621,13,0.13867,2.2188,0.21094,0.33461,20
621,13,0.2832,2.248,0.14258,0.33461,16
621,13,0,2.1172,-0.074219,0.66921,13
621,13,0,2.0332,-0.44336,-0.33461,17
621,13,0.066406,2.084,-0.37695,-0.33461,32
621,13,0.13477,2.125,-0.33594,-0.33461,32
621,13,0.13672,2.1758,-0.25391,-0.33461,22
621,13,0.20898,2.2207,-0.070313,-0.33461,16
621,13,0.35547,2.2324,-0.19922,-0.33461,14
622,9,0,2.0801,0.021484,0.33461,12
622,9,0,2.1172,0.078125,0.33461,28
622,9,0,2.1563,0.041016,0.33461,33
622,9,0,2.1914,0.12695,0.33461,23
622,9,0,2.0742,-0.17578,-0.33461,11
622,9,0.066406,2.0996,-0.27148,-0.33461,25
622,9,0.068359,2.1348,-0.29883,-0.33461,30
622,9,0,2.1836,-0.2207,-0.33461,20
622,9,0.13867,2.2227,0.16211,-0.33461,12
649,5,0,2.1055,-0.22852,0.33461,13
649,5,0,2.1484,-0.19336,0.33461,13
649,5,0,2.0605,-0.49414,-0.33461,13
649,5,0,2.1074,-0.46094,-0.33461,13
649,5,-0.2832,2.1543,-0.6582,-0.33461,11
650,8,0,2.0586,-0.29883,0.33461,11
650,8,0,2.0996,-0.28516,0.33461,24
650,8,0,2.1309,-0.33398,0.33461,25
650,8,0,2.1582,-0.39844,0.33461,15
650,8,0,2.0508,-0.53516,-0.33461,22
650,8,0,2.0703,-0.60156,-0.33461,23
650,8,0,2.0879,-0.67188,-0.33461,13
650,8,0,2.2324,-0.40625,-0.33461,10
651,21,-0.34375,2.1289,-0.41016,0,8
651,21,-0.20898,2.1738,-0.45703,0,11
651,21,0,2.0781,-0.10938,0.33461,12
651,21,0,2.1094,-0.20508,0.33461,35
651,21,0,2.1426,-0.25,0.33461,54
651,21,-0.13672,2.1758,-0.24414,0.33461,57
651,21,-0.20898,2.209,-0.23633,0.33461,43
651,21,-0.2832,2.2344,-0.27539,0.33461,19
651,21,3.666,0.92188,-0.17969,0.33461,12
651,21,-0.068359,2.1504,-0.15039,0.66921,18
651,21,-0.20508,2.1816,-0.10352,0.66921,19
651,21,-0.2793,2.2148,-0.033203,0.66921,14
651,21,0,2.0547,-0.65625,-0.66921,18
651,21,-0.13672,2.0918,-0.64648,-0.66921,22
651,21,-0.20898,2.1328,-0.62305,-0.66921,19
651,21,0,2.0449,-0.38867,-0.33461,10
651,21,0,2.0684,-0.45898,-0.33461,32
651,21,0,2.0957,-0.51172,-0.33461,54
651,21,-0.13672,2.1387,-0.47461,-0.33461,69
651,21,-0.20898,2.166,-0.49609,-0.33461,60
651,21,-0.2832,2.1699,-0.60156,-0.33461,27
652,49,-0.26563,2.0488,-0.4707,0,20
652,49,-0.20313,2.123,-0.31445,0,75
652,49,-0.20508,2.1582,-0.3418,0,119
652,49,-0.2793,2.1719,-0.4375,0,80
652,49,-0.14258,2.2598,-0.16992,0,27
652,49,-0.14453,2.293,-0.21875,0,27
652,49,-0.2207,2.3008,-0.4043,0,12
652,49,3.4766,1.1582,-0.56836,0,15
652,49,3.5117,1.1777,-0.55664,0,25
652,49,3.666,0.66016,-0.66602,0,20
652,49,0,2.1035,-0.25391,0.33461,16
652,49,-0.068359,2.1387,0.26172,0.33461,19
652,49,-0.20508,2.1855,0.0039063,0.33461,58
652,49,-0.13867,2.2207,-0.17578,0.33461,84
652,49,-0.21289,2.2422,-0.28711,0.33461,66
652,49,-0.2168,2.2852,-0.23438,0.33461,29
652,49,-0.20508,2.1855,0.021484,0.66921,16
652,49,-0.13867,2.2246,-0.11133,0.66921,28
652,49,-0.21289,2.248,-0.23633,0.66921,25
652,49,-0.13672,2.0469,-0.78125,-1.0038,20
652,49,-0.13867,2.1055,-0.72656,-1.0038,20
652,49,-0.19922,1.9883,-0.70313,-0.66921,25
652,49,-0.13477,2.0469,-0.66602,-0.66921,87
652,49,-0.20508,2.0781,-0.67383,-0.66921,134
652,49,-0.20898,2.1035,-0.71484,-0.66921,92
652,49,-0.14258,2.1914,-0.57813,-0.66921,32
652,49,-0.14453,2.2383,-0.53906,-0.66921,26
652,49,3.5918,0,-1.0605,-0.66921,16
652,49,3.6289,0,-1.0234,-0.66921,25
652,49,3.5469,0.62109,-1.1602,-0.66921,17
652,49,-0.26563,2.0586,-0.42188,-0.33461,33
652,49,-0.20313,2.082,-0.52344,-0.33461,134
652,49,-0.20508,2.1094,-0.56641,-0.33461,195
652,49,-0.20898,2.1484,-0.57031,-0.33461,116
652,49,-0.14258,2.2461,-0.29883,-0.33461,86
652,49,-0.14453,2.2676,-0.39844,-0.33461,72
652,49,-0.2207,2.2969,-0.42578,-0.33461,25
652,49,3.4766,1.0742,-0.71484,-0.33461,28
652,49,3.5117,0.99609,-0.83984,-0.33461,44
652,49,3.5469,0.86328,-0.99414,-0.33461,30
652,49,-2.5488,0,3.2441,0,11
652,49,-2.5742,0,3.125,0,17
652,49,-2.6016,0,3.0723,0,12
652,49,-2.4336,1.1523,2.5488,-0.66921,10
652,49,-2.459,0.74609,2.7266,-0.66921,15
652,49,-2.4824,0.92383,2.7012,-0.66921,11
652,49,-2.4336,0,2.9277,-0.33461,19
652,49,-2.459,0,2.8926,-0.33461,29
652,49,-2.6016,0,2.8203,-0.33461,20
653,50,-0.46289,2.0254,0.41016,0,8
653,50,-0.26953,2.1387,-0.089844,0,42
653,50,-0.20508,2.1738,-0.22461,0,74
653,50,-0.20898,2.1895,-0.37695,0,67
653,50,-0.14258,2.2383,-0.34766,0,46
653,50,-0.28906,2.248,-0.43164,0,19
653,50,0,2.0508,-0.34961,0.33461,22
653,50,0,2.1074,-0.2168,0.33461,41
653,50,0.068359,2.1563,-0.0019531,0.33461,54
653,50,0,2.1797,0.25586,0.33461,45
653,50,-0.14258,2.209,-0.50586,0.33461,22
653,50,-0.2168,2.2441,-0.49414,0.33461,22
653,50,-0.2207,2.2637,-0.57227,0.33461,12
653,50,3.666,0.71289,0.60938,0.33461,13
653,50,-3.8203,0,0.28125,0.33461,15
653,50,-0.72852,5.7656,-0.41602,0.33461,17
653,50,0,2.1191,-0.035156,0.66921,13
653,50,0,2.1504,0.15625,0.66921,19
653,50,0,2.1543,0.41992,0.66921,16
653,50,-0.14258,2.209,-0.50586,0.66921,23
653,50,-0.14453,2.2578,-0.45117,0.66921,24
653,50,-0.14648,2.2773,-0.54297,0.66921,12
653,50,-0.14258,2.1523,-0.70898,1.0038,11
653,50,-0.2168,2.2168,-0.60547,1.0038,11
653,50,-0.19531,1.9375,-0.73047,-1.3384,23
653,50,-0.19922,1.9746,-0.74219,-1.3384,33
653,50,-0.20313,1.9883,-0.80859,-1.3384,24
653,50,-0.19531,1.998,-0.54492,-1.0038,32
653,50,-0.26563,2.0234,-0.56836,-1.0038,48
653,50,-0.26953,2.0605,-0.57813,-1.0038,37
653,50,-0.34375,2.082,-0.60352,-1.0038,17
653,50,3.4414,0.43359,-1.2012,-1.0038,21
653,50,3.4766,0.34375,-1.2441,-1.0038,23
653,50,-0.25977,1.9961,-0.5293,-0.66921,12
653,50,-0.19922,2.0723,-0.39648,-0.66921,29
653,50,-0.20313,2.1133,-0.37695,-0.66921,68
653,50,-0.13672,2.1465,-0.4375,-0.66921,92
653,50,-0.20898,2.1504,-0.56445,-0.66921,66
653,50,-0.14258,2.1953,-0.56445,-0.66921,41
653,50,-0.2168,2.1875,-0.70508,-0.66921,21
653,50,0,2.0078,-0.54297,-0.33461,18
653,50,0,2.082,-0.38867,-0.33461,44
653,50,-0.13477,2.1387,-0.23633,-0.33461,114
653,50,-0.13672,2.1699,-0.29688,-0.33461,162
653,50,-0.13867,2.1875,-0.42188,-0.33461,120
653,50,-0.14258,2.2324,-0.38086,-0.33461,83
653,50,-0.2168,2.2324,-0.54102,-0.33461,45
653,50,0,3.7656,0.37109,0.33461,9
653,50,-2.5234,1.0273,2.459,-1.0038,14
653,50,-2.5488,1.3711,2.3164,-1.0038,15
654,64,-0.19922,2.1094,0.011719,0,10
654,64,0,2.1387,0.27148,0,24
654,64,0.068359,2.1777,0.25977,0,37
654,64,0.20898,2.207,0.25977,0,24
654,64,-0.35547,2.1133,-0.75195,0,20
654,64,-0.2168,2.25,-0.46289,0,16
654,64,-0.2207,2.3008,-0.40625,0,10
654,64,-4.0215,1.3613,5.2754,0,17
654,64,-4.2559,0.22266,5.3105,0,15
654,64,0,2.0664,-0.25195,0.33461,15
654,64,0,2.1152,-0.10547,0.33461,27
654,64,0,2.1211,0.38672,0.33461,88
654,64,0,2.168,0.33984,0.33461,185
654,64,0,2.2207,0.23242,0.33461,172
654,64,0,2.2695,0.068359,0.33461,93
654,64,0.14453,2.3008,-0.125,0.33461,38
654,64,0,2.3242,-0.31055,0.33461,15
654,64,-4.2559,0,5.7266,0.33461,13
654,64,0,2.0898,0.53125,0.66921,31
654,64,0,2.1445,0.46094,0.66921,65
654,64,0,2.1992,0.37695,0.66921,60
654,64,0,2.2598,0.21289,0.66921,30
654,64,-0.2207,2.3105,-0.3457,0.66921,15
654,64,-0.30078,1.791,-0.64844,-2.0076,16
654,64,-0.30664,1.8125,-0.70117,-2.0076,17
654,64,-0.30078,1.8242,-0.55273,-1.673,22
654,64,-0.36914,1.8594,-0.52344,-1.673,18
654,64,3.2227,0.79883,-1.2734,-1.673,17
654,64,3.2227,1.0645,-1.0625,-1.3384,20
654,64,-0.25,1.9316,-0.47852,-1.0038,13
654,64,-0.31836,1.957,-0.49023,-1.0038,22
654,64,-0.45508,1.9629,-0.52148,-1.0038,11
654,64,-0.3125,1.9668,-0.23633,-0.66921,12
654,64,-0.31836,1.9961,-0.30078,-0.66921,16
654,64,-0.39648,2.0117,-0.53516,-0.66921,14
654,64,0.13477,2.1504,-0.10156,-0.66921,13
654,64,0,2.1895,-0.13672,-0.66921,41
654,64,0,2.2188,-0.25391,-0.66921,53
654,64,-0.070313,2.2363,-0.38086,-0.66921,41
654,64,0,2.25,-0.51758,-0.66921,18
654,64,-4.0215,3.5605,4.125,-0.66921,18
654,64,-3.8301,3.8691,4.0898,-0.66921,17
654,64,0.066406,2.0488,-0.53516,-0.33461,16
654,64,0.068359,2.1543,0.087891,-0.33461,45
654,64,0,2.1934,0.033203,-0.33461,122
654,64,-0.070313,2.2285,-0.099609,-0.33461,146
654,64,-0.070313,2.2578,-0.21484,-0.33461,103
654,64,0,2.2773,-0.38086,-0.33461,43
654,64,-3.998,2.6992,4.6992,-0.33461,21
654,64,-4.0215,2.7188,4.7227,-0.33461,42
654,64,-4.043,2.832,4.6914,-0.33461,41
654,64,-3.8516,3.2813,4.6152,-0.33461,20
654,64,-0.62695,1.4199,-1.6035,0,17
654,64,-1.9043,6.4727,-0.58008,0,12
654,64,-2.1289,6.4688,0.050781,0,10
654,64,-1.7031,6.5762,-0.47461,0.33461,12
654,64,-2.5566,1.0391,2.2441,-1.673,11
654,64,-2.5566,0.26172,2.459,-1.3384,15
654,64,-0.47266,1.959,0.76563,-0.66921,13
654,64,-1.6934,6.3535,-1.6211,-0.66921,10
654,64,-1.2773,6.3984,-1.9512,-0.66921,11
654,64,-0.5293,0.2793,-2.0332,-0.33461,13
654,64,-1.8945,6.377,-1.0508,-0.33461,14
654,64,-1.6934,6.4336,-1.2676,-0.33461,28
655,48,-0.42969,1.916,0.12305,0,9
655,48,0.068359,2.1328,0.31445,0,14
655,48,0,2.1816,0.23438,0,32
655,48,0,2.2266,0.14648,0,32
655,48,-0.14258,2.2656,0.050781,0,23
655,48,-0.2168,2.291,-0.17969,0,16
655,48,-3.998,0.94141,5.3359,0,23
655,48,-4.0215,0.9375,5.3672,0,32
655,48,-4.043,2.1641,5.0352,0,22
655,48,0,2.0469,0.68164,0.33461,43
655,48,0,2.1445,0.4668,0.33461,128
655,48,0,2.207,0.33008,0.33461,141
655,48,0.070313,2.2676,0.095703,0.33461,92
655,48,0.072266,2.3027,-0.125,0.33461,47
655,48,0.2207,2.2891,-0.46484,0.33461,16
655,48,0,2,0.80664,0.66921,15
655,48,0,2.1074,0.60742,0.66921,44
655,48,0,2.1855,0.45703,0.66921,49
655,48,0,2.2598,0.22266,0.66921,32
655,48,0,2.3086,0.025391,0.66921,18
655,48,-0.38867,1.6953,-0.36719,-1.3384,12
655,48,-0.39648,1.6973,-0.50781,-1.3384,17
655,48,-0.40625,1.6836,-0.66016,-1.3384,14
655,48,-0.33984,1.7461,-0.36914,-1.0038,22
655,48,-0.34766,1.7598,-0.46875,-1.0038,21
655,48,0.068359,2.1934,-0.015625,-0.66921,26
655,48,0.070313,2.2285,-0.11914,-0.66921,28
655,48,0.14258,2.2363,-0.35742,-0.66921,18
655,48,-3.8086,3.5957,4.293,-0.66921,28
655,48,-0.36133,1.8926,-0.083984,-0.33461,12
655,48,-0.36914,1.9258,-0.16992,-0.33461,14
655,48,0.068359,2.0781,0.57227,-0.33461,28
655,48,0,2.1855,0.20703,-0.33461,78
655,48,0.070313,2.2305,0.029297,-0.33461,89
655,48,0.21289,2.2461,-0.25586,-0.33461,60
655,48,0.28906,2.2168,-0.57031,-0.33461,33
655,48,0.36719,2.0898,-1,-0.33461,13
655,48,-3.998,2.0859,5.002,-0.33461,46
655,48,-3.8086,3.0742,4.6797,-0.33461,67
655,48,-4.043,2.9961,4.5879,-0.33461,44
655,48,-0.63086,0.27734,-6.6992,0,15
655,48,-0.63477,3.7598,-5.5957,0,19
655,48,-0.42383,1.2461,-6.6426,-0.66921,15
655,48,-0.43359,1.8555,1.3027,-0.33461,19
655,48,-0.43945,2.207,0.66406,-0.33461,12
655,48,-0.63086,0.57031,-6.6797,-0.33461,26
655,48,-0.42383,0.9707,-6.6895,-0.33461,36
655,48,-0.42578,0,-6.8047,-0.33461,23
656,46,-0.49023,1.6699,0.033203,0,8
656,46,-0.44531,1.7207,-0.070313,0,8
656,46,-0.42188,1.8828,0,0,16
656,46,-0.13477,2.1445,-0.17969,0,27
656,46,-0.13672,2.1797,-0.21094,0,47
656,46,-0.13867,2.2168,-0.2168,0,61
656,46,-0.14258,2.248,-0.28125,0,42
656,46,-0.072266,2.2734,-0.39258,0,14
656,46,-0.27344,2.1699,-0.18359,0.33461,55
656,46,-0.20898,2.2188,-0.11523,0.33461,124
656,46,-0.14258,2.2598,-0.16406,0.33461,100
656,46,-0.14453,2.248,-0.50195,0.33461,23
656,46,-0.72266,5.7324,0.35742,0.33461,36
656,46,-0.72852,5.7793,0.14063,0.33461,57
656,46,-0.73242,5.8184,-0.025391,0.33461,41
656,46,-0.34375,2.168,-0.021484,0.66921,23
656,46,-0.20898,2.2227,0.017578,0.66921,50
656,46,-0.21289,2.2598,-0.029297,0.66921,41
656,46,-0.72852,5.7598,0.5,0.66921,20
656,46,0,2.248,-0.32227,-0.66921,13
656,46,-0.37305,1.6602,-0.052734,-0.33461,14
656,46,-0.43555,1.6816,-0.09375,-0.33461,17
656,46,-0.38867,1.7324,-0.10938,-0.33461,18
656,46,-0.33984,1.7773,-0.14648,-0.33461,16
656,46,-0.30078,1.9043,-0.085938,-0.33461,32
656,46,-0.30664,1.9355,-0.17969,-0.33461,35
656,46,0,2.1465,-0.20508,-0.33461,56
656,46,0.13672,2.1895,-0.021484,-0.33461,54
656,46,0,2.2285,-0.13672,-0.33461,41
656,46,-0.14258,2.2188,-0.46289,-0.33461,41
656,46,0,2.2695,-0.41797,-0.33461,17
656,46,-0.60156,4.7246,0.64063,-0.33461,20
656,46,-0.54297,5.7383,-0.53906,-0.33461,29
656,46,-0.54688,5.7559,-0.71484,-0.33461,39
656,46,-0.54883,5.7734,-0.86719,-0.33461,24
656,46,-0.97656,0,2.0605,0,31
656,46,-0.99219,0,2.0801,0,27
656,46,-1.0098,0,2.1348,0,13
656,46,-1.0293,0,-2.1133,0.33461,30
656,46,-0.97656,0,2.2285,0.33461,65
656,46,-0.99219,0,2.1953,0.33461,59
656,46,-1.0098,0,2.1094,0.33461,22
656,46,-1.0293,0.17578,-1.9297,0.66921,12
656,46,-0.99219,0,-2.2285,0.66921,25
656,46,-0.97656,0,2.0664,-0.33461,21
656,46,-2.1016,3.293,-2.7969,-0.33461,15
657,48,-0.39648,1.7695,-0.10742,0,11
657,48,-0.34766,1.8164,-0.125,0,9
657,48,-0.42188,1.8828,-0.029297,0,23
657,48,-0.36914,1.9316,-0.052734,0,30
657,48,-0.070313,2.2305,0.0039063,0,26
657,48,-0.21289,2.2578,-0.076172,0,23
657,48,-0.38867,1.7324,0.10547,0.33461,14
657,48,-0.39648,1.7715,0.046875,0.33461,19
657,48,-0.40625,1.8086,-0.013672,0.33461,17
657,48,-0.36133,1.8906,0.11914,0.33461,43
657,48,-0.36914,1.9316,0.078125,0.33461,55
657,48,0,2.1523,-0.11914,0.33461,55
657,48,0,2.1934,-0.085938,0.33461,37
657,48,-0.13867,2.2168,0.21289,0.33461,45
657,48,-0.14258,2.2637,0.089844,0.33461,56
657,48,-0.14453,2.3008,0.12695,0.33461,36
657,48,-3.7461,0,-0.2832,0.33461,25
657,48,-3.7832,0,-0.36914,0.33461,31
657,48,-3.8203,0,-0.63477,0.33461,18
657,48,-0.54688,5.7988,0.16602,0.33461,36
657,48,-2.9629,5.4902,-2.6348,0.33461,30
657,48,-0.47852,1.627,0.1582,0.66921,15
657,48,-0.43555,1.6758,0.16797,0.66921,28
657,48,-0.44531,1.7109,0.19531,0.66921,25
657,48,-0.45313,1.7383,0.25977,0.66921,15
657,48,-0.40625,1.8047,0.13672,0.66921,13
657,48,-0.20898,2.2031,0.29297,0.66921,19
657,48,-0.42578,1.6309,0.24219,1.0038,12
657,48,-0.43555,1.666,0.25781,1.0038,22
657,48,-0.5,1.6855,0.27148,1.0038,18
657,48,0,2.0059,-0.55664,-0.66921,18
657,48,0,2.0547,-0.51367,-0.66921,25
657,48,0,2.1016,-0.48633,-0.66921,21
657,48,0,2.041,-0.4082,-0.33461,46
657,48,0.066406,2.082,-0.38281,-0.33461,62
657,48,0.068359,2.123,-0.375,-0.33461,55
657,48,0.068359,2.1445,-0.46484,-0.33461,35
657,48,0,2.3047,-0.10156,-0.33461,24
657,48,0,2.332,-0.25391,-0.33461,20
657,48,-3.7832,0,-0.74609,-0.33461,23
657,48,-3.8203,0,-0.75,-0.33461,18
657,48,-0.54297,5.7188,-0.70703,-0.33461,25
657,48,-0.54688,5.7773,-0.51953,-0.33461,42
657,48,-0.54883,5.8027,-0.64648,-0.33461,33
657,48,0,3.7441,-0.099609,0.33461,14
657,48,-0.21094,3.5723,5.75,0.33461,17
657,48,-0.86523,0,-2.3086,-0.33461,13
657,48,-0.87891,0,-2.3281,-0.33461,12
658,54,-0.20898,2.2148,0.18164,0,12
658,54,-0.2832,2.252,0,0,14
658,54,-0.14453,2.3008,-0.099609,0,17
658,54,-1.0254,0,-2.3438,0,11
658,54,6.9785,4.6094,1.9531,0,8
658,54,-0.36914,1.9297,0.089844,0.33461,17
658,54,-0.375,1.9668,0.087891,0.33461,24
658,54,-0.38281,2,0.16797,0.33461,16
658,54,-0.19531,2.0723,0.039063,0.33461,21
658,54,-0.19922,2.1074,-0.10352,0.33461,34
658,54,-0.20313,2.1367,-0.21484,0.33461,25
658,54,-0.2832,2.2422,0.20898,0.33461,31
658,54,-0.2168,2.2949,0.11719,0.33461,38
658,54,-0.074219,2.3438,0.037109,0.33461,20
658,54,-3.7832,0,-0.18555,0.33461,36
658,54,-3.8203,0,-0.21484,0.33461,35
658,54,6.4414,5.3047,2.0313,0.33461,14
658,54,-0.40625,1.793,0.23828,0.66921,20
658,54,-0.35547,1.8457,0.20703,0.66921,41
658,54,-0.36133,1.8848,0.19922,0.66921,33
658,54,-0.36914,1.9082,0.31055,0.66921,16
658,54,-0.375,1.9512,0.26758,0.66921,28
658,54,-0.38281,1.9883,0.27734,0.66921,18
658,54,-0.21289,2.2344,0.33984,0.66921,18
658,54,-0.28906,2.2891,0.052734,0.66921,22
658,54,-0.2207,2.3242,-0.22656,0.66921,13
658,54,6.1719,5.4473,2.4453,0.66921,10
658,54,-0.34766,1.791,0.33398,1.0038,26
658,54,-0.35547,1.8281,0.32813,1.0038,60
658,54,-0.42188,1.8535,0.32813,1.0038,53
658,54,-0.39648,1.6758,0.57617,1.3384,16
658,54,-0.41406,1.7891,0.45117,1.3384,23
658,54,-0.42188,1.8438,0.38281,1.3384,27
658,54,-3.7832,0,-1.0078,-0.66921,15
658,54,-3.8203,0,-1.0664,-0.66921,15
658,54,0.066406,1.9668,-0.78711,-0.33461,22
658,54,0,1.707,-1.3184,-0.33461,17
658,54,-0.13672,2.1719,0.27344,-0.33461,18
658,54,-3.7461,0,-0.80859,-0.33461,17
658,54,-3.7832,0,-0.70508,-0.33461,44
658,54,-3.7012,0.55469,-0.76953,-0.33461,45
658,54,-3.7383,0,-1.0742,-0.33461,18
658,54,-1.0098,0,-2.2988,0,12
658,54,-0.074219,2.3262,0.29297,0,11
658,54,-1.0742,8.4941,-0.66992,0,6
658,54,-1.0098,0,-2.1289,0.33461,24
658,54,-1.0254,0,-2.3047,0.33461,19
658,54,-1.6094,8.4219,-0.49609,0.33461,9
658,54,-1.082,0,-2.1934,0.66921,14
658,54,-1.0996,0,-2.2617,0.66921,11
658,54,-2.416,8.2344,-0.32617,0.66921,7
658,54,0.11914,3.623,-1.0801,-0.66921,9
658,54,0.23438,3.7168,-0.39844,-0.33461,12
658,54,0.23633,3.7402,-0.51758,-0.33461,23
659,57,0,2.0684,-0.45508,0,11
659,57,0,2.0879,-0.53906,0,10
659,57,0,2.2305,0.078125,0,10
659,57,0,2.2695,-0.0058594,0,14
659,57,0,2.3047,-0.11719,0,11
659,57,3.666,0.81836,-0.45703,0,12
659,57,3.7012,0.80469,-0.5,0,11
659,57,0,2.0527,-0.33984,0.33461,25
659,57,0,2.0977,-0.29492,0.33461,58
659,57,0,2.1387,-0.27344,0.33461,68
659,57,-0.068359,2.1875,-0.15625,0.33461,50
659,57,-0.20898,2.2168,0.15625,0.33461,35
659,57,-0.2832,2.1855,0.54297,0.33461,28
659,57,-3.7461,0,-0.11523,0.33461,29
659,57,3.666,0.9043,-0.25391,0.33461,55
659,57,-3.8203,0,-0.31055,0.33461,49
659,57,-3.7383,0.81836,-0.49609,0.33461,18
659,57,-0.31836,2.0078,0.20703,0.66921,24
659,57,-0.32422,2.0391,0.25,0.66921,25
659,57,0,2.1172,-0.087891,0.66921,24
659,57,-0.068359,2.1543,-0.044922,0.66921,28
659,57,-0.13672,2.1895,0.027344,0.66921,19
659,57,-0.36914,1.8457,0.57227,1.0038,44
659,57,-0.3125,1.8945,0.57813,1.0038,53
659,57,-0.38281,1.9141,0.60156,1.0038,24
659,57,-0.32422,2.0449,0.20898,1.0038,16
659,57,-0.44336,1.6914,2.2344,1.0038,19
659,57,-0.35938,2.0293,2.0059,1.0038,18
659,57,-0.36914,1.8086,0.67969,1.3384,39
659,57,-0.375,1.8496,0.67578,1.3384,60
659,57,-0.38281,1.877,0.70898,1.3384,38
659,57,-0.43945,1.7461,0.88477,1.673,20
659,57,-0.44727,1.7715,0.91406,1.673,15
659,57,0.064453,1.9961,-0.58203,-0.66921,12
659,57,0,1.9961,-0.70703,-0.66921,24
659,57,0.068359,2.0332,-0.7168,-0.66921,26
659,57,0,2.0117,-0.87891,-0.66921,14
659,57,-3.666,0.42969,-0.83398,-0.66921,27
659,57,-3.7012,0,-0.98242,-0.66921,24
659,57,0,2.0039,-0.5625,-0.33461,35
659,57,0.066406,2.0332,-0.58984,-0.33461,72
659,57,0.068359,2.0625,-0.62695,-0.33461,80
659,57,0,2.0957,-0.64844,-0.33461,46
659,57,-0.20898,1.5781,-1.5645,-0.33461,18
659,57,0.2832,2.1914,-0.51758,-0.33461,28
659,57,0.28906,2.2285,-0.52734,-0.33461,23
659,57,-3.6289,0.73242,-0.57031,-0.33461,37
659,57,-3.7832,0,-0.66602,-0.33461,77
659,57,-3.7012,0.55078,-0.77148,-0.33461,69
659,57,-3.7383,0,-0.96875,-0.33461,26
659,57,-0.9375,0,2.2988,0,6
659,57,0.42578,2.209,-0.30859,0.33461,19
659,57,0.11719,3.7422,0.080078,0.33461,17
659,57,0,3.7832,0.072266,0.33461,28
659,57,0.13281,1.9902,-0.71289,-0.66921,24
659,57,0.41797,2.1523,-0.41992,-0.33461,11
659,57,0.23438,3.7324,-0.21484,-0.33461,22
660,50,-0.26563,2.0898,0.22656,0,8
660,50,-0.20313,2.1367,0.20508,0,14
660,50,-0.13672,2.1875,0.099609,0,19
660,50,-0.20898,2.2207,0.10156,0,12
660,50,-0.26953,1.5352,-2.416,0,29
660,50,-0.27344,0.95313,-2.7402,0,45
660,50,-0.18359,2.1719,1.9902,0,32
660,50,-0.39648,2.0781,-0.10938,0.33461,17
660,50,0,2.1406,0.26367,0.33461,22
660,50,-0.34375,2.1504,-0.26563,0.33461,19
660,50,-0.14258,2.252,0.25586,0.33461,33
660,50,-0.072266,2.2988,0.18359,0.33461,30
660,50,0,2.3438,0.087891,0.33461,13
660,50,-0.26953,1.6621,-2.3301,0.33461,58
660,50,-0.27344,1.2871,-2.5996,0.33461,93
660,50,-0.27734,1.209,2.6777,0.33461,67
660,50,-3.7832,0,-0.11328,0.33461,34
660,50,-3.8203,0,-0.20703,0.33461,28
660,50,-0.25586,1.9609,0.51172,0.66921,13
660,50,-0.25977,2.0469,0.26563,0.66921,18
660,50,-0.26563,2.0781,0.32031,0.66921,41
660,50,-0.26953,2.125,0.24414,0.66921,45
660,50,-0.27344,2.1738,0.13281,0.66921,26
660,50,-0.26953,1.7832,-2.2402,0.66921,39
660,50,-0.36328,1.2324,-2.6152,0.66921,65
660,50,-0.36914,1.4707,2.5313,0.66921,50
660,50,-0.25586,1.9434,0.57617,1.0038,30
660,50,-0.25977,1.9824,0.57813,1.0038,56
660,50,-0.26563,2.0313,0.54492,1.0038,53
660,50,-0.26953,2.0781,0.50977,1.0038,39
660,50,-0.27344,2.1191,0.50195,1.0038,18
660,50,-0.31836,1.877,0.74023,1.3384,21
660,50,-0.25977,1.9219,0.75391,1.3384,55
660,50,-0.26563,1.957,0.76758,1.3384,64
660,50,-0.26953,2,0.75977,1.3384,36
660,50,-0.32422,1.793,1.0039,1.673,16
660,50,-0.33008,1.8867,0.9082,1.673,24
660,50,-0.33789,1.8906,0.98242,1.673,16
660,50,0.066406,2.1152,-0.11914,-0.33461,17
660,50,0.13477,2.1504,-0.09375,-0.33461,27
660,50,0.068359,2.1934,-0.025391,-0.33461,29
660,50,0,2.2324,0.044922,-0.33461,27
660,50,-0.14258,2.2656,0.044922,-0.33461,28
660,50,0,2.3047,-0.11328,-0.33461,26
660,50,0,2.3438,-0.095703,-0.33461,18
660,50,-3.6289,0.78125,-0.50391,-0.33461,23
660,50,-3.666,0.61719,-0.70703,-0.33461,44
660,50,-3.7012,0.53711,-0.78125,-0.33461,36
660,50,0.19922,2,0.66992,0.33461,12
660,50,0.11719,3.7363,-0.22656,-0.33461,12
661,38,-0.26953,2.1367,0.11719,0,45
661,38,-0.20508,2.1816,0.12891,0,79
661,38,-0.20898,2.2207,0.095703,0,62
661,38,-0.21289,2.2598,0.025391,0,23
661,38,0,2.0801,-0.041016,0.33461,15
661,38,-0.066406,2.1152,0.097656,0.33461,68
661,38,-0.13477,2.1406,0.23047,0.33461,192
661,38,-0.20508,2.1641,0.29688,0.33461,271
661,38,-0.20898,2.1992,0.32227,0.33461,190
661,38,-0.21289,2.2383,0.3125,0.33461,57
661,38,-3.7832,0,-0.19922,0.33461,22
661,38,-0.19922,2.084,0.32813,0.66921,48
661,38,-0.20313,2.1074,0.41406,0.66921,166
661,38,-0.20508,2.1367,0.45117,0.66921,251
661,38,-0.20898,2.1758,0.45117,0.66921,170
661,38,-0.21289,2.2227,0.40625,0.66921,43
661,38,3.4766,1.0801,0.70703,0.66921,18
661,38,-0.33008,1.9707,0.70117,1.0038,16
661,38,-0.33789,2.0332,0.63281,1.0038,47
661,38,-0.27344,2.0977,0.58594,1.0038,62
661,38,-0.34961,2.1367,0.54102,1.0038,33
661,38,-0.34375,2.0098,0.81055,1.3384,16
661,38,-0.2793,2.0371,0.86719,1.3384,18
661,38,0.066406,2.0703,-0.44336,-0.66921,16
661,38,0.068359,2.1348,-0.30273,-0.66921,25
661,38,0.068359,2.1758,-0.26953,-0.66921,24
661,38,0,2.2285,-0.11523,-0.66921,13
661,38,0,2.0234,-0.48828,-0.33461,17
661,38,0.066406,2.0879,-0.35938,-0.33461,47
661,38,0.068359,2.1406,-0.25586,-0.33461,72
661,38,0.068359,2.1914,-0.085938,-0.33461,66
661,38,0.070313,2.2305,0.060547,-0.33461,35
661,38,-3.7461,0,-0.4707,-0.33461,17
661,38,-3.7832,0,-0.64258,-0.33461,29
661,38,-3.8203,0,-0.7168,-0.33461,24
661,38,-1.3008,0,3.7422,0.33461,12
661,38,-1.3906,1.2305,-3.209,0.66921,14
661,38,-1.2871,1.5273,3.168,-0.33461,9
662,40,-0.20313,2.127,0.28711,0,15
662,40,-0.20508,2.1699,0.25977,0,87
662,40,-0.13867,2.2168,0.2207,0,172
662,40,-0.14258,2.2578,0.17969,0,142
662,40,-0.2168,2.2969,0.082031,0,47
662,40,3.5117,1.2715,0.28516,0,8
662,40,3.5469,1.291,0.25977,0,13
662,40,3.582,1.293,0.3125,0,11
662,40,0.066406,2.1074,-0.20898,0.33461,17
662,40,-0.20313,2.125,0.30469,0.33461,26
662,40,-0.20508,2.1523,0.37891,0.33461,175
662,40,-0.20898,2.1895,0.37891,0.33461,364
662,40,-0.21289,2.2324,0.35352,0.33461,315
662,40,-0.2168,2.2813,0.27539,0.33461,113
662,40,3.5117,1.1934,0.52344,0.33461,15
662,40,3.5469,1.2324,0.46484,0.33461,27
662,40,3.7012,0.82422,0.4668,0.33461,24
662,40,-0.26953,2.041,0.64258,0.66921,15
662,40,-0.20508,2.1094,0.57227,0.66921,105
662,40,-0.2793,2.1426,0.56445,0.66921,216
662,40,-0.21289,2.1934,0.54297,0.66921,187
662,40,-0.14453,2.252,0.48242,0.66921,72
662,40,-0.27344,2.0586,0.71094,1.0038,15
662,40,-0.20898,2.0781,0.78906,1.0038,34
662,40,-0.21289,2.127,0.76172,1.0038,34
662,40,-0.2168,2.1484,0.8125,1.0038,16
662,40,-0.2793,2.2148,0.023438,-0.66921,13
662,40,-0.2832,2.252,0.070313,-0.66921,15
662,40,0.066406,2.0645,-0.47266,-0.33461,18
662,40,0,2.0254,-0.74023,-0.33461,16
662,40,-0.27344,2.1641,-0.23438,-0.33461,13
662,40,-0.2793,2.2129,0.10547,-0.33461,36
662,40,-0.21289,2.2578,0.080078,-0.33461,42
662,40,-0.2168,2.2969,0.023438,-0.33461,20
662,40,-1.5215,1.1621,3.2188,0,6
662,40,-1.418,0,3.5781,0,9
662,40,-1.4336,0.5625,3.498,0,8
662,40,-1.4043,0.75195,-3.3906,0.33461,9
662,40,-1.418,0,-3.7383,0.33461,16
662,40,-1.3145,0,-3.7637,0.33461,15
663,33,-0.13672,2.1738,0.26953,0,20
663,33,-0.13867,2.2227,0.16211,0,70
663,33,-0.14258,2.2598,0.16016,0,100
663,33,-0.14453,2.2969,0.17578,0,70
663,33,-0.14648,2.3359,0.16211,0,23
663,33,-3.8203,0,0.080078,0,11
663,33,0,2.1387,0.27344,0.33461,16
663,33,-0.20508,2.1367,0.45508,0.33461,65
663,33,-0.13867,2.1953,0.38086,0.33461,201
663,33,-0.14258,2.2383,0.34961,0.33461,288
663,33,-0.2168,2.2734,0.33203,0.33461,193
663,33,-0.2207,2.3145,0.31836,0.33461,60
663,33,3.666,0.83398,0.43164,0.33461,13
663,33,3.7012,0.76563,0.55859,0.33461,19
663,33,3.7383,0.83984,0.45898,0.33461,16
663,33,-0.27344,2.082,0.63281,0.66921,23
663,33,-0.20898,2.1602,0.52539,0.66921,75
663,33,-0.21289,2.2051,0.49219,0.66921,110
663,33,-0.2168,2.2422,0.5,0.66921,77
663,33,-0.2207,2.2734,0.5332,0.66921,26
663,33,-0.2832,2.166,0.61523,1.0038,13
663,33,-0.20898,2.2227,-0.0019531,-0.66921,27
663,33,-0.21289,2.2598,-0.011719,-0.66921,38
663,33,-0.2168,2.2949,-0.12109,-0.66921,25
663,33,-0.13672,2.1777,0.23828,-0.33461,31
663,33,-0.20898,2.2168,0.1543,-0.33461,84
663,33,-0.21289,2.2578,0.10547,-0.33461,116
663,33,-0.14453,2.3027,0.056641,-0.33461,72
663,33,-0.2207,2.334,-0.076172,-0.33461,18
663,33,-1.4336,0,-3.6699,0,8
663,33,-0.11914,3.7793,-0.11719,0.33461,11
663,33,-1.4336,1.3926,-3.2578,0.33461,15
663,33,-1.3262,1.4863,-3.3047,0.33461,13
664,21,-0.20898,2.2109,0.23242,0,24
664,21,-0.21289,2.2461,0.25586,0,36
664,21,-0.2168,2.293,0.15625,0,22
664,21,0,2.1172,0.0625,0.33461,11
664,21,0,2.1543,0.085938,0.33461,13
664,21,-0.13672,2.1191,0.55469,0.33461,25
664,21,-0.20898,2.1816,0.42383,0.33461,94
664,21,-0.14258,2.2363,0.36719,0.33461,152
664,21,-0.14453,2.2813,0.31445,0.33461,102
664,21,-0.14648,2.334,0.17578,0.33461,27
664,21,-0.20898,2.166,0.49805,0.66921,34
664,21,-0.21289,2.209,0.48242,0.66921,53
664,21,-0.2168,2.2617,0.4043,0.66921,36
664,21,-0.13867,2.2266,-0.044922,-0.66921,18
664,21,-0.14258,2.2637,-0.085938,-0.66921,28
664,21,-0.14453,2.3008,-0.11719,-0.66921,20
664,21,-0.068359,2.1934,0.0078125,-0.33461,16
664,21,-0.13867,2.2246,0.12891,-0.33461,54
664,21,-0.14258,2.2656,0.056641,-0.33461,89
664,21,-0.14453,2.3027,0.021484,-0.33461,62
664,21,-0.14648,2.3398,-0.0625,-0.33461,20
665,14,0.13477,1.9414,0.92969,0.33461,15
665,14,0.068359,2.0742,0.71289,0.33461,23
665,14,-0.20898,2.1875,0.39063,0.33461,27
665,14,-0.21289,2.2168,0.4375,0.33461,45
665,14,-0.2168,2.2637,0.39453,0.33461,36
665,14,-0.2207,2.3125,0.33203,0.33461,14
665,14,-0.2832,2.1758,0.58398,0.66921,15
665,14,-0.28906,2.2402,0.47266,0.66921,11
665,14,-0.14258,2.2656,0.050781,-0.66921,11
665,14,0.068359,2.0352,0.71094,-0.33461,12
665,14,0.13672,2.1387,0.46875,-0.33461,21
665,14,-0.20898,2.2227,-0.037109,-0.33461,20
665,14,-0.14258,2.2617,0.14063,-0.33461,36
665,14,-0.14453,2.3008,0.10938,-0.33461,28
666,10,0.066406,2.1152,-0.083984,0.33461,22
666,10,0.13477,2.1523,0.033203,0.33461,35
666,10,0.13672,2.1855,0.14648,0.33461,32
666,10,0.070313,2.2031,0.35156,0.33461,22
666,10,-0.21289,2.2148,0.44727,0.33461,14
666,10,0.066406,2.1016,-0.26367,-0.33461,18
666,10,0.068359,2.1406,-0.24805,-0.33461,30
666,10,0.13672,2.1855,-0.125,-0.33461,29
666,10,0.070313,2.2305,0.0097656,-0.33461,21
666,10,-0.21289,2.2598,0.015625,-0.33461,13
667,9,0.066406,2.1172,-0.0625,0.33461,18
667,9,0.13477,2.1504,-0.09375,0.33461,28
667,9,0.13672,2.1777,-0.23828,0.33461,21
667,9,0.20898,2.1465,-0.57422,0.33461,13
667,9,0,2.2695,-0.023438,0.33461,14
667,9,0.066406,2.1055,-0.23633,-0.33461,16
667,9,0.20313,2.1328,-0.24609,-0.33461,24
667,9,0.20508,2.1484,-0.39453,-0.33461,18
667,9,0.2793,2.1191,-0.64453,-0.33461,10
694,10,-0.13477,2.1113,-0.41406,0.33461,16
694,10,-0.27344,2.1504,-0.34375,0.33461,33
694,10,-0.2793,2.1855,-0.35742,0.33461,37
694,10,-0.2832,2.25,-0.091797,0.33461,20
694,10,-0.2793,2.2148,-0.048828,0.66921,12
694,10,-0.13867,2.1035,-0.73633,-0.66921,15
694,10,-0.13477,2.0508,-0.65234,-0.33461,17
694,10,-0.13672,2.1035,-0.60547,-0.33461,39
694,10,-0.20898,2.1465,-0.57617,-0.33461,44
694,10,-0.2832,2.2109,-0.43359,-0.33461,24
695,4,0,2.1484,-0.44922,0.33461,12
695,4,0,2.1094,-0.73242,0.33461,12
695,4,0,2.0996,-0.63477,-0.33461,12
695,4,0,2.082,-0.80664,-0.33461,12
697,20,-0.20508,2.1543,-0.36328,0,18
697,20,-0.2793,2.1699,-0.44531,0,23
697,20,-0.2832,2.2031,-0.46484,0,13
697,20,0,2.0879,-0.36133,0.33461,17
697,20,0,2.1445,-0.22852,0.33461,23
697,20,-0.20508,2.1738,-0.2168,0.33461,48
697,20,-0.20898,2.2168,-0.16016,0.33461,59
697,20,-0.21289,2.2539,-0.17188,0.33461,36
697,20,-0.20508,2.1836,0.089844,0.66921,15
697,20,-0.2793,2.2148,0.029297,0.66921,18
697,20,-0.20508,2.0664,-0.70898,-0.66921,25
697,20,-0.20898,2.1094,-0.70117,-0.66921,32
697,20,-0.21289,2.1406,-0.72461,-0.66921,19
697,20,0,1.9473,-0.83594,-0.33461,14
697,20,-0.13477,2.0723,-0.58008,-0.33461,30
697,20,-0.20508,2.1191,-0.53516,-0.33461,75
697,20,-0.20898,2.1641,-0.50781,-0.33461,93
697,20,-0.21289,2.2031,-0.5,-0.33461,56
697,20,-0.2168,2.25,-0.4668,-0.33461,15
697,20,-3.7832,0,-0.85352,-0.33461,13
698,37,-0.26563,2.0996,-0.099609,0,34
698,37,-0.26953,2.1309,-0.20117,0,173
698,37,-0.27344,2.1641,-0.23438,0,312
698,37,-0.20898,2.207,-0.25391,0,240
698,37,-0.2832,2.2344,-0.29102,0,59
698,37,0,2.291,-0.27148,0,20
698,37,3.4766,1.2422,-0.3457,0,23
698,37,3.5117,1.2441,-0.39063,0,32
698,37,3.5469,1.25,-0.41602,0,19
698,37,-0.13477,2.1504,-0.10938,0.33461,22
698,37,-0.20508,2.1816,-0.099609,0.33461,33
698,37,-0.20898,2.2227,0.023438,0.33461,36
698,37,-0.35547,2.2383,0.13086,0.33461,27
698,37,-3.7832,0,-0.25977,0.33461,22
698,37,-3.8203,0,-0.43555,0.33461,21
698,37,-0.20313,2.0293,-0.69922,-1.0038,30
698,37,-0.20508,2.0723,-0.69336,-1.0038,49
698,37,-0.20898,2.0938,-0.74414,-1.0038,36
698,37,-0.26563,2.0586,-0.42383,-0.66921,46
698,37,-0.20313,2.0938,-0.47461,-0.66921,211
698,37,-0.20508,2.1211,-0.52344,-0.66921,371
698,37,-0.20898,2.1484,-0.56641,-0.66921,285
698,37,-0.21289,2.1641,-0.6543,-0.66921,69
698,37,-0.26563,2.0898,-0.23438,-0.33461,68
698,37,-0.20313,2.1211,-0.33398,-0.33461,333
698,37,-0.20508,2.1523,-0.37695,-0.33461,598
698,37,-0.20898,2.1836,-0.41797,-0.33461,442
698,37,-0.21289,2.1914,-0.55469,-0.33461,93
698,37,-0.14453,2.2773,-0.33984,-0.33461,40
698,37,-3.707,0,-0.51953,-0.33461,42
698,37,3.6289,0.72266,-0.58398,-0.33461,62
698,37,-3.7832,0,-0.625,-0.33461,49
698,37,-2.4336,0,3.291,0,19
698,37,-2.5742,0,3.1953,0,23
698,37,-2.6016,0,3.2129,0,12
698,37,-2.4336,0,2.9551,-0.33461,30
698,37,-2.459,0,3.0625,-0.33461,37
699,55,0,2.0957,0.3125,0,11
699,55,0,2.1543,-0.085938,0,32
699,55,-0.13672,2.1875,-0.11914,0,44
699,55,-0.13867,2.2246,-0.12305,0,45
699,55,-0.14258,2.25,-0.27148,0,34
699,55,0,2.2676,-0.43164,0,16
699,55,0,2.0332,-0.44141,0.33461,18
699,55,0,2.1191,-0.017578,0.33461,63
699,55,0,2.1563,-0.013672,0.33461,115
699,55,0,2.1953,0.0078125,0.33461,89
699,55,-0.13867,2.2285,0.035156,0.33461,43
699,55,-0.21289,2.2441,-0.27148,0.33461,48
699,55,-0.28906,2.2637,-0.34375,0.33461,27
699,55,0,2.1152,0.13477,0.66921,22
699,55,0,2.1523,0.13477,0.66921,40
699,55,0,2.1895,0.14648,0.66921,34
699,55,-0.070313,2.2305,0.017578,0.66921,23
699,55,-0.14258,2.25,-0.26953,0.66921,28
699,55,-0.2168,2.2793,-0.28906,0.66921,20
699,55,-0.25977,1.9004,-0.80469,-2.0076,18
699,55,-0.33008,1.9453,-0.77148,-2.0076,16
699,55,-0.25586,1.9121,-0.67383,-1.673,27
699,55,-0.25977,1.9395,-0.70898,-1.673,49
699,55,-0.26563,1.9707,-0.73047,-1.673,41
699,55,-0.26953,1.9746,-0.82422,-1.673,16
699,55,3.3262,0.57813,-1.4395,-1.673,16
699,55,-0.31836,1.9336,-0.58008,-1.3384,22
699,55,-0.32422,1.9922,-0.50586,-1.3384,33
699,55,-0.33008,2.0313,-0.5,-1.3384,21
699,55,3.4414,0.45508,-1.1934,-1.3384,20
699,55,-0.32422,1.998,-0.47852,-1.0038,18
699,55,-0.19922,2.0508,-0.49023,-1.0038,37
699,55,-0.26953,2.0762,-0.51758,-1.0038,30
699,55,-0.34375,2.1172,-0.46094,-1.0038,11
699,55,3.4414,0.85156,-0.95313,-1.0038,27
699,55,3.3594,1.1133,-1.1035,-1.0038,21
699,55,-0.32422,2.0215,-0.36914,-0.66921,16
699,55,-0.33008,2.0352,-0.48438,-0.66921,32
699,55,-0.4043,1.9746,-0.76563,-0.66921,27
699,55,-0.20898,2.1445,-0.58203,-0.66921,22
699,55,-0.14258,2.1777,-0.625,-0.66921,22
699,55,0,2.0938,-0.32813,-0.33461,37
699,55,0.068359,2.1328,-0.31055,-0.33461,57
699,55,0.20508,2.127,-0.49805,-0.33461,30
699,55,-0.20898,2.1895,-0.37891,-0.33461,69
699,55,-0.14258,2.2188,-0.46289,-0.33461,68
699,55,-0.2168,2.2246,-0.57227,-0.33461,29
699,55,-0.66211,1.6797,-1.1074,0,6
699,55,-2.5234,1.168,2.3945,-1.673,12
699,55,-2.5234,1.0273,2.459,-1.3384,12
699,55,-2.6387,0,2.5547,-1.0038,17
699,55,-2.6641,0.84766,2.4336,-1.0038,13
699,55,-0.97656,0.79688,1.8418,-0.66921,12
699,55,-0.92188,0.875,1.8809,-0.66921,12
699,55,-0.48047,2.0332,0.66992,-0.33461,26
700,50,-0.41211,2.1211,0.37891,0,15
700,50,-0.34961,2.1621,-0.43164,0,32
700,50,-0.2832,2.2266,-0.33984,0,39
700,50,-0.2168,2.2637,-0.39063,0,24
700,50,-0.14648,2.3066,-0.39844,0,13
700,50,-0.22266,2.332,-0.43555,0,11
700,50,-3.998,2.2383,4.9355,0,14
700,50,-3.8086,3.666,4.2324,0,24
700,50,-4.043,3.5254,4.1953,0,17
700,50,0.064453,1.9863,-0.61523,0.33461,23
700,50,-0.26563,1.1055,1.7891,0.33461,12
700,50,-0.068359,2.0977,0.49414,0.33461,40
700,50,0,2.1504,0.44141,0.33461,36
700,50,-0.48828,1.6699,-1.3984,0.33461,17
700,50,-3.7832,0,-0.35742,0.33461,18
700,50,-3.8203,0,-0.25195,0.33461,19
700,50,0,2.082,0.55859,0.66921,13
700,50,-0.29492,1.7969,-0.51367,-1.673,16
700,50,-0.30078,1.8262,-0.54688,-1.673,24
700,50,-0.30664,1.8496,-0.59375,-1.673,17
700,50,-0.30078,1.8555,-0.43359,-1.3384,21
700,50,-0.30664,1.8926,-0.44141,-1.3384,15
700,50,-0.31836,1.9531,-0.50391,-1.3384,14
700,50,-0.3125,1.9414,-0.39453,-1.0038,26
700,50,-0.31836,1.9844,-0.36719,-1.0038,35
700,50,-0.32422,2.0117,-0.41797,-1.0038,24
700,50,-0.3125,1.9648,-0.25195,-0.66921,18
700,50,-0.38281,1.998,-0.19531,-0.66921,26
700,50,-0.39063,2.0391,-0.14453,-0.66921,20
700,50,-0.20898,2.1895,-0.38672,-0.66921,22
700,50,-0.21289,2.2148,-0.44922,-0.66921,22
700,50,0.13086,1.832,-0.97852,-0.33461,13
700,50,-0.33008,1.9551,0.74414,-0.33461,11
700,50,0,2.1484,0.17578,-0.33461,24
700,50,0,2.1934,0.052734,-0.33461,33
700,50,-0.13867,2.2227,-0.14258,-0.33461,50
700,50,-0.21289,2.2422,-0.2832,-0.33461,57
700,50,-0.2168,2.2715,-0.33984,-0.33461,35
700,50,-0.2207,2.3184,-0.27734,-0.33461,18
700,50,-3.998,3.0137,4.5039,-0.33461,30
700,50,-4.0215,3.5371,4.1465,-0.33461,47
700,50,-3.1914,5.8281,1.4863,-0.33461,32
700,50,-0.8418,5.3457,-4.0078,0,9
700,50,-0.63477,4.2793,-5.2109,0,14
700,50,-0.21289,1.2617,6.6895,0,10
700,50,0.20898,2.0742,0.79688,0.33461,15
700,50,-0.58594,1.8164,0.83008,-0.33461,10
700,50,0.33008,1.6465,-1.291,-0.33461,6
700,50,0,2.1816,6.4102,-0.33461,31
700,50,0,2.9785,6.123,-0.33461,25
701,63,-0.35547,1.8398,0.26367,0,10
701,63,-0.42188,1.877,0.1543,0,27
701,63,-0.36914,1.9297,0.11914,0,37
701,63,-0.375,1.9688,0.03125,0,24
701,63,-0.20508,2.1758,-0.20508,0,23
701,63,-0.20898,2.207,-0.25391,0,29
701,63,-0.21289,2.2422,-0.2832,0,22
701,63,-0.2168,2.2832,-0.26367,0,18
701,63,-0.29297,2.3125,-0.25781,0,17
701,63,-0.22266,2.3672,-0.15625,0,14
701,63,-3.7832,0,-0.63672,0,16
701,63,-3.8203,0,-0.69141,0,19
701,63,0,2.0605,-0.28711,0.33461,14
701,63,0,2.0977,-0.29883,0.33461,25
701,63,0,2.1465,-0.21289,0.33461,29
701,63,-0.13672,2.1895,-0.025391,0.33461,42
701,63,-0.20898,2.2207,-0.074219,0.33461,61
701,63,-0.21289,2.25,-0.21484,0.33461,43
701,63,-0.28906,2.2754,-0.25977,0.33461,15
701,63,-3.7832,0,-0.48633,0.33461,23
701,63,-3.8203,0,-0.54883,0.33461,30
701,63,-3.8594,0,-0.54883,0.33461,17
701,63,-0.72266,5.7402,0.20898,0.33461,26
701,63,-0.72852,5.7793,-0.091797,0.33461,45
701,63,-0.91602,5.7813,-0.36719,0.33461,45
701,63,-0.92188,5.7988,-0.59961,0.33461,33
701,63,-0.20508,2.1836,0.029297,0.66921,16
701,63,-0.2793,2.2148,0.0039063,0.66921,22
701,63,-0.2832,2.248,-0.14258,0.66921,16
701,63,-0.72852,5.7578,0.50977,0.66921,17
701,63,-0.91602,5.7832,0.33008,0.66921,17
701,63,-0.38086,1.6719,-0.29492,-1.3384,18
701,63,-0.44531,1.6855,-0.34961,-1.3384,19
701,63,-0.42578,1.6406,-0.15625,-1.0038,15
701,63,-0.43555,1.6738,-0.19922,-1.0038,37
701,63,-0.38867,1.7188,-0.23047,-1.0038,47
701,63,-0.33984,1.7637,-0.26953,-1.0038,34
701,63,-0.34766,1.7949,-0.3125,-1.0038,15
701,63,-0.38086,1.6973,-0.080078,-0.66921,26
701,63,-0.38867,1.7305,-0.13867,-0.66921,37
701,63,-0.33984,1.7734,-0.19531,-0.66921,32
701,63,-0.34766,1.8105,-0.19336,-0.66921,16
701,63,-0.41406,1.8457,-0.044922,-0.66921,16
701,63,-0.36133,1.8906,-0.12891,-0.66921,54
701,63,-0.36914,1.9238,-0.17773,-0.66921,77
701,63,-0.375,1.9512,-0.26953,-0.66921,51
701,63,-0.28906,2.2344,-0.50391,-0.66921,22
701,63,-0.2207,2.293,-0.43945,-0.66921,25
701,63,-0.22266,2.3379,-0.41016,-0.66921,19
701,63,-0.35547,1.8555,0.11523,-0.33461,19
701,63,-0.36133,1.8945,0.0078125,-0.33461,60
701,63,-0.30664,1.9434,-0.054688,-0.33461,83
701,63,-0.3125,1.9746,-0.14258,-0.33461,55
701,63,-0.2832,2.1875,-0.5332,-0.33461,22
701,63,-0.2168,2.2754,-0.32227,-0.33461,32
701,63,-0.29297,2.3125,-0.25977,-0.33461,34
701,63,-0.29883,2.3594,-0.16992,-0.33461,26
701,63,-0.54688,5.7559,-0.72656,-0.33461,41
701,63,-0.73242,5.7539,-0.86523,-0.33461,34
701,63,-0.99219,0,2.2129,0.33461,26
701,63,-1.082,0.27344,2.0195,0.33461,11
701,63,-1.0645,0,2.1973,0.66921,10
701,63,-1.0645,0.048828,2.0039,-0.33461,14
702,41,-0.43555,1.6855,0.029297,0,8
702,41,-0.44531,1.7207,-0.070313,0,12
702,41,-0.45313,1.7539,-0.11914,0,11
702,41,-0.13672,2.1895,-0.048828,0,52
702,41,-0.13867,2.2266,-0.082031,0,41
702,41,-0.2168,2.2969,0.037109,0,24
702,41,-0.14648,2.3398,-0.070313,0,35
702,41,-0.22266,2.3691,-0.12695,0,20
702,41,-0.43555,1.6816,0.091797,0.33461,14
702,41,-0.44531,1.7188,0.083984,0.33461,24
702,41,-0.39648,1.7715,0.039063,0.33461,23
702,41,-0.20508,2.166,0.28711,0.33461,88
702,41,-0.13867,2.2227,0.14844,0.33461,113
702,41,-0.070313,2.2676,0.070313,0.33461,70
702,41,0.28906,2.2305,-0.52148,0.33461,32
702,41,-0.91016,5.7441,0.3457,0.33461,32
702,41,-1.0996,5.7598,0.087891,0.33461,38
702,41,-1.1074,5.791,-0.26953,0.33461,31
702,41,-0.27344,2.1465,0.36328,0.66921,36
702,41,-0.13867,2.2148,0.24219,0.66921,46
702,41,-0.14258,2.2539,0.22656,0.66921,28
702,41,-0.13086,2.041,-0.38672,-0.66921,14
702,41,-0.19922,2.0859,-0.31836,-0.66921,17
702,41,0,2.1621,-0.36914,-0.66921,16
702,41,0,2.2188,-0.24023,-0.66921,20
702,41,-0.14258,2.2637,-0.097656,-0.66921,27
702,41,-0.14453,2.2949,-0.19141,-0.66921,42
702,41,-0.14648,2.3203,-0.30859,-0.66921,43
702,41,-0.074219,2.3477,-0.4082,-0.66921,23
702,41,-0.19531,2.0527,-0.27344,-0.33461,23
702,41,0.13477,2.0527,-0.64648,-0.33461,26
702,41,-0.13672,2.1563,-0.38672,-0.33461,32
702,41,-0.13867,2.2285,-0.0058594,-0.33461,49
702,41,-0.14258,2.2656,0.058594,-0.33461,53
702,41,-0.14453,2.3027,-0.021484,-0.33461,69
702,41,-0.074219,2.3398,-0.16016,-0.33461,70
702,41,-0.14844,2.3672,-0.23828,-0.33461,41
702,41,-3.8203,0,-0.73828,-0.33461,20
702,41,-0.72852,5.7324,-0.74414,-0.33461,23
702,41,-0.50391,1.9668,1.0977,0.33461,17
702,41,-0.53906,0.26563,-2.0703,-0.33461,16
703,64,0.064453,2.0352,-0.42773,0,24
703,64,0,2.0742,-0.43555,0,39
703,64,0,2.1055,-0.46289,0,28
703,64,-0.29883,2.3438,0.31641,0,11
703,64,-3.7461,0,-0.44727,0,12
703,64,-3.7832,0,-0.52148,0,14
703,64,4.7031,3.3633,0.26563,0,12
703,64,-3.5781,0,6.5938,0,15
703,64,-3.8086,0,6.6563,0,25
703,64,-4.043,0,6.5215,0,19
703,64,-0.35547,1.8574,-0.042969,0.33461,13
703,64,0,2.0176,-0.51172,0.33461,33
703,64,0,2.0684,-0.45508,0.33461,30
703,64,-0.13867,2.2266,-0.050781,0.33461,25
703,64,-0.14258,2.2637,0.099609,0.33461,25
703,64,-0.14453,2.3027,0.052734,0.33461,15
703,64,3.6289,0.91211,-0.17383,0.33461,28
703,64,3.666,0.91406,-0.21289,0.33461,46
703,64,-3.8203,0,-0.2793,0.33461,42
703,64,4.7031,3.3281,0.55469,0.33461,28
703,64,4.7344,3.3594,0.49805,0.33461,18
703,64,-3.7891,0,-6.0547,0.33461,30
703,64,-3.8086,0,-6.5449,0.33461,53
703,64,-3.6172,0,6.3711,0.33461,42
703,64,-4.0664,0,6.0586,0.33461,14
703,64,-0.34766,1.8145,0.16211,0.66921,30
703,64,-0.41406,1.8398,0.14453,0.66921,37
703,64,-0.42188,1.8789,0.10742,0.66921,21
703,64,3.666,0.9375,-0.048828,0.66921,18
703,64,-4.0215,0,-5.8203,0.66921,21
703,64,-0.33398,1.7266,0.26758,1.0038,13
703,64,-0.46289,1.7773,0.25586,1.0038,27
703,64,-0.41406,1.8281,0.25,1.0038,34
703,64,-0.36133,1.877,0.25977,1.0038,18
703,64,-0.44531,1.6523,0.48438,1.3384,13
703,64,0.066406,1.9805,-0.75,-0.66921,15
703,64,0.13477,2.0313,-0.71289,-0.66921,15
703,64,0,2.1426,-0.47656,-0.66921,15
703,64,-0.070313,2.1875,-0.44336,-0.66921,17
703,64,-3.8203,0,-1.1348,-0.66921,14
703,64,0,2.0098,-0.54297,-0.33461,23
703,64,0.066406,2.0488,-0.53906,-0.33461,44
703,64,0.13477,2.0781,-0.55664,-0.33461,46
703,64,0,2.1563,-0.4082,-0.33461,38
703,64,-0.070313,2.2012,-0.36719,-0.33461,39
703,64,-0.21289,2.2227,-0.41016,-0.33461,21
703,64,-0.14844,2.373,0.16016,-0.33461,28
703,64,-0.30273,2.4023,0.060547,-0.33461,18
703,64,-3.6289,0.65039,-0.66406,-0.33461,18
703,64,-3.7832,0,-0.71094,-0.33461,41
703,64,-3.8203,0,-0.79688,-0.33461,42
703,64,-3.7383,0.42578,-0.85742,-0.33461,20
703,64,0,3.7422,-0.16992,0,7
703,64,-1.9902,5.3477,-0.97656,0,8
703,64,-0.8418,6.4668,-1.6836,0,12
703,64,-0.63477,4.1445,-5.3184,0,17
703,64,-0.58594,1.6719,1.0918,0.33461,19
703,64,-0.5957,0,2.0469,0.33461,18
703,64,0.23438,3.7285,0.26563,0.33461,22
703,64,0.23633,3.7754,-0.029297,0.33461,32
703,64,0,3.8184,-0.15625,0.33461,24
703,64,-1.9902,5.4258,-0.3418,0.33461,19
703,64,-2.002,5.2188,-1.6445,0.33461,15
703,64,-0.8418,6.6074,-0.99414,0.33461,25
704,43,-0.20508,2.1641,0.30078,0,15
704,43,-0.20898,2.2207,0.072266,0,16
704,43,-0.3125,1.9805,-0.0078125,0.33461,11
704,43,0,2.0664,-0.24414,0.33461,19
704,43,0,2.1055,-0.23633,0.33461,46
704,43,-0.068359,2.1309,-0.32227,0.33461,42
704,43,-0.20508,2.1855,0.015625,0.33461,22
704,43,-0.2793,2.1973,0.27734,0.33461,27
704,43,-0.2832,2.2324,0.29688,0.33461,23
704,43,-0.9375,0.58203,-2.0273,0.33461,20
704,43,-0.87891,0.3457,-2.1465,0.33461,18
704,43,-0.35547,1.8047,0.44141,0.66921,14
704,43,-0.36133,1.875,0.28125,0.66921,31
704,43,-0.36914,1.918,0.23828,0.66921,39
704,43,-0.3125,1.9707,0.20508,0.66921,40
704,43,-0.31836,2.0098,0.18945,0.66921,35
704,43,-0.39063,2.0293,0.24414,0.66921,17
704,43,-0.29492,1.7988,0.50391,1.0038,51
704,43,-0.30078,1.8516,0.45117,1.0038,108
704,43,-0.36914,1.8867,0.41797,1.0038,105
704,43,-0.375,1.9297,0.39063,1.0038,59
704,43,-0.38281,1.9844,0.29688,1.0038,33
704,43,-0.32422,2.0371,0.26758,1.0038,22
704,43,-0.29492,1.7578,0.63281,1.3384,55
704,43,-0.30078,1.8086,0.59766,1.3384,117
704,43,-0.36914,1.8457,0.57227,1.3384,111
704,43,-0.375,1.8945,0.53516,1.3384,47
704,43,-0.41406,1.6758,0.77539,1.673,20
704,43,-0.36133,1.75,0.72852,1.673,44
704,43,-0.42969,1.7754,0.73047,1.673,41
704,43,-0.43945,1.8086,0.74414,1.673,17
704,43,0,2,-0.69727,-0.66921,17
704,43,0.068359,1.9902,-0.82813,-0.66921,13
704,43,0,2.0254,-0.48047,-0.33461,25
704,43,0,2.041,-0.56836,-0.33461,49
704,43,0.068359,2.0234,-0.74414,-0.33461,35
704,43,0,2.1855,0.45313,-0.33461,20
704,43,-3.7832,0,-0.6543,-0.33461,16
704,43,-3.8203,0,-0.67969,-0.33461,16
704,43,-1.0645,0,-1.834,0.33461,6
704,43,0.49609,1.6055,-1.5254,0.33461,15
704,43,-0.14453,2.3027,0.056641,0.33461,20
704,43,-0.2207,2.2871,-0.47266,0.33461,14
705,43,-0.25977,2.0586,0.16211,0,14
705,43,-0.19922,2.1055,0.11523,0,20
705,43,-0.20313,2.1445,0.087891,0,31
705,43,-0.20508,2.1836,0.072266,0,34
705,43,-0.20898,2.2227,0.013672,0,19
705,43,0,2.1152,-0.11914,0.33461,28
705,43,-0.13477,2.1523,0.0039063,0.33461,69
705,43,-0.20508,2.1836,-0.033203,0.33461,73
705,43,-0.20898,2.2168,-0.1543,0.33461,40
705,43,-0.26953,1.8613,2.1758,0.33461,40
705,43,-0.36328,2.6582,1.1328,0.33461,38
705,43,-0.25,1.9434,0.42969,0.66921,19
705,43,-0.25586,1.998,0.3457,0.66921,36
705,43,-0.25977,2.041,0.31641,0.66921,46
705,43,-0.39648,2.041,0.40625,0.66921,27
705,43,-0.20313,2.127,0.29102,0.66921,23
705,43,-0.20508,2.1738,0.21094,0.66921,38
705,43,-0.2793,2.209,0.16211,0.66921,21
705,43,-0.26953,1.0391,2.668,0.66921,35
705,43,-0.36328,2.2676,1.791,0.66921,29
705,43,-0.3125,1.9297,0.44336,1.0038,26
705,43,-0.19141,2.0195,0.24609,1.0038,14
705,43,-0.39063,1.8027,0.96484,1.0038,25
705,43,-0.46289,1.832,0.95898,1.0038,18
705,43,-0.25,1.8711,0.67383,1.3384,13
705,43,-0.31836,1.8672,0.76563,1.3384,62
705,43,-0.32422,1.916,0.74219,1.3384,108
705,43,-0.39648,1.9551,0.71289,1.3384,69
705,43,-0.4043,2.0098,0.66797,1.3384,17
705,43,-0.375,1.7422,0.91992,1.673,11
705,43,-0.31836,1.8262,0.85938,1.673,41
705,43,-0.39063,1.8652,0.83594,1.673,58
705,43,-0.39648,1.9219,0.79688,1.673,38
705,43,0,2.0391,-0.69922,-0.66921,16
705,43,0,2.0801,-0.40625,-0.33461,33
705,43,0,2.1094,-0.44531,-0.33461,44
705,43,0,1.6133,1.4883,-0.33461,29
705,43,-0.070313,2.0762,-0.91602,-0.33461,13
705,43,-3.7832,0,-0.41602,-0.33461,17
705,43,-3.8203,0,-0.67773,-0.33461,16
705,43,-0.89453,0.55469,-1.752,1.0038,8
705,43,-1.1699,1.0059,-1.3945,1.0038,13
705,43,-0.99219,0,2.1758,-0.33461,7
706,48,-0.20313,2.125,0.30273,0,25
706,48,-0.13672,2.1855,0.1543,0,53
706,48,-0.13867,2.2266,0.078125,0,50
706,48,-0.14258,2.2656,-0.03125,0,21
706,48,0.064453,2.0664,-0.22852,0.33461,14
706,48,0.13281,2.0938,-0.29102,0.33461,29
706,48,-0.47266,1.3027,1.6523,0.33461,35
706,48,-0.27344,2.1328,-0.43359,0.33461,52
706,48,-0.20898,2.2227,0.054688,0.33461,78
706,48,-0.21289,2.2559,0.15039,0.33461,50
706,48,3.666,0.9082,-0.23633,0.33461,18
706,48,-0.33008,2.0313,0.50781,0.66921,65
706,48,-0.26953,2.0801,0.50195,0.66921,129
706,48,-0.27344,2.127,0.46094,0.66921,95
706,48,-0.20898,2.2227,0.044922,0.66921,26
706,48,-0.2832,2.2363,0.26953,0.66921,18
706,48,3.3262,1.3906,0.68945,0.66921,23
706,48,3.3594,1.3867,0.72852,0.66921,25
706,48,-0.25977,1.9492,0.68164,1.0038,18
706,48,-0.26563,2.0215,0.57617,1.0038,59
706,48,-0.26953,2.0684,0.54688,1.0038,105
706,48,-0.27344,2.1055,0.55273,1.0038,89
706,48,-0.2793,2.1465,0.54688,1.0038,30
706,48,3.2109,1.5586,0.85352,1.0038,18
706,48,3.3594,1.1543,1.0605,1.0038,19
706,48,-0.26563,1.959,0.76367,1.3384,17
706,48,-0.26953,2.0039,0.74805,1.3384,26
706,48,-0.27344,2.0195,0.8125,1.3384,25
706,48,-0.34961,2.0332,0.85352,1.3384,14
706,48,0.066406,2.0488,-0.53906,-0.66921,17
706,48,0.068359,2.1016,-0.47656,-0.66921,20
706,48,0.13672,2.168,-0.31445,-0.66921,12
706,48,0,2.0293,-0.46094,-0.33461,19
706,48,0.066406,2.0801,-0.39453,-0.33461,49
706,48,0.13477,2.1289,-0.31836,-0.33461,59
706,48,0.20508,2.1777,-0.17383,-0.33461,39
706,48,-0.34961,1.3633,1.7324,-0.33461,17
706,48,-0.2832,2.2461,0.17773,-0.33461,18
706,48,-3.7832,0,-0.70117,-0.33461,22
706,48,-3.8203,0,-0.84766,-0.33461,16
706,48,-0.5957,1.4785,1.3945,0.33461,20
706,48,0.20313,2.1328,-0.25,0.33461,34
706,48,-1.2617,0.38672,-3.4238,0.66921,16
706,48,-1.2754,0,-3.4863,0.66921,16
706,48,-1.377,1.9023,-2.8203,1.0038,12
706,48,-1.3906,1.1758,-3.2305,1.0038,12
706,48,-0.54883,0.57031,2.0469,-0.66921,7
706,48,0.34961,2.1973,-0.17578,-0.33461,15
707,44,-0.13477,2.1523,0.035156,0,43
707,44,-0.13672,2.1895,0.066406,0,144
707,44,-0.13867,2.2266,0.064453,0,208
707,44,-0.14258,2.2656,0.03125,0,134
707,44,-0.2168,2.2949,-0.091797,0,35
707,44,3.6289,0.87305,0.31836,0,12
707,44,3.666,0.93555,0.080078,0,15
707,44,-0.26953,2.1348,0.13086,0.33461,55
707,44,-0.20508,2.1777,0.18555,0.33461,241
707,44,-0.13867,2.2207,0.18164,0.33461,366
707,44,-0.14258,2.2617,0.12695,0.33461,242
707,44,-0.14453,2.3027,-0.056641,0.33461,63
707,44,0.11719,3.7422,-0.11914,0.33461,19
707,44,3.3105,1.791,0.38672,0.33461,19
707,44,3.582,1.3281,-0.070313,0.33461,13
707,44,-0.26953,2.1309,0.1875,0.66921,49
707,44,-0.20508,2.1699,0.25781,0.66921,160
707,44,-0.20898,2.207,0.25586,0.66921,204
707,44,-0.21289,2.252,0.1875,0.66921,114
707,44,-0.2168,2.2969,-0.0625,0.66921,25
707,44,0,3.7461,0.050781,0.66921,15
707,44,3.4277,1.3398,0.87305,0.66921,15
707,44,-0.26953,2.0996,0.4082,1.0038,17
707,44,-0.20508,2.084,0.6543,1.0038,56
707,44,-0.2793,2.1172,0.65234,1.0038,79
707,44,-0.2832,2.1563,0.65039,1.0038,49
707,44,0,2.2324,0,-0.66921,14
707,44,-0.14258,2.2559,-0.20703,-0.66921,14
707,44,0.066406,2.0918,0.33398,-0.33461,16
707,44,0.068359,2.1445,-0.21484,-0.33461,42
707,44,0,2.1855,-0.19141,-0.33461,39
707,44,-0.13867,2.2246,0.11328,-0.33461,42
707,44,-0.070313,2.2656,-0.10938,-0.33461,36
707,44,-3.7461,0,-0.49219,-0.33461,19
707,44,-3.7832,0,-0.63281,-0.33461,35
707,44,-3.8203,0,-0.66211,-0.33461,29
707,44,-1.4043,1.0566,3.3086,0,10
707,44,-1.418,0,3.584,0,9
707,44,-1.0117,0,-1.9629,0.33461,30
707,44,3.3945,1.5137,0.4668,0.33461,17
707,44,0.11914,3.7813,0.019531,0.33461,18
707,44,0.23828,3.8086,-0.20898,0.33461,10
707,44,3.3945,1.3379,0.8457,0.66921,15
707,44,-1.3008,1.293,-3.3086,0.66921,15
708,32,-0.13672,2.1738,0.26172,0,45
708,32,-0.20898,2.2109,0.23047,0,153
708,32,-0.21289,2.248,0.24023,0,203
708,32,-0.2168,2.2852,0.24414,0,121
708,32,-0.2207,2.3145,0.31836,0,31
708,32,0,2.0762,-0.13086,0.33461,14
708,32,0,2.1074,-0.22461,0.33461,25
708,32,0,2.1543,-0.099609,0.33461,25
708,32,-0.20508,2.1563,0.35352,0.33461,103
708,32,-0.20898,2.1895,0.37891,0.33461,344
708,32,-0.21289,2.2285,0.38086,0.33461,458
708,32,-0.2168,2.2656,0.38477,0.33461,270
708,32,-0.2207,2.2949,0.43359,0.33461,66
708,32,0,3.7383,-0.58594,0.33461,13
708,32,-0.20508,2.125,0.50977,0.66921,45
708,32,-0.20898,2.1543,0.54883,0.66921,159
708,32,-0.21289,2.1875,0.57031,0.66921,226
708,32,-0.2168,2.2207,0.58789,0.66921,146
708,32,-0.2207,2.2383,0.66406,0.66921,45
708,32,-0.21289,2.1602,0.66602,1.0038,17
708,32,-0.28906,2.1035,0.9043,1.0038,16
708,32,-0.13867,2.2246,-0.099609,-0.66921,24
708,32,-0.14258,2.2637,-0.11328,-0.66921,31
708,32,-0.14453,2.2988,-0.13281,-0.66921,17
708,32,0,2.0313,-0.44727,-0.33461,17
708,32,0,2.0488,-0.53906,-0.33461,27
708,32,0,2.0879,-0.53906,-0.33461,21
708,32,-0.13672,2.1816,-0.18555,-0.33461,24
708,32,-0.13867,2.2266,0.048828,-0.33461,65
708,32,-0.14258,2.2656,0,-0.33461,83
708,32,-0.14453,2.3027,-0.085938,-0.33461,44
708,32,-1.5371,0.36523,3.4375,0.33461,11
709,24,-0.20508,2.1523,0.37695,0,12
709,24,-0.13867,2.2148,0.23242,0,41
709,24,-0.14258,2.2598,0.16016,0,58
709,24,-0.2168,2.291,0.18164,0,43
709,24,-0.2207,2.3027,0.38672,0,21
709,24,-0.20508,2.1328,0.47461,0.33461,42
709,24,-0.20898,2.1914,0.37109,0.33461,147
709,24,-0.21289,2.2383,0.31445,0.33461,202
709,24,-0.2168,2.2813,0.27734,0.33461,130
709,24,-0.2207,2.2988,0.41406,0.33461,48
709,24,-0.27344,2.1113,0.5293,0.66921,15
709,24,-0.20898,2.166,0.49805,0.66921,53
709,24,-0.21289,2.2148,0.45117,0.66921,74
709,24,-0.2168,2.2559,0.43945,0.66921,48
709,24,-0.2207,2.2695,0.55273,0.66921,20
709,24,-0.2832,2.1797,0.56836,1.0038,11
709,24,-0.20898,2.2227,-0.0097656,-0.66921,23
709,24,-0.14258,2.2656,-0.048828,-0.66921,33
709,24,-0.2168,2.2949,-0.11914,-0.66921,19
709,24,0,2.0313,-0.59961,-0.33461,12
709,24,-0.13672,2.1816,0.19922,-0.33461,22
709,24,-0.13867,2.2266,0.091797,-0.33461,77
709,24,-0.14258,2.2656,0.056641,-0.33461,103
709,24,-0.14453,2.3027,-0.0078125,-0.33461,59
710,20,0,2.2148,0.26953,0,9
710,20,-0.21289,2.248,0.23828,0,14
710,20,-0.2168,2.2891,0.20508,0,10
710,20,0,2.0879,-0.36133,0.33461,13
710,20,-0.20508,2.1406,0.43555,0.33461,13
710,20,-0.20898,2.1836,0.41016,0.33461,56
710,20,-0.21289,2.2305,0.35938,0.33461,91
710,20,-0.2168,2.2695,0.35547,0.33461,62
710,20,-0.2207,2.3027,0.38672,0.33461,15
710,20,-0.20898,2.1777,0.43945,0.66921,20
710,20,-0.2832,2.2109,0.43359,0.66921,32
710,20,-0.2168,2.2539,0.44336,0.66921,23
710,20,-0.14258,2.2656,-0.029297,-0.66921,20
710,20,-0.14453,2.3027,-0.052734,-0.66921,13
710,20,0,2.0176,-0.64844,-0.33461,12
710,20,-0.13867,2.2246,0.10156,-0.33461,39
710,20,-0.14258,2.2637,0.085938,-0.33461,66
710,20,-0.2168,2.2969,0.058594,-0.33461,45
710,20,-0.2207,2.334,0.068359,-0.33461,12
710,20,-1.0098,0,2.2559,-0.66921,7
711,8,0,2.1504,-0.1543,0.33461,10
711,8,0,2.2207,0.22656,0.33461,18
711,8,0,2.2598,0.21484,0.33461,35
711,8,0,2.3027,0.14453,0.33461,28
711,8,0,2.25,0.30469,0.66921,11
711,8,0,2.2324,0.044922,-0.33461,16
711,8,0,2.2695,-0.044922,-0.33461,33
711,8,0,2.3047,-0.11328,-0.33461,26
712,1,0.066406,2.0957,-0.30078,0.33461,11
713,12,0,2.0762,-0.14258,0.33461,16
713,12,0,2.1094,-0.19336,0.33461,29
713,12,0,2.1504,-0.16211,0.33461,25
713,12,0,2.1934,-0.044922,0.33461,15
713,12,-0.13867,2.0762,0.80664,0.33461,15
713,12,-0.14258,2.2227,0.44336,0.33461,22
713,12,0,2.0273,-0.46875,-0.33461,13
713,12,0.066406,2.0664,-0.46484,-0.33461,24
713,12,0.068359,2.1074,-0.45703,-0.33461,21
713,12,0,2.1797,-0.25391,-0.33461,12
713,12,-0.13867,2.2109,0.2793,-0.33461,16
713,12,-0.070313,2.2695,0.027344,-0.33461,23
742,3,0,2.1523,-0.13281,0.33461,14
742,3,0,2.0742,-0.42969,-0.33461,11
742,3,0,2.125,-0.36523,-0.33461,13
745,9,-0.34375,2.1348,-0.375,0,8
745,9,-0.2793,2.1523,-0.51953,0,7
745,9,0.13672,2.1387,-0.46875,0.33461,11
745,9,0.13867,2.2109,-0.26758,0.33461,23
745,9,0.14258,2.25,-0.26172,0.33461,21
745,9,0.2168,2.2852,-0.24805,0.33461,11
745,9,-0.34375,2.1328,-0.38086,-0.33461,13
745,9,0.13867,2.0508,-0.87109,-0.33461,22
745,9,0.21289,2.1621,-0.6582,-0.33461,20
746,36,-0.25977,2.0313,-0.36719,0,8
746,36,-0.19922,2.0879,-0.30078,0,50
746,36,-0.20313,2.1309,-0.26563,0,103
746,36,-0.27344,2.1641,-0.23047,0,88
746,36,-0.34961,2.2051,0.0058594,0,16
746,36,-0.21289,2.2246,-0.39453,0,21
746,36,-0.28906,2.2539,-0.40625,0,11
746,36,0,2.0684,-0.21875,0.33461,20
746,36,0,2.1152,-0.12891,0.33461,30
746,36,0.068359,2.1543,0.041016,0.33461,22
746,36,-0.48047,2.082,-0.5,0.33461,15
746,36,0.070313,2.1973,0.38281,0.33461,28
746,36,0.070313,2.2598,0.19922,0.33461,31
746,36,0.14453,2.3027,0.013672,0.33461,17
746,36,-3.7832,0,-0.35938,0.33461,14
746,36,-0.13281,1.9395,-0.8418,-1.0038,15
746,36,-0.20313,1.9551,-0.88672,-1.0038,21
746,36,-0.20508,1.9922,-0.89453,-1.0038,19
746,36,-0.20898,2.0781,-0.78711,-1.0038,15
746,36,-0.19922,2.0195,-0.60742,-0.66921,70
746,36,-0.20313,2.0625,-0.5957,-0.66921,137
746,36,-0.20508,2.0957,-0.61914,-0.66921,106
746,36,-0.20898,1.9297,-1.1016,-0.66921,27
746,36,-0.21289,2.166,-0.64648,-0.66921,34
746,36,-0.2168,2.2207,-0.5918,-0.66921,17
746,36,0,2.0254,-0.48047,-0.33461,12
746,36,-0.19922,2.0723,-0.39453,-0.33461,92
746,36,-0.20313,2.1074,-0.40625,-0.33461,206
746,36,-0.20508,2.1465,-0.4082,-0.33461,170
746,36,0.20898,2.0957,0.73633,-0.33461,24
746,36,-0.14258,2.2578,-0.1875,-0.33461,60
746,36,-0.14453,2.2793,-0.33203,-0.33461,30
746,36,0.90625,0.625,1.9414,0,10
746,36,0.13672,2.0781,0.69141,0.33461,14
746,36,-1.1152,1.3418,1.3926,-0.66921,16
746,36,0.90625,0.5625,1.9609,-0.33461,23
747,47,-0.33789,2.1211,0.18555,0,11
747,47,-0.27344,2.1738,-0.10742,0,37
747,47,-0.13867,2.2188,-0.19336,0,54
747,47,-0.21289,2.2344,-0.3418,0,43
747,47,-0.2168,2.248,-0.4707,0,19
747,47,0,2.0352,-0.18164,0.33461,11
747,47,-0.064453,2.0605,-0.28906,0.33461,27
747,47,0,2.0625,-0.48828,0.33461,26
747,47,0.21289,2.2578,-0.11914,0.33461,13
747,47,0,2.2969,-0.22852,0.33461,22
747,47,0,2.3438,-0.068359,0.33461,12
747,47,3.6289,0.92578,-0.085938,0.33461,14
747,47,-3.7832,0,-0.18945,0.33461,25
747,47,-3.8203,0,-0.27539,0.33461,21
747,47,-0.14453,2.2754,-0.35547,0.66921,17
747,47,-0.19141,1.8691,-0.80078,-1.673,16
747,47,-0.19531,1.9355,-0.73828,-1.673,29
747,47,-0.19922,1.957,-0.78906,-1.673,24
747,47,-0.25586,1.9355,-0.60156,-1.3384,33
747,47,-0.19531,1.9648,-0.6543,-1.3384,74
747,47,-0.19922,1.9941,-0.6875,-1.3384,75
747,47,-0.26953,2.0078,-0.74023,-1.3384,36
747,47,-0.19141,1.9766,-0.48047,-1.0038,28
747,47,-0.19531,2.0039,-0.52344,-1.0038,75
747,47,-0.26563,2.0293,-0.55078,-1.0038,88
747,47,-0.20313,2.0566,-0.61328,-1.0038,47
747,47,3.4414,0.68359,-1.0781,-1.0038,29
747,47,3.5918,0,-1.1699,-1.0038,23
747,47,-0.25586,1.998,-0.33789,-0.66921,15
747,47,-0.19531,2.0371,-0.37695,-0.66921,47
747,47,-0.19922,2.0742,-0.38672,-0.66921,67
747,47,-0.20313,2.1094,-0.40234,-0.66921,52
747,47,-0.20508,2.1348,-0.46094,-0.66921,39
747,47,-0.13867,2.1797,-0.46484,-0.66921,45
747,47,-0.14258,2.209,-0.50391,-0.66921,34
747,47,-0.2168,2.2246,-0.57227,-0.66921,15
747,47,0,1.9941,-0.44336,-0.33461,10
747,47,-0.13086,2.043,-0.37695,-0.33461,28
747,47,-0.19922,2.0781,-0.36133,-0.33461,38
747,47,-0.26953,2.123,-0.26953,-0.33461,38
747,47,-0.20508,2.166,-0.28906,-0.33461,66
747,47,-0.13867,2.209,-0.29297,-0.33461,97
747,47,-0.14258,2.2461,-0.29492,-0.33461,76
747,47,-0.14453,2.2871,-0.27539,-0.33461,32
747,47,-1.2871,0,3.5254,0.33461,8
747,47,-2.5234,0.50195,2.6172,-1.0038,19
747,47,-2.5488,0.80078,2.5703,-1.0038,15
748,64,-0.068359,2.1445,-0.21289,0,18
748,64,0,2.125,-0.54883,0,17
748,64,-0.34961,2.123,-0.59766,0,9
748,64,0.070313,2.2676,0.085938,0,9
748,64,-4.0215,1.5156,5.2344,0,23
748,64,-4.043,2.3926,4.9297,0,20
748,64,0,2.041,-0.40234,0.33461,13
748,64,0,2.0957,0.31641,0.33461,19
748,64,0,2.1094,0.44922,0.33461,62
748,64,0,2.1582,0.40039,0.33461,69
748,64,0.13867,2.2246,0.12891,0.33461,35
748,64,0.14258,2.2656,-0.0058594,0.33461,39
748,64,0.2168,2.2813,0.26758,0.33461,14
748,64,-2.1172,6.4336,-0.011719,0.33461,15
748,64,0,2.082,0.5625,0.66921,22
748,64,0,2.1348,0.50781,0.66921,24
748,64,-0.14453,2.0605,-1.0293,0.66921,17
748,64,0,2.248,-0.66992,0.66921,22
748,64,-0.074219,2.3047,-0.60156,0.66921,16
748,64,0,2.2891,-0.29297,1.0038,12
748,64,-0.14648,2.3164,-0.33789,1.0038,12
748,64,-0.29492,1.7344,-0.69531,-2.3422,23
748,64,-0.30078,1.7598,-0.73047,-2.3422,28
748,64,-0.30664,1.791,-0.75195,-2.3422,15
748,64,-0.28906,1.7227,-0.62109,-2.0076,15
748,64,-0.29492,1.7773,-0.57813,-2.0076,40
748,64,-0.30078,1.8105,-0.5957,-2.0076,48
748,64,-0.30664,1.8301,-0.65234,-2.0076,25
748,64,-0.29492,1.8086,-0.4668,-1.673,24
748,64,-0.36133,1.8203,-0.52734,-1.673,29
748,64,-0.30664,1.832,-0.64844,-1.673,19
748,64,-0.24023,1.8613,-0.44922,-1.3384,19
748,64,-0.30664,1.8496,-0.59766,-1.3384,17
748,64,-0.3125,1.9023,-0.54883,-1.3384,17
748,64,-0.38281,1.9414,-0.50781,-1.3384,16
748,64,-0.27344,2.8965,0.1582,-1.3384,27
748,64,-0.18359,2.9219,0.36719,-1.3384,31
748,64,-0.1875,2.9414,0.49609,-1.3384,17
748,64,-0.30664,1.9082,-0.37109,-1.0038,11
748,64,-0.375,1.9316,-0.38672,-1.0038,26
748,64,-0.31836,1.9824,-0.37695,-1.0038,27
748,64,-0.25977,2.0059,-0.48828,-1.0038,15
748,64,-0.26953,2.8379,0.37891,-1.0038,15
748,64,-0.27344,2.875,0.38477,-1.0038,41
748,64,-0.27734,2.8945,0.50586,-1.0038,47
748,64,-0.1875,2.8789,0.7832,-1.0038,23
748,64,-0.375,1.9531,-0.25781,-0.66921,15
748,64,-0.25586,2.0039,-0.30078,-0.66921,16
748,64,-0.19531,2.0195,-0.45898,-0.66921,12
748,64,0,2.1484,-0.17969,-0.66921,16
748,64,0,2.1797,-0.24805,-0.66921,25
748,64,0,2.209,-0.32813,-0.66921,21
748,64,0,2.2461,-0.33594,-0.66921,13
748,64,-0.36328,2.8379,0.55078,-0.66921,18
748,64,-0.27734,2.9082,0.42188,-0.66921,20
748,64,-4.0215,3.2676,4.3613,-0.66921,21
748,64,-4.043,3.748,3.998,-0.66921,18
748,64,0,1.9238,-0.79102,-0.33461,12
748,64,0.066406,2.084,-0.37305,-0.33461,16
748,64,0,2.1563,-0.0039063,-0.33461,46
748,64,0,2.1934,-0.039063,-0.33461,61
748,64,0,2.2305,-0.10156,-0.33461,43
748,64,0.14258,2.2344,-0.375,-0.33461,31
748,64,0.14453,2.2793,-0.32813,-0.33461,18
749,35,-0.30078,1.9063,-0.035156,0,12
749,35,0,2.1094,-0.18945,0,31
749,35,0,2.1523,-0.12695,0,47
749,35,0,2.1934,-0.076172,0,39
749,35,0,2.0762,-0.13867,0.33461,43
749,35,0,2.1191,-0.027344,0.33461,113
749,35,-0.068359,2.1543,0.060547,0.33461,177
749,35,0,2.1914,0.11914,0.33461,167
749,35,-0.070313,2.2305,0.070313,0.33461,87
749,35,0.14258,2.2617,0.13672,0.33461,26
749,35,0.2168,2.293,0.15234,0.33461,17
749,35,0,2.0801,0.042969,0.66921,18
749,35,0,2.1172,0.068359,0.66921,46
749,35,-0.068359,2.1504,0.1543,0.66921,69
749,35,-0.068359,2.1836,0.21484,0.66921,61
749,35,-0.070313,2.2207,0.21484,0.66921,29
749,35,-0.38086,1.6582,-0.36523,-1.673,13
749,35,-0.43555,1.6289,-0.42969,-1.3384,19
749,35,-0.44531,1.6465,-0.5,-1.3384,15
749,35,-0.33398,1.7305,-0.23242,-1.0038,22
749,35,-0.2832,1.7793,-0.22852,-1.0038,26
749,35,-0.34766,1.793,-0.31641,-1.0038,17
749,35,-0.33398,1.7441,-0.097656,-0.66921,14
749,35,-0.33984,1.7813,-0.10352,-0.66921,17
749,35,0,2.1309,-0.33203,-0.66921,30
749,35,0,2.1797,-0.25391,-0.66921,33
749,35,-0.070313,2.1914,-0.41602,-0.66921,24
749,35,-0.30078,1.9023,-0.10352,-0.33461,10
749,35,-0.19141,1.9961,-0.38867,-0.33461,13
749,35,0,2.0449,-0.38281,-0.33461,27
749,35,0,2.1055,-0.24023,-0.33461,57
749,35,0,2.1523,-0.13672,-0.33461,94
749,35,-0.068359,2.1895,-0.13867,-0.33461,100
749,35,-0.13867,2.2109,-0.28125,-0.33461,68
749,35,-0.14258,2.2031,-0.52539,-0.33461,30
750,25,0,2.0488,-0.36523,0,11
750,25,0,2.1016,-0.26758,0,16
750,25,0,2.1543,-0.089844,0,23
750,25,-0.13672,2.1895,-0.046875,0,35
750,25,-0.070313,2.2305,0.0019531,0,31
750,25,-1.0645,0,2.2344,0,18
750,25,-1.0098,0,-2.1895,0,14
750,25,-0.13477,2.0996,0.47656,0.33461,36
750,25,-0.068359,2.1777,0.25781,0.33461,75
750,25,-0.13867,2.2266,0.042969,0.33461,62
750,25,0,2.2695,-0.023438,0.33461,26
750,25,-0.13672,2.166,0.31836,0.66921,30
750,25,-0.13867,2.2266,0.091797,0.66921,27
750,25,0.064453,2.0293,-0.45898,-0.33461,29
750,25,0.066406,2.0605,-0.48438,-0.33461,32
750,25,-0.9375,0.55859,-2.0332,-0.33461,16
750,25,-1.0996,5.7461,-0.41016,-0.33461,19
750,25,-0.97656,0,2.1172,0,21
750,25,-0.14258,2.2637,-0.082031,0,15
750,25,-0.2168,2.2969,-0.072266,0,12
750,25,-0.97656,0,-2.2227,0.33461,33
750,25,-1.0645,0,2.248,0.33461,19
750,25,-0.97656,0,-2.0938,0.66921,14
750,25,-2.1641,0.70703,0.37891,-0.33461,9
750,25,-3.2988,0,5.6289,-0.33461,10
751,56,-0.29492,1.8672,-0.072266,0,10
751,56,-0.36133,1.8926,-0.083984,0,14
751,56,-0.36914,1.9219,-0.19336,0,10
751,56,0,2.0273,-0.25977,0,49
751,56,0,2.0586,-0.29883,0,88
751,56,0,2.0879,-0.35938,0,71
751,56,0.068359,2.0996,-0.48438,0,21
751,56,-0.20508,2.1836,0.052734,0,20
751,56,-0.13867,2.2285,0.023438,0,23
751,56,-0.21289,2.2598,-0.023438,0,13
751,56,-0.34766,1.8203,-0.064453,0.33461,13
751,56,-0.35547,1.8574,-0.03125,0.33461,23
751,56,-0.36133,1.8945,0.019531,0.33461,31
751,56,-0.36914,1.9316,0.037109,0.33461,24
751,56,0,2.0742,-0.1543,0.33461,51
751,56,0,2.1172,-0.095703,0.33461,72
751,56,-0.068359,2.1563,-0.025391,0.33461,73
751,56,-0.13672,2.1895,0.074219,0.33461,69
751,56,-0.20898,2.2188,0.12891,0.33461,70
751,56,-0.21289,2.2559,0.14844,0.33461,41
751,56,-3.7461,0,-0.2207,0.33461,34
751,56,-3.7832,0,-0.28711,0.33461,41
751,56,-3.8203,0,-0.2793,0.33461,26
751,56,-0.38086,1.6973,0.035156,0.66921,22
751,56,-0.33398,1.7441,0.076172,0.66921,39
751,56,-0.39648,1.7695,0.091797,0.66921,37
751,56,-0.34766,1.8184,0.11328,0.66921,26
751,56,-0.35547,1.8555,0.099609,0.66921,23
751,56,-0.36133,1.8887,0.16602,0.66921,28
751,56,-0.13477,2.1465,0.14648,0.66921,26
751,56,-0.13672,2.1816,0.20117,0.66921,27
751,56,-0.20898,2.2109,0.21875,0.66921,27
751,56,-0.42578,1.6406,0.1543,1.0038,16
751,56,-0.38086,1.6895,0.16992,1.0038,43
751,56,-0.38867,1.7227,0.20313,1.0038,61
751,56,-0.39648,1.7617,0.19727,1.0038,46
751,56,-0.40625,1.7949,0.22461,1.0038,20
751,56,-0.42578,1.6289,0.25781,1.3384,13
751,56,-0.43555,1.6602,0.28516,1.3384,29
751,56,-0.44531,1.6934,0.3125,1.3384,32
751,56,-0.45313,1.7246,0.3418,1.3384,18
751,56,0,1.9727,-0.5293,-0.66921,42
751,56,0.064453,2.0059,-0.55273,-0.66921,80
751,56,0,2.0391,-0.57422,-0.66921,74
751,56,0,2.0703,-0.60352,-0.66921,37
751,56,0,1.9785,-0.33203,-0.33461,20
751,56,0,2.002,-0.4082,-0.33461,103
751,56,0,2.0371,-0.42578,-0.33461,199
751,56,0,2.0742,-0.43555,-0.33461,191
751,56,0,2.1113,-0.43555,-0.33461,101
751,56,-0.068359,2.1563,-0.40039,-0.33461,36
751,56,-0.20898,2.2168,-0.15234,-0.33461,31
751,56,-0.21289,2.2598,-0.015625,-0.33461,20
751,56,3.6289,0.74219,-0.55859,-0.33461,23
751,56,-3.7832,0,-0.72461,-0.33461,35
751,56,-3.7012,0.42578,-0.8457,-0.33461,28
752,54,-0.29492,1.8633,0.13281,0,10
752,54,-0.36133,1.8945,0.050781,0,11
752,54,-0.42578,2.2246,-0.14063,0,11
752,54,-0.36133,2.2793,-0.039063,0,15
752,54,-0.2207,2.334,0.087891,0,12
752,54,6.4414,5.1953,2.2988,0,8
752,54,6.7383,4.7344,2.5645,0,8
752,54,0,2.0195,-0.30469,0.33461,18
752,54,0,2.0352,-0.43164,0.33461,43
752,54,0.066406,2.0801,-0.40039,0.33461,52
752,54,0,2.1523,-0.13086,0.33461,38
752,54,0,2.1895,0.14844,0.33461,26
752,54,-0.49609,2.2148,-0.072266,0.33461,24
752,54,-0.43359,2.248,0.28906,0.33461,31
752,54,-0.36719,2.2676,0.47852,0.33461,20
752,54,6.9785,4.1289,2.832,0.33461,18
752,54,6.4688,5.0273,2.6992,0.33461,16
752,54,-0.35547,1.8262,0.3457,0.66921,26
752,54,-0.36133,1.8711,0.30273,0.66921,31
752,54,-0.42969,1.8809,0.38867,0.66921,13
752,54,-0.25,1.9824,0.16797,0.66921,25
752,54,-0.25586,2.0254,0.070313,0.66921,32
752,54,6.7383,4.5332,2.9063,0.66921,13
752,54,-0.34766,1.7734,0.41602,1.0038,34
752,54,-0.35547,1.8145,0.40234,1.0038,96
752,54,-0.36133,1.8555,0.38281,1.0038,114
752,54,-0.36914,1.8906,0.40039,1.0038,55
752,54,-0.3125,1.959,0.29297,1.0038,25
752,54,-0.31836,2,0.26953,1.0038,31
752,54,-0.40625,1.752,0.45117,1.3384,37
752,54,-0.35547,1.791,0.49219,1.3384,100
752,54,-0.36133,1.8281,0.5,1.3384,116
752,54,-0.36914,1.8711,0.48242,1.3384,58
752,54,-0.375,1.9297,0.39258,1.3384,13
752,54,-0.40625,1.709,0.5957,1.673,20
752,54,-0.41406,1.75,0.58594,1.673,35
752,54,-0.36133,1.7891,0.625,1.673,35
752,54,-0.42969,1.8105,0.63477,1.673,17
752,54,0,1.9922,-0.59961,-0.66921,18
752,54,0,2.0273,-0.61328,-0.66921,27
752,54,0,2.0605,-0.63477,-0.66921,20
752,54,0,2.002,-0.4082,-0.33461,16
752,54,0,2.0273,-0.4707,-0.33461,51
752,54,0,2.0664,-0.4668,-0.33461,74
752,54,0.068359,2.1133,-0.42383,-0.33461,54
752,54,0.13672,2.1777,-0.22461,-0.33461,23
752,54,-3.666,0.67578,-0.65039,-0.33461,31
752,54,-3.8203,0,-0.76563,-0.33461,27
752,54,-1.8789,8.3789,-0.13281,0,6
752,54,-1.6172,8.457,-0.53711,0,8
752,54,-1.8789,8.3652,0.50391,0.33461,12
752,54,-1.6172,8.4727,0.14844,0.33461,15
752,54,-1.8867,8.3965,0.58984,0.66921,10
752,54,0.23633,3.7461,-0.47266,-0.33461,16
753,40,-0.25586,2.0273,-0.046875,0,12
753,40,-0.25977,2.0625,-0.10156,0,13
753,40,-0.26563,2.0996,-0.095703,0,10
753,40,-0.26953,2.1387,0.085938,0,11
753,40,-0.32422,2.0547,0.037109,0.33461,14
753,40,-0.33008,1.9863,0.6582,0.33461,17
753,40,-0.13477,2.0742,0.57617,0.33461,31
753,40,-0.068359,2.1484,0.44141,0.33461,27
753,40,0.13867,2.2227,0.14453,0.33461,19
753,40,0.070313,2.2676,0.068359,0.33461,24
753,40,0.072266,2.3066,0.035156,0.33461,19
753,40,-0.29883,2.3223,0.44531,0.33461,23
753,40,-3.7832,0,-0.15039,0.33461,18
753,40,-3.8203,0,-0.34961,0.33461,19
753,40,-0.3125,1.9707,0.19141,0.66921,14
753,40,-0.31836,2,0.26563,0.66921,36
753,40,-0.25977,2.0449,0.2793,0.66921,54
753,40,-0.26563,2.0781,0.32031,0.66921,35
753,40,-0.30664,1.8652,0.54492,1.0038,39
753,40,-0.25,1.9199,0.52344,1.0038,95
753,40,-0.25586,1.9609,0.50977,1.0038,89
753,40,-0.32422,2.0176,0.39648,1.0038,41
753,40,-0.26563,2.0645,0.39453,1.0038,25
753,40,-0.30664,1.8145,0.69336,1.3384,50
753,40,-0.3125,1.8633,0.67188,1.3384,150
753,40,-0.31836,1.9082,0.6543,1.3384,182
753,40,-0.32422,1.9512,0.64844,1.3384,95
753,40,-0.39648,2.0039,0.56055,1.3384,18
753,40,-0.36914,1.7246,0.87305,1.673,21
753,40,-0.375,1.7988,0.80078,1.673,74
753,40,-0.31836,1.8574,0.79102,1.673,102
753,40,-0.39063,1.8867,0.78516,1.673,60
753,40,-0.39648,1.9473,0.73242,1.673,13
753,40,0,2.1953,-0.0039063,-0.33461,25
753,40,0.070313,2.2168,-0.24414,-0.33461,31
753,40,0.14258,2.2383,-0.35547,-0.33461,28
753,40,0.2168,2.2637,-0.39258,-0.33461,19
753,40,0.074219,2.3438,-0.083984,-0.33461,15
753,40,-3.7832,0,-0.69922,-0.33461,32
753,40,-3.8203,0,-0.81641,-0.33461,30
754,38,-0.20313,2.1426,0.13477,0,8
754,38,-0.13672,2.1875,0.083984,0,35
754,38,-0.13867,2.2285,0.035156,0,42
754,38,-0.14258,2.2656,-0.027344,0,24
754,38,-0.072266,2.3047,-0.11719,0,10
754,38,-0.066406,2.1074,0.2168,0.33461,18
754,38,-0.13477,2.123,0.34961,0.33461,54
754,38,-0.20508,2.168,0.26563,0.33461,94
754,38,-0.20898,2.2148,0.18555,0.33461,87
754,38,-0.2832,2.2441,0.17969,0.33461,47
754,38,3.6289,0.92969,-0.015625,0.33461,19
754,38,-3.7832,0,-0.26563,0.33461,33
754,38,-3.8203,0,-0.32227,0.33461,24
754,38,-0.32422,1.9961,0.48633,0.66921,23
754,38,-0.26563,2.0449,0.48633,0.66921,47
754,38,-0.26953,2.0879,0.47266,0.66921,65
754,38,-0.20508,2.1484,0.39648,0.66921,70
754,38,-0.2793,2.1914,0.31641,0.66921,50
754,38,-0.2832,2.2344,0.28906,0.66921,23
754,38,-0.25977,1.9824,0.57422,1.0038,32
754,38,-0.33008,2.0391,0.4707,1.0038,36
754,38,-0.4043,2.0684,0.46094,1.0038,26
754,38,-0.41211,2.0898,0.52734,1.0038,22
754,38,-0.39063,1.875,0.81445,1.3384,11
754,38,-0.26953,1.9785,0.8125,1.3384,35
754,38,-0.27344,2.0273,0.79297,1.3384,31
754,38,-0.33789,1.9297,0.90234,1.673,16
754,38,0,2.0508,-0.35742,-0.33461,12
754,38,0,2.1035,-0.24805,-0.33461,21
754,38,0,2.1543,-0.080078,-0.33461,23
754,38,0,2.1875,0.18359,-0.33461,18
754,38,0.2832,2.2227,-0.36719,-0.33461,22
754,38,0.2168,2.2402,-0.50977,-0.33461,18
754,38,-3.7461,0,-0.53711,-0.33461,29
754,38,-3.666,0.66016,-0.66797,-0.33461,47
754,38,-3.8203,0,-0.7832,-0.33461,33
754,38,0,3.7441,-0.11328,0.33461,10
754,38,-0.49609,1.0918,1.9277,-0.33461,12
755,33,-0.20313,2.1465,0.052734,0,15
755,33,-0.13672,2.1895,0.015625,0,15
755,33,-0.070313,2.1895,0.43164,0,10
755,33,-0.14258,2.2598,0.17188,0,18
755,33,0,2.0801,-0.064453,0.33461,20
755,33,0.066406,2.1172,-0.064453,0.33461,29
755,33,0,2.1563,0.011719,0.33461,30
755,33,0.068359,2.1895,-0.11523,0.33461,33
755,33,0.070313,2.2305,0.011719,0.33461,49
755,33,0.070313,2.2676,-0.0625,0.33461,40
755,33,3.6289,0.92773,0.033203,0.33461,23
755,33,3.666,0.93164,-0.11133,0.33461,24
755,33,-0.13477,2.1152,0.39258,0.66921,20
755,33,0,2.1934,0.085938,0.66921,18
755,33,-0.48828,2.0859,0.625,0.66921,20
755,33,-0.42578,2.1582,0.5625,0.66921,17
755,33,-0.2832,2.1973,0.49609,1.0038,14
755,33,0,2.0566,-0.50586,-0.66921,13
755,33,0.13867,2.1719,-0.49805,-0.66921,14
755,33,0.14258,2.2012,-0.53906,-0.66921,15
755,33,0.064453,2.0566,-0.30859,-0.33461,28
755,33,0.066406,2.0938,-0.32227,-0.33461,39
755,33,0.068359,2.1309,-0.32031,-0.33461,29
755,33,0.068359,2.1816,-0.21875,-0.33461,25
755,33,0.13867,2.207,-0.30273,-0.33461,44
755,33,0.21289,2.2363,-0.33203,-0.33461,47
755,33,0.2168,2.2715,-0.35156,-0.33461,24
755,33,3.666,0.42969,-0.83398,-0.33461,12
755,33,-0.11719,3.7441,0.037109,0.33461,14
755,33,-0.48047,1.873,1.0371,0.66921,16
755,33,0.20898,2.2188,-0.13867,0.66921,16
755,33,0.2832,2.2422,0.21094,0.66921,11
755,33,0.23633,3.709,-0.71094,-0.33461,8
756,28,-0.068359,2.1445,0.2207,0,9
756,28,-0.13672,2.1855,0.13281,0,63
756,28,-0.13867,2.2227,0.13672,0,162
756,28,-0.21289,2.2559,0.13867,0,174
756,28,-0.2168,2.2949,0.10742,0,85
756,28,-0.2207,2.3359,0,0,18
756,28,-0.13672,2.1563,0.38281,0.33461,110
756,28,-0.20898,2.1934,0.35547,0.33461,306
756,28,-0.21289,2.2305,0.35938,0.33461,342
756,28,-0.2168,2.2734,0.33594,0.33461,174
756,28,-0.2207,2.3184,0.28516,0.33461,37
756,28,0.11914,3.7793,-0.13867,0.33461,15
756,28,-0.20508,2.125,0.50586,0.66921,61
756,28,-0.20898,2.168,0.49219,0.66921,178
756,28,-0.21289,2.2031,0.50391,0.66921,218
756,28,-0.2168,2.2402,0.50781,0.66921,126
756,28,-0.2207,2.2793,0.51172,0.66921,32
756,28,-0.34961,2.0742,0.74609,1.0038,18
756,28,-0.21289,2.1484,0.69922,1.0038,33
756,28,-0.2168,2.1699,0.75781,1.0038,26
756,28,0.2793,2.1191,-0.64648,-0.66921,12
756,28,0.35547,2.127,-0.70703,-0.66921,13
756,28,0.068359,2.041,-0.69531,-0.33461,15
756,28,0.20508,2.1172,-0.54102,-0.33461,19
756,28,0.2793,2.1738,-0.41797,-0.33461,38
756,28,0.21289,2.2051,-0.49414,-0.33461,39
756,28,0.14453,2.209,-0.64844,-0.33461,17
756,28,-1.418,0,3.7051,0.33461,14
757,20,-0.13672,2.1699,0.30078,0,14
757,20,-0.13867,2.2168,0.21289,0,46
757,20,-0.21289,2.248,0.22461,0,61
757,20,-0.14453,2.2852,0.28125,0,42
757,20,-0.2207,2.293,0.43945,0,17
757,20,-0.20508,2.0742,0.68359,0.33461,29
757,20,-0.20898,2.1816,0.42773,0.33461,119
757,20,-0.21289,2.2266,0.38867,0.33461,160
757,20,-0.14453,2.2656,0.41211,0.33461,98
757,20,-0.2207,2.2656,0.56445,0.33461,31
757,20,-0.27344,1.9629,0.93945,0.66921,10
757,20,-0.20898,2.1523,0.55273,0.66921,44
757,20,-0.21289,2.1953,0.53906,0.66921,61
757,20,-0.2168,2.2207,0.58789,0.66921,41
757,20,-0.2207,2.1934,0.80078,0.66921,16
757,20,-0.13867,2.2207,0.16797,-0.66921,14
757,20,-0.14258,2.2656,0.0058594,-0.66921,18
757,20,-0.13867,2.2148,0.24414,-0.33461,42
757,20,-0.070313,2.2656,0.10742,-0.33461,54
757,20,-0.2168,2.2969,0.070313,-0.33461,26
758,12,0,2.0742,-0.16016,0.33461,22
758,12,0,2.0957,-0.30859,0.33461,26
758,12,0,2.1406,-0.25586,0.33461,20
758,12,0.068359,2.1934,0.025391,0.33461,12
758,12,-0.21289,2.2363,0.32617,0.33461,26
758,12,-0.2168,2.2793,0.2832,0.33461,21
758,12,0,2.0195,-0.5,-0.33461,20
758,12,0,2.0527,-0.52734,-0.33461,24
758,12,0,2.1055,-0.46875,-0.33461,17
758,12,0.068359,2.1934,0.037109,-0.33461,11
758,12,-0.21289,2.2598,-0.023438,-0.33461,18
758,12,-0.14453,2.3027,-0.0625,-0.33461,15
759,18,0,2.0391,-0.12891,0.33461,12
759,18,0,2.0703,-0.20508,0.33461,33
759,18,0,2.0996,-0.28711,0.33461,45
759,18,0,2.1563,-0.064453,0.33461,44
759,18,0.068359,2.1758,0.28125,0.33461,40
759,18,0.070313,2.2227,0.18359,0.33461,32
759,18,0.21289,2.2598,-0.035156,0.33461,25
759,18,0.2168,2.2969,-0.066406,0.33461,13
759,18,0,2.0664,-0.25195,0.66921,11
759,18,0,2.1094,-0.20117,0.66921,15
759,18,0,2.1543,-0.10938,0.66921,15
759,18,0.068359,2.1816,0.22266,0.66921,14
759,18,0.064453,2.0195,-0.49609,-0.33461,27
759,18,0,2.0508,-0.53516,-0.33461,36
759,18,0.068359,2.125,-0.35547,-0.33461,36
759,18,0.068359,2.1934,-0.021484,-0.33461,32
759,18,0.13867,2.2246,-0.10547,-0.33461,29
759,18,0.21289,2.2383,-0.31445,-0.33461,22
760,20,0,2.0742,-0.16016,0.33461,35
760,20,0,2.1133,-0.13867,0.33461,58
760,20,0.068359,2.1563,0.0019531,0.33461,60
760,20,0.13672,2.1738,0.25977,0.33461,41
760,20,0,2.125,0.68359,0.33461,11
760,20,0.21289,2.0664,-0.91602,0.33461,9
760,20,0,2.1191,0.019531,0.66921,18
760,20,0,2.1543,0.09375,0.66921,19
760,20,0.068359,2.168,0.33008,0.66921,13
760,20,0.066406,2.0469,-0.54492,-0.66921,16
760,20,0.068359,2.1152,-0.41797,-0.66921,17
760,20,0.068359,2.1875,-0.16406,-0.66921,11
760,20,0.064453,2.0371,-0.41406,-0.33461,30
760,20,0.066406,2.084,-0.37305,-0.33461,50
760,20,0.068359,2.1387,-0.26172,-0.33461,51
760,20,0.068359,2.1934,0,-0.33461,37
760,20,0,2.1797,0.48438,-0.33461,11
760,20,0.35547,1.8809,-1.2207,-0.33461,8
760,20,-0.56836,1.8164,1.2383,0.33461,5
760,20,-0.56836,1.9395,1.0332,-0.33461,5
761,13,0,2.0781,-0.11328,0.33461,34
761,13,0,2.1133,-0.13867,0.33461,56
761,13,0,2.1543,-0.099609,0.33461,54
761,13,0,2.1953,0.0058594,0.33461,27
761,13,0,2.1191,0,0.66921,20
761,13,0,2.1563,0.0078125,0.66921,19
761,13,0.066406,2.0547,-0.51172,-0.66921,17
761,13,0.068359,2.1094,-0.44727,-0.66921,16
761,13,0,2.043,-0.39258,-0.33461,30
761,13,0.066406,2.0801,-0.39258,-0.33461,50
761,13,0.068359,2.127,-0.34961,-0.33461,47
761,13,0,2.1855,-0.18945,-0.33461,23
761,13,0.14258,2.2656,-0.050781,-0.33461,11
762,10,0,2.0762,-0.14063,0.33461,15
762,10,0.066406,2.1172,-0.070313,0.33461,21
762,10,0,2.1563,-0.029297,0.33461,18
762,10,0.068359,2.1934,0.029297,0.33461,19
762,10,0.13867,2.2246,-0.10938,0.33461,15
762,10,0.21289,2.25,-0.21289,0.33461,11
762,10,0,2.084,-0.38477,-0.33461,16
762,10,0,2.1309,-0.33594,-0.33461,15
762,10,0.068359,2.1895,-0.12891,-0.33461,17
762,10,0.20898,2.2051,-0.2793,-0.33461,15
763,5,0,2.1602,0.38281,0.33461,12
763,5,0,2.2168,0.25977,0.33461,18
763,5,0,2.2617,0.19531,0.33461,15
763,5,0.068359,2.1582,0.38477,-0.33461,12
763,5,0,2.2324,0.042969,-0.33461,16
796,23,-0.26953,2.1055,-0.38477,0,10
796,23,-0.20508,2.1367,-0.45508,0,25
796,23,-0.20898,2.1797,-0.42969,0,30
796,23,-0.21289,2.2109,-0.46875,0,16
796,23,0,2.1172,-0.058594,0.33461,15
796,23,-0.27344,2.1328,-0.43359,0.33461,20
796,23,-0.13867,2.209,-0.29492,0.33461,32
796,23,0,2.2539,-0.27148,0.33461,23
796,23,0.28906,2.2852,-0.14453,0.33461,11
796,23,3.666,0.84961,-0.40039,0.33461,17
796,23,-3.8203,0,-0.36133,0.33461,16
796,23,-0.20898,2.2129,-0.21289,0.66921,11
796,23,-0.20508,2.0586,-0.73047,-0.66921,22
796,23,-0.13867,2.1094,-0.7168,-0.66921,30
796,23,-0.14258,2.125,-0.78516,-0.66921,17
796,23,0,2.0879,-0.35742,-0.33461,13
796,23,-0.26953,2.0723,-0.53125,-0.33461,21
796,23,-0.20508,2.0957,-0.61523,-0.33461,61
796,23,-0.13867,2.1445,-0.59961,-0.33461,80
796,23,-0.14258,2.1641,-0.67188,-0.33461,47
796,23,3.666,0.72852,-0.5918,-0.33461,18
796,23,-3.8203,0,-0.67383,-0.33461,15
796,23,-2.3652,0,3.3965,0.33461,9
797,49,-0.26563,2.0996,-0.10742,0,32
797,49,-0.20313,2.1367,-0.2168,0,124
797,49,-0.27344,2.1621,-0.25977,0,171
797,49,-0.2793,2.1934,-0.30469,0,83
797,49,0,2.2461,0.33594,0,10
797,49,-0.2168,2.2832,-0.25586,0,18
797,49,3.5918,0.87695,-0.2793,0,20
797,49,3.6289,0.8457,-0.38672,0,32
797,49,3.5469,1.2129,-0.51367,0,24
797,49,0,2.1152,-0.13672,0.33461,26
797,49,0.13477,2.1426,-0.20313,0.33461,21
797,49,-0.27344,2.1738,0.13281,0.33461,38
797,49,-0.20898,2.2188,0.13867,0.33461,50
797,49,-0.21289,2.2539,0.17773,0.33461,36
797,49,-0.14453,2.2988,0.1543,0.33461,20
797,49,3.666,0.92773,-0.14648,0.33461,15
797,49,3.7012,0.91797,-0.23828,0.33461,19
797,49,-0.2793,2.1895,0.33008,0.66921,11
797,49,-0.21289,2.2461,0.25781,0.66921,11
797,49,-0.19922,1.9766,-0.73828,-1.0038,20
797,49,-0.20313,2.0371,-0.67969,-1.0038,39
797,49,-0.20508,2.0781,-0.67578,-1.0038,53
797,49,-0.20898,2.1113,-0.69531,-1.0038,38
797,49,-0.14258,2.1602,-0.68359,-1.0038,15
797,49,-0.19922,2.0508,-0.49414,-0.66921,62
797,49,-0.20313,2.0859,-0.50586,-0.66921,197
797,49,-0.20508,2.1152,-0.54883,-0.66921,273
797,49,-0.20898,2.1328,-0.62305,-0.66921,149
797,49,-0.35547,1.873,-1.2324,-0.66921,13
797,49,-3.7461,0,-0.85742,-0.66921,31
797,49,-0.19922,2.082,-0.33984,-0.33461,84
797,49,-0.20313,2.1133,-0.38281,-0.33461,269
797,49,-0.20508,2.1426,-0.42773,-0.33461,351
797,49,-0.2793,2.1445,-0.55078,-0.33461,155
797,49,-0.070313,2.2656,0.13281,-0.33461,38
797,49,-0.2168,2.2969,-0.070313,-0.33461,45
797,49,3.5918,0.80859,-0.43945,-0.33461,35
797,49,3.6289,0.66602,-0.64648,-0.33461,54
797,49,3.666,0.48828,-0.80078,-0.33461,38
797,49,-2.5488,0,3.3652,0,12
797,49,-2.5742,0,3.3555,0,19
797,49,-2.4824,0,3.2852,0,15
797,49,-0.60742,1.4824,1.4453,0.33461,15
797,49,-1.3008,0,3.6992,0.33461,9
797,49,2.1992,0,-0.68359,-0.66921,9
797,49,-2.459,1.0859,2.6094,-0.66921,18
797,49,-1.2754,1.2676,3.2422,-0.33461,23
797,49,-2.5742,0,2.9746,-0.33461,32
797,49,-2.6016,0,3.0039,-0.33461,24
798,60,0,2.1055,-0.24023,0,13
798,60,-0.13477,2.1504,-0.082031,0,24
798,60,-0.20508,2.1836,-0.029297,0,33
798,60,-0.20898,2.2188,-0.13672,0,32
798,60,-0.14258,2.2422,-0.32031,0,20
798,60,-4.043,1.082,5.3711,0,11
798,60,0,2.0703,-0.20117,0.33461,35
798,60,0,2.1133,-0.14648,0.33461,75
798,60,0,2.1543,-0.083984,0.33461,86
798,60,0,2.1934,0.019531,0.33461,68
798,60,0,2.2305,0.09375,0.33461,47
798,60,0.070313,2.2598,0.19531,0.33461,30
798,60,0.072266,2.3047,0.070313,0.33461,23
798,60,0,2.3379,-0.18359,0.33461,17
798,60,0,2.0801,-0.054688,0.66921,12
798,60,0,2.1172,-0.052734,0.66921,25
798,60,0,2.1563,0.039063,0.66921,29
798,60,0,2.1895,0.15625,0.66921,23
798,60,0,2.1895,0.43164,0.66921,15
798,60,-0.25586,1.8555,-0.81641,-2.0076,16
798,60,-0.19531,1.8965,-0.83594,-2.0076,23
798,60,-0.19922,1.9121,-0.88867,-2.0076,16
798,60,-0.25,1.8672,-0.68555,-1.673,18
798,60,-0.19141,1.9023,-0.7207,-1.673,66
798,60,-0.19531,1.9434,-0.71875,-1.673,99
798,60,-0.19922,1.9805,-0.72656,-1.673,70
798,60,-0.20313,1.9863,-0.81445,-1.673,23
798,60,-0.25,1.9141,-0.54102,-1.3384,20
798,60,-0.19141,1.9531,-0.57031,-1.3384,84
798,60,-0.19531,1.9824,-0.59961,-1.3384,147
798,60,-0.19922,2.0117,-0.63477,-1.3384,124
798,60,-0.20313,2.0352,-0.68359,-1.3384,53
798,60,-0.19141,1.9805,-0.46094,-1.0038,43
798,60,-0.19531,2.0137,-0.49023,-1.0038,96
798,60,-0.19922,2.041,-0.5293,-1.0038,100
798,60,-0.26953,2.0566,-0.5918,-1.0038,47
798,60,-0.25977,2.0313,-0.37109,-0.66921,23
798,60,-0.19922,2.0703,-0.4043,-0.66921,28
798,60,0.068359,2.0313,-0.72266,-0.66921,14
798,60,-0.34375,2.123,-0.4375,-0.66921,20
798,60,-0.20898,2.1348,-0.61914,-0.66921,26
798,60,0,2.2148,-0.49805,-0.66921,22
798,60,0,2.2559,-0.48828,-0.66921,12
798,60,0,2.041,-0.40039,-0.33461,27
798,60,0,2.0762,-0.41992,-0.33461,52
798,60,0.068359,2.1094,-0.44531,-0.33461,48
798,60,-0.48047,1.5996,-1.4238,-0.33461,29
798,60,-0.13867,2.1758,-0.47656,-0.33461,48
798,60,0,2.2441,-0.3457,-0.33461,54
798,60,0.072266,2.293,-0.24609,-0.33461,31
798,60,0,2.3301,-0.26367,-0.33461,9
798,60,-4.0215,1.8105,5.1406,-0.33461,27
798,60,-3.8301,2.9063,4.8223,-0.33461,31
798,60,-1.916,6.5352,0.0019531,0,7
798,60,-0.53906,2.0645,0.31445,-0.66921,12
798,60,-0.9375,0.75781,1.9688,-0.66921,7
798,60,0.27344,2.1602,-0.27344,-0.33461,27
798,60,-2.2715,0.54688,-0.19922,-0.33461,5
798,60,-1.6934,6.4629,-1.1113,-0.33461,20
798,60,-1.7031,6.5098,-1.0508,-0.33461,22
799,64,-0.26563,2.1016,0.029297,0,19
799,64,-0.26953,2.1387,-0.072266,0,23
799,64,-0.27344,2.1621,-0.25586,0,20
799,64,-0.2793,2.1758,-0.41016,0,19
799,64,-0.21289,2.2402,-0.29297,0,23
799,64,-0.2168,2.2871,-0.22852,0,15
799,64,-3.998,2.082,5.0039,0,19
799,64,-4.0215,2.6465,4.7637,0,33
799,64,-4.043,2.5977,4.8262,0,30
799,64,6.709,5.2344,-1.1582,0,9
799,64,7.0078,4.7891,-1.5313,0,9
799,64,0.13281,2.1133,-0.085938,0.33461,21
799,64,0.13477,2.1484,0.12695,0.33461,47
799,64,0.068359,2.1719,0.30859,0.33461,51
799,64,-0.2793,1.6035,1.5273,0.33461,24
799,64,-0.21289,2.252,-0.18164,0.33461,43
799,64,-0.14453,2.3027,-0.025391,0.33461,38
799,64,-0.14648,2.3398,-0.074219,0.33461,22
799,64,0.068359,2.1445,0.22461,0.66921,16
799,64,0,2.1484,0.44922,0.66921,18
799,64,-0.21289,2.2598,-0.0078125,0.66921,15
799,64,-0.14453,2.3008,0.09375,0.66921,16
799,64,-0.074219,2.2891,-0.66016,0.66921,16
799,64,0,2.3027,-0.45117,1.0038,16
799,64,0,2.334,-0.48242,1.0038,22
799,64,0,2.3613,-0.53516,1.0038,13
799,64,0,2.3535,-0.38086,1.3384,11
799,64,-0.23633,1.7949,-0.54492,-1.673,23
799,64,-0.24023,1.8242,-0.58008,-1.673,31
799,64,-0.30664,1.8496,-0.5957,-1.673,19
799,64,-0.23633,1.8164,-0.47266,-1.3384,25
799,64,-0.24023,1.8574,-0.46484,-1.3384,33
799,64,-0.30664,1.8691,-0.5293,-1.3384,19
799,64,-0.36133,1.8496,-0.41406,-1.0038,8
799,64,-0.30664,1.9219,-0.28906,-1.0038,12
799,64,-0.3125,1.959,-0.28711,-1.0038,20
799,64,-0.31836,1.9902,-0.33203,-1.0038,16
799,64,-0.3125,1.9707,-0.20313,-0.66921,13
799,64,-0.25977,2.043,-0.29688,-0.66921,11
799,64,-0.19922,2.0684,-0.41602,-0.66921,22
799,64,-0.068359,2.125,-0.35938,-0.66921,30
799,64,0,2.1836,-0.21094,-0.66921,22
799,64,-0.28906,2.2637,-0.33984,-0.66921,12
799,64,-0.14648,2.3223,-0.29297,-0.66921,12
799,64,-3.8086,3.998,3.9219,-0.66921,32
799,64,-4.043,3.3965,4.3008,-0.66921,29
799,64,-0.13086,2.0625,-0.23828,-0.33461,16
799,64,-0.066406,2.0996,-0.27344,-0.33461,45
799,64,0,2.1484,-0.19336,-0.33461,66
799,64,0,2.1914,-0.09375,-0.33461,58
799,64,-0.070313,2.2246,0.16797,-0.33461,28
799,64,-0.2832,2.248,0.12109,-0.33461,21
799,64,-0.14453,2.3008,-0.125,-0.33461,24
799,64,-0.2207,2.3281,-0.17578,-0.33461,17
799,64,-3.998,2.8691,4.5977,-0.33461,41
799,64,-3.8086,3.6367,4.2578,-0.33461,73
799,64,-3.8301,3.6094,4.3203,-0.33461,66
799,64,-3.8516,3.3477,4.5664,-0.33461,33
799,64,6.9785,4.7051,-1.7129,-0.33461,15
799,64,7.0078,4.6641,-1.8789,-0.33461,15
799,64,-2.1055,6.375,-0.53711,0,11
799,64,0,0.89648,-6.7129,0,20
799,64,-0.42578,3.834,-5.6113,0,17
799,64,-1.3418,8.3633,-1.416,0,5
800,52,-0.36133,1.8926,0.087891,0,12
800,52,-0.36914,1.9297,0.10156,0,16
800,52,-0.375,1.9688,-0.0078125,0,12
800,52,-0.20898,2.2148,-0.17773,0,33
800,52,-0.21289,2.25,-0.21289,0,28
800,52,-0.73242,1.7598,-1.3672,0,16
800,52,-0.82031,1.3242,-1.8047,0,13
800,52,3.666,0.83789,-0.42188,0,19
800,52,-3.8203,0,-0.55273,0,21
800,52,-0.064453,2.0703,-0.19922,0.33461,15
800,52,-0.066406,2.1133,-0.13672,0.33461,36
800,52,-0.068359,2.1563,-0.0019531,0.33461,60
800,52,0,2.1855,0.19531,0.33461,58
800,52,0,2.1875,0.44336,0.33461,39
800,52,-0.070313,2.2285,0.42969,0.33461,32
800,52,-3.7832,0,-0.45898,0.33461,20
800,52,-3.8203,0,-0.44727,0.33461,28
800,52,3.7383,0.69141,-0.66211,0.33461,15
800,52,-1.0918,5.709,0.40234,0.33461,30
800,52,-0.13281,2.1133,0.050781,0.66921,13
800,52,-0.068359,2.1523,0.10156,0.66921,21
800,52,0,2.1719,0.31836,0.66921,19
800,52,0,2.1055,0.74023,0.66921,11
800,52,-0.38086,1.6895,-0.17773,-1.0038,22
800,52,-0.38867,1.7168,-0.25586,-1.0038,25
800,52,-0.33984,1.7598,-0.29102,-1.0038,18
800,52,-0.38086,1.6973,-0.052734,-0.66921,22
800,52,-0.33398,1.7422,-0.11914,-0.66921,27
800,52,-0.33984,1.7715,-0.21094,-0.66921,23
800,52,-0.34766,1.8086,-0.21484,-0.66921,19
800,52,-0.29492,1.8633,-0.14648,-0.66921,17
800,52,-0.30078,1.9004,-0.14453,-0.66921,23
800,52,-0.30664,1.9316,-0.21875,-0.66921,32
800,52,-0.79297,1.0703,-1.8848,-0.66921,17
800,52,-0.73242,1.3398,-1.7793,-0.66921,22
800,52,-0.40625,1.8086,-0.052734,-0.33461,13
800,52,-0.35547,1.8574,0.027344,-0.33461,18
800,52,-0.30078,1.9063,-0.017578,-0.33461,28
800,52,-0.30664,1.9414,-0.074219,-0.33461,37
800,52,-0.25,1.9844,-0.14063,-0.33461,28
800,52,0,2.1465,-0.21289,-0.33461,49
800,52,0.068359,2.1934,-0.015625,-0.33461,38
800,52,-0.34961,2.0879,-0.70703,-0.33461,31
800,52,0,2.209,-0.52734,-0.33461,28
800,52,-0.79297,1.166,-1.8262,-0.33461,23
800,52,-0.73242,1.5742,-1.5762,-0.33461,31
800,52,-0.74414,1.3086,-1.8477,-0.33461,21
800,52,-0.72852,5.7344,-0.72656,-0.33461,31
800,52,-0.85156,0.88086,-1.9121,0.33461,18
800,52,0.43359,0,-2.2891,-0.66921,10
800,52,0.2168,0.63086,2.209,-0.33461,17
800,52,0.36719,1.0488,2.0664,-0.33461,16
801,48,-0.43555,1.6836,-0.085938,0,12
801,48,-0.38867,1.7344,-0.064453,0,28
801,48,-0.39648,1.7695,-0.095703,0,30
801,48,-0.34766,1.8164,-0.13477,0,14
801,48,-0.36133,1.8945,-0.019531,0,15
801,48,-0.068359,2.1465,-0.20313,0,36
801,48,0,2.168,-0.3418,0,21
801,48,-0.14258,2.2656,0.0078125,0,22
801,48,-0.14453,2.2891,-0.25,0,25
801,48,-0.14648,2.332,-0.20313,0,22
801,48,-0.22266,2.373,-0.017578,0,14
801,48,-0.42578,1.6484,-0.019531,0.33461,12
801,48,-0.43555,1.6855,0.033203,0.33461,28
801,48,-0.38867,1.7344,0.056641,0.33461,56
801,48,-0.39648,1.7715,0.035156,0.33461,56
801,48,-0.40625,1.8086,-0.03125,0.33461,25
801,48,-0.30078,1.9023,0.10742,0.33461,28
801,48,0,2.1953,-0.0039063,0.33461,43
801,48,-0.13867,2.2246,0.13281,0.33461,48
801,48,-0.070313,2.2656,0.11523,0.33461,52
801,48,0,2.3047,0.10352,0.33461,34
801,48,0.074219,2.3418,0.12891,0.33461,22
801,48,-0.53125,1.6152,0.078125,0.66921,14
801,48,-0.43555,1.6816,0.11523,0.66921,24
801,48,-0.38867,1.7285,0.16211,0.66921,36
801,48,-0.39648,1.7656,0.15625,0.66921,34
801,48,-0.40625,1.8086,0.041016,0.66921,15
801,48,0,2.3086,-0.41602,-1.0038,12
801,48,0,2.0742,-0.43555,-0.66921,27
801,48,0,2.1074,-0.45508,-0.66921,36
801,48,0,2.1387,-0.49414,-0.66921,27
801,48,0,2.1152,-0.71289,-0.66921,13
801,48,0,2.209,-0.52344,-0.66921,20
801,48,-0.072266,2.2754,-0.37891,-0.66921,40
801,48,-0.14648,2.3125,-0.37109,-0.66921,42
801,48,-0.14844,2.3574,-0.31641,-0.66921,23
801,48,0,2.0566,-0.31055,-0.33461,27
801,48,0,2.0918,-0.33594,-0.33461,67
801,48,0,2.1309,-0.33203,-0.33461,95
801,48,0,2.1621,-0.375,-0.33461,74
801,48,0,2.1992,-0.38867,-0.33461,42
801,48,0,2.2188,-0.47656,-0.33461,49
801,48,0,2.2363,-0.57227,-0.33461,58
801,48,0,2.293,-0.49414,-0.33461,49
801,48,-0.074219,2.3711,-0.23242,-0.33461,30
801,48,-0.15039,2.416,0.0058594,-0.33461,22
801,48,-1.2266,0,2.1289,0.33461,18
801,48,-1.1719,0,2.2012,0.33461,14
802,64,0,2.0273,-0.25391,0,13
802,64,0,2.0586,-0.30859,0,33
802,64,0,2.0801,-0.40234,0,31
802,64,0,2.1934,-0.03125,0,23
802,64,-0.13867,2.2266,-0.037109,0,35
802,64,-0.14258,2.2637,-0.078125,0,29
802,64,-0.2168,2.2969,-0.080078,0,14
802,64,-1.0918,5.7129,0.3418,0,15
802,64,-1.0996,5.7539,0.27539,0,18
802,64,-0.36133,1.8945,0.058594,0.33461,13
802,64,-0.36914,1.9316,0.011719,0.33461,27
802,64,-0.3125,1.9805,-0.033203,0.33461,27
802,64,-0.12695,2.0371,-0.070313,0.33461,33
802,64,0,2.0742,-0.16992,0.33461,95
802,64,0,2.1113,-0.18555,0.33461,157
802,64,0.068359,2.1484,-0.16406,0.33461,145
802,64,0,2.1914,-0.10742,0.33461,82
802,64,0,2.2324,0.017578,0.33461,38
802,64,-0.21289,2.25,0.21094,0.33461,23
802,64,3.666,0.92383,-0.16602,0.33461,13
802,64,-3.7012,0.90234,-0.28906,0.33461,20
802,64,-0.91016,5.7129,0.6875,0.33461,32
802,64,-4.2324,1.5879,-5.043,0.33461,23
802,64,-4.2559,1.6133,-5.0645,0.33461,23
802,64,-0.36133,1.8867,0.1875,0.66921,27
802,64,-0.30664,1.9375,0.15039,0.66921,52
802,64,-0.3125,1.9785,0.10742,0.66921,53
802,64,-0.31836,2.0176,0.052734,0.66921,31
802,64,0,2.0801,0.039063,0.66921,36
802,64,0,2.1191,-0.044922,0.66921,59
802,64,0,2.1563,-0.035156,0.66921,54
802,64,0,2.1953,0.0019531,0.66921,30
802,64,-0.13867,2.209,0.28711,0.66921,18
802,64,-4.0215,3.2344,-4.3848,0.66921,14
802,64,-4.043,3.1035,-4.5156,0.66921,14
802,64,-0.46289,1.7695,0.30664,1.0038,21
802,64,-0.47266,1.8223,0.19336,1.0038,15
802,64,-0.36133,1.877,0.26758,1.0038,13
802,64,-0.30664,1.9238,0.26953,1.0038,30
802,64,-0.375,1.9531,0.25391,1.0038,34
802,64,-0.38281,1.998,0.19141,1.0038,22
802,64,-0.39648,1.7129,0.45313,1.3384,27
802,64,-0.40625,1.7656,0.39648,1.3384,45
802,64,-0.41406,1.8105,0.35547,1.3384,44
802,64,-0.42188,1.8574,0.31055,1.3384,18
802,64,-0.50391,1.9883,1.7344,1.3384,16
802,64,-0.45313,1.6582,0.58398,1.673,22
802,64,-0.40625,1.7246,0.54492,1.673,25
802,64,-0.41406,1.7754,0.50391,1.673,22
802,64,-0.49609,1.3926,2.1973,1.673,15
802,64,-0.41992,1.9043,1.8477,1.673,25
802,64,-0.51172,2.043,1.7285,1.673,19
802,64,0.064453,1.998,-0.57813,-0.66921,14
802,64,0.066406,2.043,-0.55664,-0.66921,36
802,64,0.068359,2.084,-0.54688,-0.66921,50
802,64,0.068359,2.1328,-0.51367,-0.66921,39
802,64,0,2.1777,-0.49219,-0.66921,22
802,64,0,2.2227,-0.46484,-0.66921,15
802,64,0.064453,2.0332,-0.44141,-0.33461,41
802,64,0.066406,2.0742,-0.42383,-0.33461,105
802,64,0.068359,2.1191,-0.39453,-0.33461,142
802,64,0.068359,2.1621,-0.36523,-0.33461,109
802,64,0.070313,2.2031,-0.34961,-0.33461,57
802,64,0.070313,2.2539,-0.26367,-0.33461,38
803,34,-0.21289,2.2578,0.11914,0,15
803,34,-0.14453,2.3008,0.10547,0,18
803,34,-0.14648,2.334,0.17188,0,12
803,34,0,2.0605,-0.28711,0.33461,14
803,34,0,2.1055,-0.23242,0.33461,53
803,34,0,2.1445,-0.22852,0.33461,86
803,34,0,2.1836,-0.22656,0.33461,73
803,34,-0.13867,2.2266,-0.064453,0.33461,38
803,34,0,2.2559,-0.24805,0.33461,31
803,34,0,2.2969,-0.22656,0.33461,40
803,34,0,2.3438,-0.10938,0.33461,27
803,34,-3.7832,0,-0.45313,0.33461,20
803,34,-3.7012,0.83594,-0.44727,0.33461,20
803,34,-0.72852,5.7461,0.63281,0.33461,23
803,34,-0.31836,2.0078,0.20117,0.66921,20
803,34,-0.13281,2.1113,0.13086,0.66921,24
803,34,-0.13477,2.1504,0.064453,0.66921,41
803,34,-0.13672,2.1895,0.0039063,0.66921,33
803,34,-0.375,1.8242,0.74023,1.3384,19
803,34,-0.43945,1.7891,0.79297,1.673,17
803,34,0.066406,1.9688,-0.7793,-0.66921,21
803,34,0.068359,2.0195,-0.75,-0.66921,32
803,34,0.068359,2.0352,-0.81641,-0.66921,24
803,34,0.064453,1.9551,-0.71094,-0.33461,18
803,34,0.066406,2.0273,-0.61328,-0.33461,63
803,34,0.068359,2.0605,-0.63281,-0.33461,94
803,34,0.068359,2.0859,-0.67969,-0.33461,73
803,34,-0.070313,2.1211,-0.69141,-0.33461,29
803,34,0.35547,2.1523,-0.62695,-0.33461,19
803,34,0.36133,2.1465,-0.76953,-0.33461,24
803,34,-3.7832,0,-0.77539,-0.33461,27
803,34,-3.7012,0.54297,-0.77539,-0.33461,28
803,34,-0.54688,5.8008,-0.074219,-0.33461,21
803,34,-0.35547,0.38867,2.209,-0.33461,13
804,55,-0.20313,2.1465,0.058594,0,15
804,55,-0.20508,2.1797,0.13477,0,24
804,55,-0.20898,2.2227,-0.0097656,0,15
804,55,-0.26953,0.56055,2.8066,0,27
804,55,-0.27344,1.4492,2.5117,0,43
804,55,-0.27734,2.4824,1.5703,0,30
804,55,0.13281,2.0469,-0.5293,0.33461,14
804,55,-0.20313,2.1406,0.16406,0.33461,39
804,55,-0.13672,2.1875,0.10547,0.33461,63
804,55,-0.20898,2.2168,0.14648,0.33461,39
804,55,0.14258,2.2559,-0.20898,0.33461,41
804,55,0.14453,2.293,-0.22266,0.33461,33
804,55,-0.26953,1.3379,-2.5313,0.33461,50
804,55,-0.27344,0.50586,2.8555,0.33461,81
804,55,-0.36914,1.8906,2.2363,0.33461,56
804,55,3.6289,0.92773,0.027344,0.33461,17
804,55,-3.7832,0,-0.19531,0.33461,39
804,55,-3.8203,0,-0.22852,0.33461,38
804,55,-3.8594,0,-0.4082,0.33461,15
804,55,7.3105,4.2188,1.957,0.33461,13
804,55,-0.38281,1.9629,0.41602,0.66921,12
804,55,-0.25977,2.0273,0.39258,0.66921,32
804,55,-0.33008,2.0527,0.4082,0.66921,54
804,55,-0.26953,2.0918,0.45313,0.66921,53
804,55,-0.20508,2.1563,0.34766,0.66921,43
804,55,-0.2793,2.1914,0.31641,0.66921,23
804,55,-0.35938,1.541,-2.4004,0.66921,33
804,55,-0.36328,0.39258,-2.8633,0.66921,58
804,55,-0.36914,1.7695,2.332,0.66921,45
804,55,-0.31836,1.9434,0.54492,1.0038,24
804,55,-0.25977,2.0117,0.46484,1.0038,42
804,55,-0.26563,2.0625,0.4082,1.0038,48
804,55,-0.33789,2.0938,0.38867,1.0038,33
804,55,3.1777,1.3105,1.1719,1.0038,20
804,55,-0.31836,1.8965,0.6875,1.3384,14
804,55,-0.32422,1.9492,0.65039,1.3384,19
804,55,0.2832,2.1055,-0.80078,-0.66921,14
804,55,-3.666,0.47852,-0.80664,-0.66921,17
804,55,-3.7012,0,-1.0098,-0.66921,17
804,55,0.066406,1.9863,-0.73633,-0.33461,24
804,55,0,1.9844,-0.84375,-0.33461,23
804,55,0,2.1191,-0.56641,-0.33461,14
804,55,0.070313,2.1406,-0.62891,-0.33461,15
804,55,0.21289,2.1836,-0.58398,-0.33461,43
804,55,0.28906,2.2051,-0.61523,-0.33461,35
804,55,3.6289,0.72266,-0.58398,-0.33461,21
804,55,-3.7832,0,-0.68164,-0.33461,49
804,55,-3.8203,0,-0.77148,-0.33461,48
804,55,-3.7383,0,-0.97852,-0.33461,21
804,55,-0.39648,1.9648,0.68359,0.33461,13
804,55,-2.459,0,-3.3613,0.33461,9
804,55,-1.625,8.4121,-1.2949,0.33461,9
804,55,-1.3613,1.2637,-3.1211,1.0038,18
804,55,-1.3008,2.3535,2.6602,-0.66921,9
804,55,-1.1699,1.5645,3.1953,-0.33461,11
805,40,-0.20313,2.1445,0.11328,0,29
805,40,-0.13672,2.1875,0.083984,0,62
805,40,-0.20898,2.2227,0.029297,0,64
805,40,-0.14258,2.2656,-0.035156,0,36
805,40,-0.072266,2.3027,-0.12695,0,13
805,40,-0.26953,2.1074,0.36719,0.33461,60
805,40,-0.27344,2.1523,0.33203,0.33461,145
805,40,-0.2793,2.1875,0.34375,0.33461,147
805,40,-0.2832,2.2168,0.40039,0.33461,72
805,40,-0.14453,2.2754,0.35938,0.33461,22
805,40,-3.7832,0,-0.35742,0.33461,39
805,40,-3.8203,0,-0.34961,0.33461,36
805,40,-0.33789,2.0762,0.47461,0.66921,73
805,40,-0.27344,2.125,0.47461,0.66921,179
805,40,-0.2793,2.1641,0.47266,0.66921,166
805,40,-0.2832,2.2012,0.47852,0.66921,66
805,40,-0.47266,2.0645,0.41211,1.0038,17
805,40,-0.34375,2.1016,0.53125,1.0038,60
805,40,-0.2793,2.1465,0.54492,1.0038,59
805,40,-0.2832,2.2129,0.41992,1.0038,17
805,40,-0.26953,1.9492,0.88281,1.3384,13
805,40,-0.27344,2.0273,0.79492,1.3384,15
805,40,-3.7832,0,-1.0293,-0.66921,18
805,40,-3.8203,0,-1.0273,-0.66921,16
805,40,0,2.1172,-0.074219,-0.33461,19
805,40,0.068359,2.1504,-0.14844,-0.33461,29
805,40,0,2.1777,0.26953,-0.33461,35
805,40,0.13867,2.0781,-0.80469,-0.33461,30
805,40,0.21289,2.2285,-0.37891,-0.33461,44
805,40,0.2168,2.2754,-0.32227,-0.33461,33
805,40,0.14648,2.3223,-0.29297,-0.33461,14
805,40,-3.7461,0,-0.56641,-0.33461,27
805,40,-3.7832,0,-0.6543,-0.33461,54
805,40,-3.7012,0.54688,-0.77344,-0.33461,47
805,40,-3.6172,0.89648,-1,-0.33461,16
805,40,0.11914,3.7793,-0.10352,0.33461,25
805,40,0,3.8203,0.072266,0.33461,19
805,40,0.23633,3.6895,-0.80859,-0.66921,11
805,40,0.23438,3.7227,-0.33398,-0.33461,17
805,40,0.35547,3.7383,-0.46289,-0.33461,29
806,59,-0.26953,2.1348,-0.14844,0,9
806,59,-0.20508,2.1797,0.13867,0,114
806,59,-0.20898,2.2168,0.16992,0,313
806,59,-0.21289,2.2539,0.16602,0,354
806,59,-0.2168,2.293,0.13672,0,170
806,59,-0.2207,2.3359,0.041016,0,28
806,59,-1.2871,0,-3.6074,0,11
806,59,3.5469,1.3086,0.14844,0,20
806,59,3.582,1.2891,0.32813,0,22
806,59,0,2.1055,-0.23242,0.33461,14
806,59,-0.13477,2.1465,0.14648,0.33461,23
806,59,-0.20508,2.1719,0.24219,0.33461,226
806,59,-0.20898,2.2031,0.28516,0.33461,665
806,59,-0.21289,2.2422,0.28516,0.33461,773
806,59,-0.2168,2.2832,0.24805,0.33461,389
806,59,-0.14648,2.334,0.17578,0.33461,71
806,59,3.5117,1.2871,0.19922,0.33461,32
806,59,3.5469,1.2988,0.21094,0.33461,64
806,59,3.582,1.3047,0.25781,0.33461,60
806,59,3.6172,1.3145,0.27539,0.33461,29
806,59,-0.20313,2.1387,0.17969,0.66921,15
806,59,-0.20508,2.1426,0.43164,0.66921,156
806,59,-0.20898,2.1719,0.4668,0.66921,460
806,59,-0.21289,2.209,0.47461,0.66921,553
806,59,-0.2168,2.25,0.46289,0.66921,284
806,59,-0.2207,2.2891,0.46484,0.66921,59
806,59,3.5117,1.1992,0.51172,0.66921,19
806,59,3.5469,1.1992,0.54492,0.66921,38
806,59,3.582,1.168,0.63672,0.66921,38
806,59,3.6172,1.1445,0.70117,0.66921,20
806,59,-0.27344,2.0918,0.60547,1.0038,25
806,59,-0.2793,2.1016,0.69727,1.0038,79
806,59,-0.21289,2.1406,0.72461,1.0038,103
806,59,-0.28906,2.1641,0.75,1.0038,61
806,59,-0.29297,2.1465,0.89844,1.0038,18
806,59,0.20898,2.209,-0.24805,-0.66921,16
806,59,0.21289,2.2324,-0.34961,-0.66921,21
806,59,0,2.0293,-0.46289,-0.33461,15
806,59,0,2.0508,-0.5293,-0.33461,16
806,59,0.068359,2.1836,0.20703,-0.33461,21
806,59,0.2793,2.207,-0.19336,-0.33461,37
806,59,0.2832,2.2246,-0.34766,-0.33461,51
806,59,0.28906,2.2578,-0.38672,-0.33461,36
806,59,0.14648,2.3164,-0.34375,-0.33461,13
806,59,-3.7461,0,-0.62305,-0.33461,18
806,59,-3.666,0.61719,-0.70703,-0.33461,37
806,59,-3.7012,0.45313,-0.83203,-0.33461,30
806,59,0,3.7168,-0.45703,0,10
806,59,-1.3008,0,-3.6875,0,19
806,59,-1.3145,0,3.7246,0,17
806,59,-1.2051,1.7207,-3.2383,0.33461,15
806,59,-1.5215,0.67188,-3.3555,0.66921,10
806,59,-1.418,1.6582,-3.0898,0.66921,20
806,59,-1.3145,1.8633,-3.0664,0.66921,21
806,59,-1.3262,1.918,-3.0742,0.66921,12
806,59,-0.48828,1.5898,1.4883,-0.33461,22
806,59,-0.49609,1.1582,1.8887,-0.33461,26
806,59,0.23438,3.6836,-0.64258,-0.33461,13
806,59,-1.1816,1.9551,3.0156,-0.33461,19
807,34,-0.20508,2.1484,0.39453,0,12
807,34,-0.13867,2.2129,0.25,0,56
807,34,-0.14258,2.2578,0.19336,0,93
807,34,-0.14453,2.3008,0.089844,0,63
807,34,-0.14648,2.3398,-0.09375,0,16
807,34,0.066406,2.1172,-0.037109,0.33461,24
807,34,0.068359,2.1543,0.074219,0.33461,31
807,34,0,2.1699,0.32422,0.33461,40
807,34,-0.20898,2.2031,0.29492,0.33461,152
807,34,-0.21289,2.2422,0.27734,0.33461,252
807,34,-0.2168,2.2871,0.22852,0.33461,170
807,34,-0.2207,2.3301,0.16406,0.33461,40
807,34,-1.4336,0,-3.5449,0.33461,10
807,34,3.6172,1.2148,0.57422,0.33461,14
807,34,-0.20898,2.1758,0.45703,0.66921,56
807,34,-0.21289,2.2246,0.39453,0.66921,93
807,34,-0.2168,2.2695,0.35742,0.66921,64
807,34,-0.2207,2.248,0.63477,0.66921,21
807,34,-0.21289,2.1309,0.75195,1.0038,14
807,34,0.068359,2.0977,-0.49805,-0.66921,11
807,34,-0.070313,2.1973,-0.39258,-0.66921,18
807,34,-0.21289,2.2285,-0.375,-0.66921,29
807,34,-0.2168,2.291,-0.18164,-0.66921,20
807,34,0,2.0195,-0.50195,-0.33461,13
807,34,0.066406,2.0879,-0.35742,-0.33461,26
807,34,0.13477,2.1406,-0.22461,-0.33461,35
807,34,0.13672,2.1875,-0.10742,-0.33461,37
807,34,-0.13867,2.2188,-0.19922,-0.33461,55
807,34,-0.14258,2.2637,-0.10352,-0.33461,93
807,34,-0.2168,2.2949,-0.10156,-0.33461,64
807,34,-0.2207,2.334,0.091797,-0.33461,17
807,34,0,3.7793,0.56445,0.33461,9
807,34,-1.4473,0,-3.6406,0.33461,11
807,34,-0.67383,1.3184,1.5684,-0.66921,6
808,19,-0.14258,2.2578,0.19336,0,16
808,19,-0.2168,2.2891,0.20703,0,19
808,19,-0.2207,2.3047,0.37109,0,15
808,19,-0.2793,2.1348,0.5918,0.33461,29
808,19,-0.21289,2.2148,0.44727,0.33461,65
808,19,-0.2168,2.2617,0.4082,0.33461,73
808,19,-0.14648,2.2871,0.50391,0.33461,48
808,19,-0.22266,2.2715,0.68359,0.33461,21
808,19,-0.21289,2.1914,0.55078,0.66921,23
808,19,-0.2168,2.2363,0.52734,0.66921,26
808,19,-0.2207,2.2344,0.67578,0.66921,18
808,19,-0.14258,2.2617,0.13086,-0.66921,13
808,19,-0.14453,2.3027,-0.017578,-0.66921,14
808,19,-0.2793,2.1445,0.55273,-0.33461,18
808,19,-0.21289,2.2441,0.26367,-0.33461,40
808,19,-0.2168,2.2949,0.11719,-0.33461,40
808,19,-0.2207,2.334,0.078125,-0.33461,22
808,19,-0.54688,5.7969,-0.23242,-0.33461,15
808,19,0.41797,1.9297,-1.041,-0.33461,11
809,8,-0.13867,2.2031,0.33594,0.33461,21
809,8,-0.14258,2.2402,0.34375,0.33461,38
809,8,-0.14453,2.291,0.24023,0.33461,31
809,8,-0.14258,2.2188,0.45508,0.66921,12
809,8,0,2.2305,-0.09375,-0.33461,18
809,8,-0.14258,2.2656,0.019531,-0.33461,31
809,8,-0.14453,2.3027,-0.017578,-0.33461,24
809,8,-0.54688,5.7793,-0.49609,-0.33461,11
810,4,0,2.0645,-0.26758,0.33461,11
810,4,0,2.1094,-0.20703,0.33461,13
810,4,0,2.1328,0.31836,0.33461,12
810,4,0.068359,2.1465,0.44922,0.33461,14
811,8,0,2.0605,-0.28711,0.33461,16
811,8,0,2.1094,-0.20117,0.33461,23
811,8,0,2.1563,-0.015625,0.33461,19
811,8,0.070313,2.2676,-0.089844,0.33461,14
811,8,0,2.0039,-0.5625,-0.33461,15
811,8,0.066406,2.0605,-0.48828,-0.33461,22
811,8,0.068359,2.1211,-0.37891,-0.33461,17
811,8,0.13867,2.2227,-0.16406,-0.33461,11
812,11,0,2.0547,-0.33008,0.33461,16
812,11,0,2.0801,-0.40234,0.33461,21
812,11,0,2.127,-0.35352,0.33461,15
812,11,0,2.1934,-0.0625,0.33461,12
812,11,0.20898,2.2188,-0.11523,0.33461,19
812,11,0.21289,2.252,-0.18555,0.33461,20
812,11,0,1.9902,-0.60742,-0.33461,15
812,11,0,2.0195,-0.64063,-0.33461,19
812,11,0,2.0781,-0.57813,-0.33461,13
812,11,0.20898,2.1836,-0.41211,-0.33461,16
812,11,0.21289,2.2148,-0.44922,-0.33461,18
813,7,0,2.0898,-0.34961,0.33461,11
813,7,0.070313,2.2305,-0.056641,0.33461,14
813,7,0.070313,2.2695,0.0019531,0.33461,19
813,7,0.072266,2.3066,0.021484,0.33461,13
813,7,0.20898,2.1875,-0.38867,-0.33461,14
813,7,0.14258,2.2441,-0.31641,-0.33461,18
813,7,0.14453,2.2773,-0.3418,-0.33461,13
844,64,0,1.9453,0.48633,0,31
844,64,0,1.9941,0.44531,0,116
844,64,0,2.002,0.56641,0,175
844,64,-0.13281,1.4551,1.5332,0,104
844,64,0.26953,2.1016,-0.40625,0,58
844,64,0.068359,2.1934,0.013672,0,121
844,64,0.13867,2.2012,-0.33984,0,108
844,64,0.21289,2.1777,-0.60352,0,47
844,64,-3.707,0,-0.16016,0,22
844,64,-3.6289,0.92188,-0.10742,0,62
844,64,-3.666,0.92383,-0.16016,0,67
844,64,-3.7012,0.87109,-0.37305,0,28
844,64,0,1.998,-0.42578,0.33461,21
844,64,-0.064453,2.0488,-0.35547,0.33461,68
844,64,0,2.082,-0.38867,0.33461,104
844,64,0,2.1191,-0.39648,0.33461,88
844,64,-0.20508,2.084,-0.6582,0.33461,32
844,64,0.20898,2.2129,-0.20898,0.33461,35
844,64,0.21289,2.248,-0.23633,0.33461,25
844,64,3.5918,0.91602,-0.085938,0.33461,16
844,64,3.6289,0.9043,-0.21484,0.33461,34
844,64,-3.7832,0,-0.3418,0.33461,33
844,64,-3.8203,0,-0.45508,0.33461,14
844,64,-0.13086,2.043,-0.37695,0.66921,21
844,64,0,2.0879,-0.35742,0.66921,31
844,64,0,2.1387,-0.27148,0.66921,26
844,64,0.068359,2.1914,-0.078125,0.66921,11
844,64,3.666,0.9082,-0.23633,0.66921,11
844,64,0,2.043,-0.39453,-1.0038,11
844,64,0.066406,2,-0.69336,-1.0038,18
844,64,0.068359,1.9609,-0.89648,-1.0038,18
844,64,0,1.9922,0.22461,-0.66921,32
844,64,0.064453,2.0332,0.17969,-0.66921,118
844,64,0,2.0586,0.30859,-0.66921,178
844,64,-0.066406,1.75,1.1914,-0.66921,110
844,64,0.26953,2.0703,-0.54297,-0.66921,53
844,64,0.13672,2.1738,-0.27148,-0.66921,132
844,64,0.13867,2.1563,-0.56055,-0.66921,112
844,64,-3.5918,0.77148,-0.50195,-0.66921,21
844,64,-3.6289,0.75,-0.54883,-0.66921,58
844,64,-3.666,0.68555,-0.64063,-0.66921,62
844,64,-3.7012,0.49414,-0.80859,-0.66921,26
844,64,0,1.9727,0.35742,-0.33461,60
844,64,0,2.0156,0.33203,-0.33461,226
844,64,0,2.0156,0.51367,-0.33461,344
844,64,-0.066406,0.67773,2.0059,-0.33461,230
844,64,0.26953,2.0449,-0.63281,-0.33461,142
844,64,0.13672,2.1836,-0.16602,-0.33461,241
844,64,0.20898,2.1719,-0.47266,-0.33461,227
844,64,0.21289,2.1484,-0.70117,-0.33461,106
844,64,0,2.7559,0.94531,-0.33461,59
844,64,3.5918,0.81445,-0.42578,-0.33461,50
844,64,-3.7461,0,-0.41992,-0.33461,142
844,64,-3.666,0.82031,-0.45508,-0.33461,149
844,64,-3.7012,0.6875,-0.65234,-0.33461,62
844,64,-0.55859,1.7949,-1.2051,0,56
844,64,-0.56836,1.8828,-1.1348,0,30
844,64,0.34766,3.6895,0.14063,0,20
844,64,0.23438,3.7383,-0.027344,0,42
844,64,0.11914,3.7773,-0.17383,0,38
844,64,-0.11914,3.8164,0.14258,0,15
844,64,-0.55859,0.91406,-1.959,0.33461,28
844,64,0.11523,3.7051,-0.082031,0.33461,10
844,64,0,3.7461,0,0.33461,20
845,53,-0.43945,1.5313,-1.2188,0,26
845,53,-0.25586,1.9844,-0.41602,0,134
845,53,-0.19531,2.0547,-0.26367,0,237
845,53,-0.26563,2.0332,-0.53711,0,147
845,53,0.20313,2.1387,0.18945,0,107
845,53,-0.41211,1.9805,-0.85156,0,96
845,53,-0.2793,2.1621,-0.48047,0,153
845,53,-0.2832,2.209,-0.44141,0,127
845,53,-0.125,1.957,0.42188,0.33461,14
845,53,-0.12695,2.0215,0.26758,0.33461,40
845,53,-0.19531,2.0547,0.26563,0.33461,49
845,53,-0.26563,1.9863,-0.6875,0.33461,31
845,53,0.20313,2.125,-0.30859,0.33461,20
845,53,0.20898,2.2207,-0.082031,0.33461,25
845,53,3.5918,0.80664,-0.44141,0.33461,13
845,53,3.6289,0.75,-0.54688,0.33461,21
845,53,3.666,0.73242,-0.58594,0.33461,15
845,53,-0.25977,2.0586,0.16211,0.66921,20
845,53,0,2.043,-0.064453,-1.0038,14
845,53,-0.064453,2.0684,-0.21875,-1.0038,16
845,53,0.125,1.8379,0.79297,-0.66921,27
845,53,-0.19141,1.8555,-0.83203,-0.66921,103
845,53,-0.19531,1.9883,-0.58398,-0.66921,192
845,53,-0.26563,1.877,-0.94727,-0.66921,116
845,53,0.20313,2.1426,-0.125,-0.66921,103
845,53,-0.41211,1.8184,-1.1582,-0.66921,96
845,53,-0.2793,2.0781,-0.76367,-0.66921,142
845,53,-0.21289,2.1387,-0.72852,-0.66921,118
845,53,0,1.8633,0.62891,-0.33461,12
845,53,-0.375,1.4395,-1.3457,-0.33461,51
845,53,-0.19141,1.9648,-0.52344,-0.33461,260
845,53,-0.19531,2.0371,-0.37695,-0.33461,457
845,53,-0.26563,1.9844,-0.69531,-0.33461,283
845,53,0.20313,2.1465,-0.0078125,-0.33461,215
845,53,-0.41211,1.8848,-1.0449,-0.33461,175
845,53,-0.2793,2.1094,-0.67578,-0.33461,280
845,53,-0.21289,2.1738,-0.61914,-0.33461,237
845,53,-3.6289,0,-0.95703,-0.33461,58
845,53,0.1875,1.6602,1.1094,0,25
845,53,-0.47266,1.6934,-1.25,0,77
845,53,0.27344,2.0918,0.60742,0,62
845,53,0.39648,2.0605,-0.28516,0.33461,24
845,53,-0.55859,0.10156,-2.1582,0.33461,18
845,53,-2.4336,0,3.0957,0.33461,8
845,53,-2.459,0,3.166,0.33461,11
845,53,-0.375,0.7207,-1.832,-0.66921,24
845,53,0.46289,2.0313,0.38867,-0.66921,59
845,53,-0.47266,1.3086,-1.6484,-0.66921,73
845,53,0.27344,2.1582,0.2793,-0.66921,56
845,53,0.1875,1.6641,1.1035,-0.33461,41
845,53,-0.47266,1.5137,-1.4629,-0.33461,148
845,53,0.34375,2.1387,0.35547,-0.33461,110
845,53,0.11719,3.7285,-0.33594,-0.33461,40
846,64,0,1.8613,0.51172,0,26
846,64,-0.060547,1.9199,0.42383,0,149
846,64,-0.0625,1.9668,0.38477,0,283
846,64,0,2.0254,0.26172,0,238
846,64,0.064453,1.9297,-0.77344,0,105
846,64,-0.46289,2.0469,0.29297,0,89
846,64,-0.4043,2.1133,0.13672,0,134
846,64,-0.34375,2.166,-0.054688,0,101
846,64,-0.2793,2.207,-0.18555,0,47
846,64,3.5547,0.89258,-0.17578,0,82
846,64,3.5918,0.84766,-0.35742,0,113
846,64,-3.7461,0,-0.51953,0,81
846,64,-0.060547,1.8945,0.52344,0.33461,22
846,64,0,1.9512,0.46289,0.33461,44
846,64,0,2.0176,0.32422,0.33461,44
846,64,0.064453,2.0645,-0.24609,0.33461,27
846,64,-0.5293,2.0352,0.26172,0.33461,25
846,64,-0.47266,2.0801,-0.32227,0.33461,36
846,64,0.13672,2.1855,0.12891,0.33461,39
846,64,0.13867,2.2266,-0.054688,0.33461,20
846,64,0,1.9668,0.033203,-1.0038,24
846,64,0,2.0059,-0.0039063,-1.0038,50
846,64,0,2.0371,-0.1543,-1.0038,49
846,64,0.13086,2.0078,-0.52734,-1.0038,31
846,64,-0.33008,2.043,-0.44922,-1.0038,70
846,64,-0.26953,2.0742,-0.52539,-1.0038,107
846,64,-0.27344,2.084,-0.63086,-1.0038,76
846,64,-0.2793,2.0859,-0.74609,-1.0038,25
846,64,0,3.8711,-1.0488,-1.0038,19
846,64,0,3.8906,-1.1172,-1.0038,29
846,64,0,1.9102,0.27539,-0.66921,32
846,64,0,1.959,0.17188,-0.66921,185
846,64,0,2.002,0.11914,-0.66921,360
846,64,0,2.043,0.011719,-0.66921,324
846,64,0.13086,1.9746,-0.64063,-0.66921,162
846,64,-0.39648,2.0781,-0.11914,-0.66921,221
846,64,-0.33789,2.1133,-0.27344,-0.66921,346
846,64,-0.27344,2.1387,-0.40625,-0.66921,253
846,64,-0.2793,2.1582,-0.49609,-0.66921,95
846,64,3.5547,0.65625,-0.63086,-0.66921,78
846,64,-3.707,0,-0.79492,-0.66921,107
846,64,-3.7461,0,-0.96094,-0.66921,75
846,64,0,1.8906,0.38867,-0.33461,48
846,64,0,1.9453,0.28906,-0.33461,278
846,64,0,1.9902,0.23828,-0.33461,536
846,64,0,2.0371,0.14453,-0.33461,462
846,64,0.064453,1.9453,-0.73438,-0.33461,205
846,64,-0.46289,2.0645,0.11523,-0.33461,213
846,64,-0.33789,2.1289,-0.041016,-0.33461,334
846,64,-0.27344,2.168,-0.19922,-0.33461,252
846,64,-0.20898,2.1953,-0.3418,-0.33461,107
846,64,-3.6699,0,-0.37109,-0.33461,157
846,64,-3.707,0,-0.57813,-0.33461,221
846,64,-3.7461,0,-0.74805,-0.33461,156
846,64,-0.65039,1.7227,0.9707,0,54
846,64,0.19922,1.5449,-1.4355,0,60
846,64,-2.4082,0,3.5313,0,46
846,64,-2.4336,0,3.3438,0,58
846,64,0.13281,1.6211,-1.3594,0.33461,23
846,64,0.20313,2.0762,0.54688,0.33461,34
846,64,-0.48047,1.9668,-0.84375,0.33461,26
846,64,-0.55859,1.7148,-1.3145,0.33461,11
846,64,-0.51953,1.2363,-1.5898,-1.0038,22
846,64,-0.58594,1.5918,1.207,-0.66921,94
847,64,0,1.8184,0.52344,0,31
847,64,-0.060547,1.834,0.5957,0,108
847,64,-0.060547,1.9434,0.29492,0,265
847,64,-0.125,1.9824,0.26758,0,399
847,64,-0.12695,1.9727,0.51758,0,259
847,64,-0.13086,1.5703,1.3594,0,67
847,64,0.19922,0.32422,-2.084,0,67
847,64,0.13477,2.1523,-0.0039063,0,93
847,64,0.068359,2.1797,-0.24414,0,83
847,64,3.291,1.5254,-0.17188,0,41
847,64,3.3262,1.5117,-0.34766,0,60
847,64,3.4766,1.2246,-0.4043,0,60
847,64,-0.060547,1.8086,0.66992,0.33461,23
847,64,-0.12305,1.916,0.42773,0.33461,51
847,64,-0.125,1.9688,0.35547,0.33461,77
847,64,-0.12695,1.9688,0.5332,0.33461,54
847,64,0,1.9277,0.7832,0.33461,21
847,64,0.13281,2.1016,0.24023,0.33461,33
847,64,0.068359,2.1543,-0.078125,0.33461,38
847,64,0.13672,2.1504,-0.41797,0.33461,28
847,64,-0.0625,1.9824,-0.29492,-1.3384,19
847,64,0,2.0352,-0.18945,-1.3384,14
847,64,-0.25977,2.0137,-0.45313,-1.3384,11
847,64,-0.19922,1.9863,-0.70898,-1.3384,17
847,64,0,1.8848,0.16016,-1.0038,18
847,64,0,1.9199,0.1875,-1.0038,54
847,64,0,1.9668,-0.011719,-1.0038,91
847,64,-0.0625,1.998,-0.16406,-1.0038,132
847,64,0,2.043,0.064453,-1.0038,88
847,64,-0.32422,1.8711,-0.85156,-1.0038,86
847,64,-0.33008,1.9961,-0.62891,-1.0038,115
847,64,-0.33789,2.0645,-0.52734,-1.0038,64
847,64,0,1.9805,-0.94336,-1.0038,18
847,64,3.3262,0.71289,-1.377,-1.0038,17
847,64,0,1.8672,0.30078,-0.66921,66
847,64,0,1.9023,0.32031,-0.66921,209
847,64,0,1.9668,0.068359,-0.66921,421
847,64,-0.0625,2.0039,-0.011719,-0.66921,656
847,64,-0.064453,2.0293,0.22461,-0.66921,423
847,64,-0.25977,0.95898,-1.8281,-0.66921,132
847,64,-0.26563,1.9355,-0.81836,-0.66921,137
847,64,0,2.0273,-0.73633,-0.66921,113
847,64,0,2.0898,-0.66992,-0.66921,100
847,64,3.291,1.3418,-0.74414,-0.66921,60
847,64,3.3262,1.2031,-0.98047,-0.66921,84
847,64,3.4766,0.66211,-1.1074,-0.66921,77
847,64,3.6289,0.48047,-0.79492,-0.66921,41
847,64,0,1.8438,0.42383,-0.33461,72
847,64,-0.060547,1.8691,0.47461,-0.33461,237
847,64,-0.060547,1.957,0.1875,-0.33461,546
847,64,-0.0625,2,0.125,-0.33461,826
847,64,-0.064453,2.0078,0.37305,-0.33461,531
847,64,-0.13086,1.3359,1.5898,-0.33461,133
847,64,0.13281,1.1953,-1.7441,-0.33461,106
847,64,0.13477,2.1367,-0.25586,-0.33461,153
847,64,3.291,1.4707,-0.44141,-0.33461,81
847,64,3.4414,1.0586,-0.71484,-0.33461,118
847,64,3.5918,0.49414,-0.77539,-0.33461,117
847,64,-0.46289,2.0078,0.49414,0,44
847,64,-2.6113,0,-3.3965,0,38
847,64,-2.6387,0,-3.5273,0,44
847,64,-2.5488,0,-3.5547,0,34
847,64,-1.166,1.2754,1.3535,-1.0038,10
847,64,-2.5234,0.95898,2.4863,-1.0038,13
848,64,0,1.791,0.48047,0,26
848,64,-0.11914,1.8711,0.25,0,91
848,64,-0.060547,1.9258,-0.095703,0,300
848,64,-0.060547,1.9609,-0.13672,0,481
848,64,0,1.9961,-0.18945,0,348
848,64,0,2.0117,-0.35547,0,86
848,64,0.32422,2.041,-0.23438,0,77
848,64,0.33008,2.0801,-0.22656,0,69
848,64,0.068359,2.0625,-0.62695,0,56
848,64,-1.123,1.8457,-2.8711,0,30
848,64,-3.6328,0,-0.67969,0,41
848,64,-3.6699,0,-0.41406,0,77
848,64,-3.707,0,-0.50781,0,73
848,64,-3.6289,0.61719,-0.69336,0,54
848,64,-3.5469,0.89648,-0.96289,0,35
848,64,-0.11914,1.8438,0.40625,0.33461,20
848,64,-0.060547,1.9277,0.046875,0.33461,65
848,64,0,1.9668,-0.0097656,0.33461,105
848,64,-0.0625,2.0039,-0.058594,0.33461,74
848,64,0,2.0391,-0.12305,0.33461,25
848,64,-0.060547,1.957,0.18555,0.66921,21
848,64,0,1.998,0.16211,0.66921,15
848,64,0,1.8105,-0.66797,-1.3384,20
848,64,0,1.8086,-0.77539,-1.3384,38
848,64,-0.1875,1.8613,-0.7207,-1.3384,66
848,64,-0.25586,1.8672,-0.78711,-1.3384,77
848,64,-0.25977,1.8438,-0.92773,-1.3384,42
848,64,0.12109,3.5723,-1.5508,-1.3384,26
848,64,0.12305,3.6777,-1.3906,-1.3384,24
848,64,0,1.8496,0.11914,-1.0038,55
848,64,0,1.8848,0.16992,-1.0038,125
848,64,0,1.8789,-0.4375,-1.0038,321
848,64,0,1.9121,-0.46094,-1.0038,593
848,64,0,1.9453,-0.48438,-1.0038,439
848,64,0.12695,1.9902,-0.43945,-1.0038,92
848,64,-0.19531,1.9805,-0.60547,-1.0038,96
848,64,-0.13281,2.0371,-0.56641,-1.0038,105
848,64,-0.26953,2.0332,-0.66797,-1.0038,45
848,64,0,1.7656,0.42578,-0.66921,17
848,64,0,1.8379,0.23828,-0.66921,134
848,64,-0.058594,1.875,0.24414,-0.66921,332
848,64,0,1.9004,-0.33398,-0.66921,948
848,64,0,1.9336,-0.36328,-0.66921,1678
848,64,0,1.9609,-0.42188,-0.66921,1249
848,64,0,1.959,-0.58008,-0.66921,307
848,64,-0.13086,2.0352,-0.41211,-0.66921,163
848,64,-0.13281,2.0508,-0.51758,-0.66921,173
848,64,-3.5547,0.48242,-0.77148,-0.66921,70
848,64,-3.5918,0,-0.98047,-0.66921,74
848,64,-3.6289,0,-1.2949,-0.66921,58
848,64,0,1.8203,0.35156,-0.33461,100
848,64,-0.058594,1.8691,0.28711,-0.33461,283
848,64,-0.060547,1.916,-0.21875,-0.33461,852
848,64,0,1.9512,-0.25,-0.33461,1469
848,64,0,1.9805,-0.31055,-0.33461,1094
848,64,0,1.9824,-0.49219,-0.33461,265
848,64,0.19531,2.0703,-0.083984,-0.33461,150
848,64,0.26563,2.0898,-0.22266,-0.33461,136
848,64,0.13477,2.0195,-0.74609,-0.33461,107
848,64,-3.6328,0,-0.77148,-0.33461,68
848,64,-3.5547,0.67383,-0.61133,-0.33461,138
848,64,-3.5918,0.56836,-0.72266,-0.33461,134
848,64,-3.6289,0,-0.98828,-0.33461,100
848,64,-0.39063,1.7188,1.1055,0,42
849,64,-0.11328,1.8047,0.17578,0,23
849,64,-0.11523,1.8496,-0.013672,0,49
849,64,0,1.8848,-0.16602,0,92
849,64,-0.12109,1.9219,-0.10938,0,110
849,64,-0.12305,1.9609,-0.11133,0,67
849,64,-0.125,2.002,0.013672,0,27
849,64,0.12695,2.0176,-0.29688,0,47
849,64,0.19531,2.0313,-0.4082,0,56
849,64,0.33008,1.9941,-0.63281,0,32
849,64,3.1895,1.4805,0.13477,0,21
849,64,3.4453,0.88086,0.033203,0,48
849,64,-3.5938,0,-0.24414,0,79
849,64,-3.6328,0,-0.52148,0,83
849,64,-3.5547,0.69531,-0.58789,0,44
849,64,-0.16992,1.793,0.22852,0.33461,11
849,64,-0.11523,1.8477,0.080078,0.33461,23
849,64,-0.058594,1.8906,-0.048828,0.33461,38
849,64,-0.060547,1.9277,-0.052734,0.33461,45
849,64,-0.12305,1.9629,0.0097656,0.33461,27
849,64,-0.3125,1.957,0.30859,0.33461,12
849,64,-0.25586,2.0254,0.056641,0.33461,14
849,64,3.3691,1.25,-0.064453,0.33461,12
849,64,3.5176,0.87109,-0.22656,0.33461,14
849,64,0,1.7695,-0.66602,-1.673,12
849,64,0,1.8164,-0.65039,-1.673,15
849,64,0,1.7734,-0.85156,-1.673,9
849,64,0,3.6719,-0.51367,-1.673,33
849,64,0,3.7051,-0.54492,-1.673,31
849,64,0,1.7578,-0.45703,-1.3384,17
849,64,-0.058594,1.7617,-0.57422,-1.3384,48
849,64,0,1.7695,-0.66992,-1.3384,115
849,64,-0.060547,1.8164,-0.64844,-1.3384,150
849,64,-0.12305,1.8535,-0.64844,-1.3384,95
849,64,-0.1875,1.9023,-0.60547,-1.3384,29
849,64,-0.19141,1.9355,-0.62305,-1.3384,22
849,64,-0.13086,1.9395,-0.74023,-1.3384,14
849,64,-0.11523,3.6992,-0.23242,-1.3384,28
849,64,0,3.7422,-0.14648,-1.3384,24
849,64,-0.054688,1.7773,0.044922,-1.0038,32
849,64,-0.11328,1.7988,-0.21484,-1.0038,155
849,64,-0.11523,1.8203,-0.33008,-1.0038,347
849,64,-0.058594,1.834,-0.46094,-1.0038,512
849,64,-0.060547,1.8594,-0.51367,-1.0038,586
849,64,-0.060547,1.8848,-0.56055,-1.0038,383
849,64,-0.1875,1.9414,-0.4668,-1.0038,193
849,64,-0.19141,1.957,-0.55664,-1.0038,185
849,64,-0.13086,1.9766,-0.63867,-1.0038,98
849,64,0.50391,5.2715,-0.9082,-1.0038,33
849,64,0.50781,5.2852,-1.043,-1.0038,33
849,64,-0.11133,1.7676,0.16016,-0.66921,46
849,64,-0.11328,1.8086,-0.10547,-0.66921,227
849,64,-0.11523,1.8398,-0.20117,-0.66921,506
849,64,-0.11914,1.8691,-0.26563,-0.66921,652
849,64,-0.060547,1.8926,-0.37305,-0.66921,652
849,64,-0.060547,1.918,-0.4375,-0.66921,434
849,64,-0.25,1.959,-0.3457,-0.66921,273
849,64,-0.25586,1.9668,-0.48828,-0.66921,264
849,64,-0.19531,1.9785,-0.61133,-0.66921,131
849,64,3.4453,0,-1.0918,-0.66921,65
849,64,-3.5938,0,-0.94727,-0.66921,112
849,64,-3.5176,0,-0.97852,-0.66921,121
849,64,-3.5547,0,-1.1016,-0.66921,61
849,64,-0.16602,1.752,0.25,-0.33461,17
849,64,-0.11328,1.8125,-0.0039063,-0.33461,85
850,64,-0.10938,1.7168,0.25977,0,32
850,64,-0.054688,1.7637,0.2168,0,87
850,64,-0.11328,1.8047,0.16602,0,95
850,64,-0.23242,1.8301,0.19141,0,57
850,64,-0.23633,1.877,-0.021484,0,39
850,64,-0.18164,1.918,-0.11328,0,71
850,64,-0.18359,1.957,-0.085938,0,74
850,64,-0.25,1.9883,-0.083984,0,31
850,64,-3.5566,0,-0.39844,0,25
850,64,-3.5938,0,-0.22461,0,36
850,64,-3.6328,0,-0.29102,0,26
850,64,0,1.6934,0.40039,0.33461,13
850,64,-0.054688,1.75,0.31055,0.33461,36
850,64,-0.11328,1.793,0.25977,0.33461,39
850,64,-0.28906,1.7871,0.40039,0.33461,23
850,64,-0.29492,1.8496,0.26953,0.33461,16
850,64,-0.18164,1.918,0.097656,0.33461,28
850,64,-0.24609,1.9512,0.039063,0.33461,30
850,64,-0.25,1.9883,-0.044922,0.33461,14
850,64,0,3.3672,-1.1445,-2.3422,13
850,64,0,3.4063,-0.87891,-2.0076,19
850,64,0.11133,3.4805,-0.72461,-2.0076,35
850,64,0,3.5352,-0.64453,-2.0076,26
850,64,0,1.7188,-0.45898,-1.673,23
850,64,0.056641,1.7285,-0.55664,-1.673,28
850,64,0.058594,1.7188,-0.69531,-1.673,14
850,64,0,1.7969,-0.70508,-1.673,11
850,64,-0.12305,1.7969,-0.79297,-1.673,11
850,64,0,3.4453,-0.71484,-1.673,14
850,64,0,3.5137,-0.55469,-1.673,26
850,64,0,3.5723,-0.38867,-1.673,16
850,64,0,1.7402,0.0019531,-1.3384,71
850,64,0,1.752,-0.30078,-1.3384,205
850,64,-0.056641,1.7402,-0.51563,-1.3384,289
850,64,0,1.7852,-0.49805,-1.3384,218
850,64,0,1.7793,-0.64258,-1.3384,106
850,64,-0.060547,1.7793,-0.74414,-1.3384,122
850,64,-0.12305,1.8262,-0.7207,-1.3384,113
850,64,-0.125,1.8672,-0.71875,-1.3384,50
850,64,0,1.6855,0.24023,-1.0038,45
850,64,0,1.7363,0.11914,-1.0038,245
850,64,0,1.7773,0.033203,-1.0038,580
850,64,0,1.8105,-0.14648,-1.0038,703
850,64,-0.11523,1.8262,-0.29883,-1.0038,579
850,64,-0.11914,1.8379,-0.43359,-1.0038,325
850,64,-0.060547,1.8555,-0.52344,-1.0038,415
850,64,-0.18359,1.877,-0.56055,-1.0038,411
850,64,-0.125,1.916,-0.57422,-1.0038,184
850,64,0.33398,5.2754,-0.7207,-1.0038,30
850,64,0.052734,1.6719,0.31836,-0.66921,57
850,64,0,1.7266,0.22461,-0.66921,255
850,64,0,1.7715,0.15234,-0.66921,537
850,64,-0.11328,1.8125,0.037109,-0.66921,596
850,64,-0.11523,1.8477,-0.078125,-0.66921,508
850,64,-0.11914,1.875,-0.22266,-0.66921,312
850,64,-0.12109,1.8887,-0.37109,-0.66921,385
850,64,-0.12305,1.9316,-0.35742,-0.66921,400
850,64,-0.1875,1.9395,-0.47461,-0.66921,180
850,64,-3.5566,0,-0.91211,-0.66921,76
850,64,-3.4824,0.4043,-0.79492,-0.66921,85
850,64,0,1.6426,0.45117,-0.33461,20
850,64,0.054688,1.6953,0.38867,-0.33461,76
850,64,0.054688,1.7422,0.35156,-0.33461,128
850,64,-0.056641,1.791,0.29102,-0.33461,124
851,64,0,1.627,0.03125,0,12
851,64,0,1.6641,0.041016,0,50
851,64,0.052734,1.7012,0.013672,0,83
851,64,0.10938,1.7363,-0.013672,0,73
851,64,0.054688,1.7773,0.015625,0,33
851,64,0.22656,1.7246,0.52148,0,18
851,64,3.1191,1.4531,-0.066406,0,36
851,64,3.1543,1.4355,0.32227,0,36
851,64,0.2207,3.4707,0.53906,0,43
851,64,0.22266,3.5371,0.29688,0,55
851,64,0.11328,3.5918,0.039063,0,33
851,64,0,1.6563,0.16992,0.33461,19
851,64,0,1.6934,0.17578,0.33461,32
851,64,0,1.7344,0.14844,0.33461,29
851,64,0,1.7734,0.13867,0.33461,13
851,64,0,3.3457,-0.37305,-2.0076,11
851,64,0,3.3652,-0.10547,-1.673,17
851,64,0.10547,3.3965,-0.21484,-1.673,18
851,64,0.10742,3.3828,-0.63086,-1.673,14
851,64,0,1.5371,-0.5332,-1.3384,29
851,64,0.052734,1.5703,-0.55078,-1.3384,106
851,64,0.052734,1.6016,-0.57422,-1.3384,134
851,64,0.2168,1.6426,-0.53125,-1.3384,87
851,64,0.054688,1.668,-0.61328,-1.3384,48
851,64,0.33984,1.7832,0.035156,-1.3384,30
851,64,0,1.8535,0.023438,-1.3384,45
851,64,-0.070313,1.6816,-1.5234,-1.3384,33
851,64,0,1.5605,-0.45703,-1.0038,84
851,64,0,1.6035,-0.44922,-1.0038,311
851,64,0.052734,1.6289,-0.49414,-1.0038,436
851,64,0.16406,1.6699,-0.46484,-1.0038,345
851,64,0,1.7422,-0.35547,-1.0038,166
851,64,0.16992,1.8047,0.095703,-1.0038,113
851,64,0.17383,1.8457,0.054688,-1.0038,93
851,64,0,1.5801,-0.38672,-0.66921,69
851,64,0,1.6211,-0.37695,-0.66921,254
851,64,0.052734,1.6523,-0.40625,-0.66921,398
851,64,0.10938,1.6934,-0.39063,-0.66921,350
851,64,-0.11133,1.7715,-0.12109,-0.66921,182
851,64,0,1.8105,0.14258,-0.66921,127
851,64,0.23242,1.834,0.14453,-0.66921,80
851,64,0.2207,3.5,0.29297,-0.66921,49
851,64,0.22266,3.5488,-0.070313,-0.66921,65
851,64,0.052734,1.6016,0.44922,-0.33461,51
851,64,0.10547,1.6426,0.4375,-0.33461,95
851,64,0.10938,1.6543,-0.5332,-0.33461,70
851,64,-0.22266,1.7578,-0.14063,-0.33461,71
851,64,-0.11328,1.8086,0.13281,-0.33461,50
851,64,0.058594,1.8379,0.24219,-0.33461,17
851,64,-0.15039,1.4805,1.9102,-0.33461,47
851,64,-0.076172,1.2969,2.0879,-0.33461,44
851,64,3.2285,1.1777,-0.21875,-0.33461,69
851,64,3.1543,1.4688,0.099609,-0.33461,70
851,64,0.2207,3.4941,0.35742,-0.33461,77
851,64,0.22266,3.5488,0.091797,-0.33461,103
851,64,0.22461,3.582,-0.18555,-0.33461,60
851,64,-0.39648,1.6504,-0.64648,0,13
851,64,-2.3672,0,-3.4355,0,25
851,64,-2.6113,0,-3.4355,0,27
851,64,-1.0996,0.86914,-3.2266,0,34
851,64,-3.4453,0,-1.1855,0,40
851,64,-1.123,0,3.5684,0,17
851,64,-1.2637,0.32422,3.1055,-2.0076,6
851,64,-0.96875,1.3594,3.0117,-1.673,8
852,64,0,1.5078,0.36719,0,16
852,64,-0.048828,1.5664,0.25781,0,78
852,64,-0.050781,1.6133,0.19922,0,150
852,64,0,1.6602,0.12891,0,137
852,64,-0.26563,1.6035,-0.50391,0,77
852,64,-0.27148,1.6797,-0.36914,0,88
852,64,-0.27734,1.7324,-0.28516,0,52
852,64,3.1914,1.1719,-0.17578,0,29
852,64,3.2285,1.1699,-0.25781,0,34
852,64,0.10938,3.4785,-0.025391,0,31
852,64,-0.048828,1.543,0.37695,0.33461,36
852,64,-0.050781,1.5977,0.30664,0.33461,69
852,64,0,1.6484,0.23633,0.33461,66
852,64,0,1.6973,0.13086,0.33461,33
852,64,-0.27148,1.6738,-0.38867,0.33461,21
852,64,-0.27734,1.7383,-0.25195,0.33461,17
852,64,0.33398,1.6875,-0.44922,-2.0076,14
852,64,0.33984,1.6836,-0.5918,-2.0076,30
852,64,0.34766,1.7109,-0.62305,-2.0076,28
852,64,0.35547,1.7871,-0.51172,-2.0076,13
852,64,0,3.0488,-0.89648,-2.0076,14
852,64,0,3.0762,-0.9375,-2.0076,26
852,64,0,3.1191,-0.92773,-2.0076,28
852,64,0,3.123,-1.0371,-2.0076,18
852,64,0,1.5645,-0.27734,-1.673,13
852,64,0,1.5918,-0.33984,-1.673,26
852,64,0.052734,1.6035,-0.44141,-1.673,26
852,64,0,1.5996,-0.58203,-1.673,14
852,64,0.32617,1.627,-0.52734,-1.673,36
852,64,0.33398,1.668,-0.51758,-1.673,82
852,64,0.39648,1.6758,-0.57617,-1.673,84
852,64,0.46289,1.6895,-0.60352,-1.673,50
852,64,0,3.1016,-0.69336,-1.673,35
852,64,0.099609,3.1348,-0.70898,-1.673,67
852,64,0,3.1602,-0.77539,-1.673,67
852,64,0,3.207,-0.73828,-1.673,33
852,64,0.048828,1.5508,-0.041016,-1.3384,20
852,64,0.048828,1.5801,-0.15234,-1.3384,91
852,64,0.050781,1.6133,-0.20898,-1.3384,167
852,64,0.052734,1.627,-0.35156,-1.3384,168
852,64,0.052734,1.6094,-0.55469,-1.3384,141
852,64,0.27148,1.6895,-0.31836,-1.3384,151
852,64,0.33398,1.7109,-0.35547,-1.3384,164
852,64,0.51172,1.6465,-0.57031,-1.3384,75
852,64,0.058594,1.5996,-0.93555,-1.3384,45
852,64,0,3.1465,-0.44141,-1.3384,25
852,64,0,3.1777,-0.49219,-1.3384,50
852,64,0.10156,3.2051,-0.55078,-1.3384,51
852,64,0.20508,3.2383,-0.55273,-1.3384,19
852,64,0,1.5488,0.066406,-1.0038,102
852,64,0,1.5898,-0.011719,-1.0038,486
852,64,0.050781,1.625,-0.070313,-1.0038,954
852,64,0.052734,1.6543,-0.17773,-1.0038,960
852,64,0.052734,1.668,-0.3418,-1.0038,648
852,64,0,1.6602,-0.51953,-1.0038,399
852,64,0.054688,1.7051,-0.5,-1.0038,217
852,64,-0.056641,1.7715,-0.39258,-1.0038,70
852,64,0.17383,1.7852,-0.46484,-1.0038,64
852,64,0,2.4902,0.47266,-1.0038,39
852,64,0,2.5273,0.48047,-1.0038,37
852,64,0.94336,4.9434,0.042969,-1.0038,53
852,64,0,1.5371,0.21094,-0.66921,124
852,64,0,1.5859,0.11133,-0.66921,606
852,64,0,1.627,0.035156,-0.66921,1215
853,64,0.046875,1.4707,0.10352,0,9
853,64,0.09375,1.5059,0.12891,0,43
853,64,0.097656,1.541,0.14648,0,84
853,64,0.099609,1.5781,0.15039,0,84
853,64,-0.20313,1.5898,-0.2793,0,194
853,64,-0.20898,1.6191,-0.33008,0,368
853,64,-0.26563,1.6348,-0.39063,0,313
853,64,-0.27148,1.6367,-0.52344,0,121
853,64,-0.078125,2.3789,0.75781,0,64
853,64,0,2.4512,0.64648,0,44
853,64,0.10547,3.3652,-0.037109,0,27
853,64,0,3.4043,-0.027344,0,52
853,64,0.10742,3.4395,-0.097656,0,54
853,64,0.10938,3.4785,-0.058594,0,31
853,64,0,1.4961,0.22852,0.33461,23
853,64,0.048828,1.5215,0.30078,0.33461,46
853,64,0.099609,1.5391,0.38281,0.33461,47
853,64,-0.20313,1.6133,-0.074219,0.33461,38
853,64,-0.25977,1.6387,-0.13867,0.33461,60
853,64,-0.26563,1.6621,-0.25977,0.33461,50
853,64,0.2168,1.6855,0.37305,0.33461,20
853,64,0.69531,3.5371,-0.86914,-2.6769,25
853,64,0.70313,3.5723,-0.88086,-2.6769,27
853,64,0.5918,3.6289,-0.89258,-2.6769,14
853,64,0.26563,1.5273,-0.70508,-2.3422,18
853,64,0.32617,1.5371,-0.74805,-2.3422,15
853,64,0.69531,3.6133,-0.46289,-2.3422,22
853,64,0.58594,3.6406,-0.65234,-2.3422,24
853,64,0.14844,1.5156,-0.45313,-2.0076,11
853,64,0.30469,1.5156,-0.50781,-2.0076,43
853,64,0.3125,1.5371,-0.55859,-2.0076,73
853,64,0.31836,1.5586,-0.60547,-2.0076,51
853,64,0.14453,1.5215,-0.26563,-1.673,21
853,64,0.29883,1.5234,-0.33789,-1.673,58
853,64,0.35547,1.5273,-0.43359,-1.673,174
853,64,0.3125,1.5684,-0.45898,-1.673,246
853,64,0.31836,1.5957,-0.50391,-1.673,161
853,64,0.32617,1.6113,-0.57031,-1.673,47
853,64,0.27734,1.6836,-0.50391,-1.673,26
853,64,0.14258,1.4961,-0.17578,-1.3384,37
853,64,0.19336,1.5391,-0.052734,-1.3384,61
853,64,0.29883,0.36133,1.5176,-1.3384,36
853,64,0.30469,1.5605,-0.34766,-1.3384,184
853,64,0.36328,1.6152,-0.16406,-1.3384,163
853,64,0.16016,1.5527,-0.67969,-1.3384,182
853,64,0.27148,1.6465,-0.49609,-1.3384,261
853,64,0.27734,1.668,-0.54883,-1.3384,116
853,64,0.095703,3.0059,-0.58398,-1.3384,30
853,64,0,3.0156,-0.72852,-1.3384,32
853,64,0.046875,1.4707,-0.11133,-1.0038,82
853,64,0.046875,1.5098,-0.10547,-1.0038,402
853,64,0.097656,1.5469,-0.035156,-1.0038,776
853,64,0.14844,1.5801,0.060547,-1.0038,674
853,64,0.30469,1.5977,0.039063,-1.0038,552
853,64,0.36328,1.6211,-0.10547,-1.0038,581
853,64,-0.21289,0.7168,-1.5293,-1.0038,270
853,64,0.2168,1.6836,-0.38672,-1.0038,412
853,64,0.27734,1.7148,-0.38281,-1.0038,217
853,64,0.078125,2.459,0.42773,-1.0038,40
853,64,0.046875,1.4746,0.0019531,-0.66921,128
853,64,0.046875,1.5117,0.0097656,-0.66921,642
853,64,0.048828,1.5508,0.035156,-0.66921,1247
853,64,0.14844,1.5762,0.13867,-0.66921,1173
853,64,0.20313,1.6094,0.12891,-0.66921,651
854,64,0.17969,1.4258,0.037109,0,8
854,64,0.046875,1.4648,0.16797,0,38
854,64,0,1.5117,0.050781,0,65
854,64,0,1.5508,0.023438,0,42
854,64,0.048828,1.582,0.14648,0,30
854,64,-0.10156,1.6211,0.09375,0,78
854,64,-0.10352,1.6563,0.12109,0,62
854,64,0,1.6934,0.17969,0,13
854,64,-0.2168,0,2.3066,0,19
854,64,0,2.2051,1,0,19
854,64,3.1211,1.1348,0.23438,0,44
854,64,3.1563,1.166,0.10938,0,83
854,64,3.1914,1.1855,-0.011719,0,71
854,64,3.3359,0.85352,-0.0039063,0,30
854,64,0.046875,1.4395,0.32031,0.33461,23
854,64,0.046875,1.498,0.21289,0.33461,38
854,64,0.048828,1.541,0.17773,0.33461,26
854,64,-0.10156,1.623,-0.0019531,0.33461,21
854,64,-0.15625,1.6582,-0.0039063,0.33461,19
854,64,0.26953,1.2383,-0.67969,-2.0076,29
854,64,0.23047,1.2773,-0.70313,-2.0076,48
854,64,0.2832,1.3125,-0.69922,-2.0076,41
854,64,0.24219,1.3828,-0.6582,-2.0076,20
854,64,0.2832,2.9277,-0.70898,-2.0076,13
854,64,0.26953,1.3027,-0.54492,-1.673,28
854,64,0.27734,1.334,-0.56836,-1.673,43
854,64,0.2832,1.2871,-0.74414,-1.673,28
854,64,0.048828,1.375,-0.71875,-1.673,13
854,64,0.19922,1.4238,-0.67773,-1.673,18
854,64,0.17969,2.7363,-0.86719,-1.673,30
854,64,0.18164,2.7793,-0.85742,-1.673,49
854,64,0.18359,2.8477,-0.75391,-1.673,44
854,64,0.1875,2.9473,-0.45898,-1.673,30
854,64,0.13477,1.4258,0.12305,-1.3384,15
854,64,0.091797,1.4668,-0.13867,-1.3384,47
854,64,-0.09375,1.4473,0.42969,-1.3384,50
854,64,0.29102,1.4863,-0.33594,-1.3384,206
854,64,0.29883,1.5039,-0.41602,-1.3384,336
854,64,0.25391,1.5273,-0.49609,-1.3384,262
854,64,0.25977,1.5332,-0.5957,-1.3384,98
854,64,0,1.7832,-0.34375,-1.3384,15
854,64,0.089844,2.791,-0.68945,-1.3384,46
854,64,0.18164,2.8379,-0.63281,-1.3384,73
854,64,0.18359,2.8906,-0.5625,-1.3384,62
854,64,0.1875,2.9609,-0.36523,-1.3384,35
854,64,0,1.3555,-0.3457,-1.0038,12
854,64,0.13477,1.0313,0.99219,-1.0038,89
854,64,0.091797,1.4727,0.0058594,-1.0038,423
854,64,0.046875,1.5078,-0.11133,-1.0038,574
854,64,-0.048828,1.5352,0.21875,-1.0038,261
854,64,0.29883,1.5117,-0.38867,-1.0038,562
854,64,0.30469,1.5371,-0.43945,-1.0038,484
854,64,-0.20898,1.4316,-0.82422,-1.0038,245
854,64,-0.16016,1.582,-0.60938,-1.0038,87
854,64,0,1.3711,-0.27734,-0.66921,19
854,64,0.13477,0.48828,1.3457,-0.66921,156
854,64,0.091797,1.4688,0.10352,-0.66921,691
854,64,0.09375,1.5098,-0.0039063,-0.66921,971
854,64,0.048828,1.5508,0.0019531,-0.66921,513
854,64,-0.14844,1.4863,0.54102,-0.66921,289
854,64,-0.20313,1.6133,-0.056641,-0.66921,567
854,64,-0.15625,1.6289,-0.30273,-0.66921,489
854,64,-0.10547,1.6641,-0.34766,-0.66921,179
854,64,3.2617,0.78906,-0.27148,-0.66921,102
855,64,0,1.3555,-0.12891,0,37
855,64,0.087891,1.3926,-0.099609,0,86
855,64,0.13477,1.4297,-0.080078,0,123
855,64,0.18359,1.4648,0.0097656,0,171
855,64,0.18945,1.5,0.068359,0,175
855,64,-0.048828,1.5469,-0.09375,0,168
855,64,-0.099609,1.5742,-0.18945,0,226
855,64,-0.15234,1.6016,-0.23438,0,158
855,64,-0.15625,1.625,-0.33008,0,41
855,64,3.0859,1.1113,0.27539,0,45
855,64,3.1211,1.1523,0.125,0,75
855,64,3.1563,1.168,-0.095703,0,52
855,64,0,1.3613,-0.042969,0.33461,22
855,64,0.042969,1.3984,-0.041016,0.33461,50
855,64,0.089844,1.4355,0.015625,0.33461,61
855,64,0.18359,1.459,0.11328,0.33461,72
855,64,0.18945,1.4883,0.19141,0.33461,68
855,64,0.048828,1.543,0.14453,0.33461,43
855,64,-0.14844,1.5801,-0.078125,0.33461,50
855,64,-0.20313,1.6094,-0.12695,0.33461,35
855,64,3.1211,1.1465,0.17188,0.33461,16
855,64,0.19531,0.9082,-0.83398,-1.673,16
855,64,0.24023,1.0098,-0.75781,-1.673,38
855,64,0.24805,1.0547,-0.76172,-1.673,42
855,64,0.25586,1.0859,-0.78125,-1.673,23
855,64,0.13086,1.2598,-0.5957,-1.673,21
855,64,0.17969,1.334,-0.50391,-1.673,27
855,64,0.27734,1.3867,-0.41797,-1.673,29
855,64,0.2832,1.4414,-0.36328,-1.673,25
855,64,0.19531,1.0273,-0.68164,-1.3384,21
855,64,0.20117,1.0684,-0.68555,-1.3384,51
855,64,0.20703,1.1406,-0.63867,-1.3384,59
855,64,0.12695,1.2754,-0.46289,-1.3384,47
855,64,0.13086,1.3359,-0.39453,-1.3384,85
855,64,0.26953,1.3691,-0.3457,-1.3384,163
855,64,0.32227,1.4043,-0.31641,-1.3384,261
855,64,0.2832,1.459,-0.28711,-1.3384,225
855,64,0.29102,1.498,-0.27539,-1.3384,102
855,64,0.19922,1.5566,-0.24609,-1.3384,28
855,64,0.20117,1.1426,-0.55469,-1.0038,21
855,64,0.082031,1.2852,-0.30664,-1.0038,61
855,64,0.042969,1.3145,-0.35547,-1.0038,366
855,64,0.087891,1.3496,-0.36133,-1.0038,842
855,64,0.17969,1.3926,-0.30859,-1.0038,1016
855,64,0.27734,1.4277,-0.24805,-1.0038,1057
855,64,0.2832,1.4746,-0.19141,-1.0038,877
855,64,0.33984,1.4922,-0.25195,-1.0038,413
855,64,-0.099609,1.5371,-0.38867,-1.0038,337
855,64,-0.10156,1.5332,-0.5332,-1.0038,202
855,64,-0.10352,1.5293,-0.65039,-1.0038,49
855,64,0,1.3047,-0.22656,-0.66921,81
855,64,0.042969,1.3359,-0.26563,-0.66921,573
855,64,0.087891,1.3711,-0.27344,-0.66921,1313
855,64,0.13477,1.4121,-0.23828,-0.66921,1417
855,64,0.23047,1.4492,-0.1582,-0.66921,1145
855,64,0.2832,1.4824,-0.10352,-0.66921,905
855,64,-0.14453,1.5352,-0.16406,-0.66921,765
855,64,-0.099609,1.543,-0.36523,-0.66921,865
855,64,-0.10156,1.5625,-0.44141,-0.66921,550
855,64,-0.10352,1.5742,-0.5332,-0.66921,141
855,64,3.1895,0.80273,-0.14648,-0.66921,84
855,64,3.2246,0.75,-0.34375,-0.66921,141
855,64,3.2617,0.61523,-0.56445,-0.66921,100
855,64,0,1.3184,-0.13086,-0.33461,35
856,64,0.039063,1.2266,-0.22656,0,10
856,64,0.041016,1.2793,-0.12305,0,108
856,64,0.041016,1.3223,-0.070313,0,387
856,64,0.042969,1.3594,-0.058594,0,585
856,64,0.042969,1.3984,-0.060547,0,442
856,64,0.044922,1.4355,-0.044922,0,200
856,64,0.091797,1.4727,0.042969,0,71
856,64,0.046875,1.5117,0.015625,0,33
856,64,-0.14453,1.5352,-0.16211,0,25
856,64,-0.24805,1.5488,-0.25781,0,18
856,64,0.041016,1.2832,-0.068359,0.33461,44
856,64,0.041016,1.3242,0.0019531,0.33461,156
856,64,0.042969,1.3613,0.025391,0.33461,240
856,64,0.042969,1.3984,0.03125,0.33461,181
856,64,0.044922,1.4355,0.056641,0.33461,84
856,64,0.046875,1.4688,0.13086,0.33461,31
856,64,0,1.5117,0.085938,0.33461,16
856,64,-0.19336,1.5391,-0.050781,0.33461,13
856,64,-4.2324,0,-6.7363,0.33461,17
856,64,-4.2559,0,6.582,0.33461,12
856,64,0,1.3203,0.11133,0.66921,16
856,64,0,1.3594,0.085938,0.66921,23
856,64,0.042969,1.3926,0.14063,0.66921,17
856,64,0.082031,1.1934,-0.56836,-2.0076,16
856,64,0.085938,1.2285,-0.58203,-2.0076,24
856,64,0.087891,1.25,-0.62305,-2.0076,19
856,64,0.16406,2.4043,-1.0039,-2.0076,21
856,64,0.24805,2.4785,-0.89844,-2.0076,36
856,64,0.25195,2.4785,-1.002,-2.0076,27
856,64,0.080078,1.166,-0.53711,-1.673,18
856,64,0.125,1.2246,-0.48633,-1.673,61
856,64,0.085938,1.2695,-0.48633,-1.673,92
856,64,0.087891,1.3008,-0.50781,-1.673,70
856,64,0.13477,1.3379,-0.50586,-1.673,31
856,64,0.091797,1.4082,-0.42773,-1.673,11
856,64,0,2.5469,-0.36914,-1.673,23
856,64,0.082031,2.498,-0.75586,-1.673,44
856,64,0.24805,2.5391,-0.71289,-1.673,65
856,64,0.25195,2.5449,-0.82031,-1.673,50
856,64,-0.33984,2.6855,-0.31055,-1.673,21
856,64,0.078125,1.1387,-0.50586,-1.3384,16
856,64,0.080078,1.2168,-0.41016,-1.3384,169
856,64,0.082031,1.2656,-0.38281,-1.3384,611
856,64,0.085938,1.3027,-0.38672,-1.3384,895
856,64,0.087891,1.3379,-0.40234,-1.3384,636
856,64,0.13477,1.377,-0.38867,-1.3384,259
856,64,0.13867,1.4336,-0.32031,-1.3384,87
856,64,0.14258,1.4609,-0.36719,-1.3384,41
856,64,0,1.4668,-0.50586,-1.3384,24
856,64,0.082031,2.5625,-0.49023,-1.3384,29
856,64,0.24805,2.5859,-0.51953,-1.3384,37
856,64,0.25195,2.5859,-0.68555,-1.3384,28
856,64,0.18359,0.87305,-0.75977,-1.0038,14
856,64,0.18945,1.0332,-0.60352,-1.0038,30
856,64,0.11719,1.1309,-0.51367,-1.0038,61
856,64,0.080078,1.2305,-0.36523,-1.0038,619
856,64,0.082031,1.2832,-0.31836,-1.0038,2225
856,64,0.085938,1.3223,-0.31445,-1.0038,3325
856,64,0.087891,1.3594,-0.32031,-1.0038,2472
856,64,0.089844,1.4023,-0.30664,-1.0038,1088
856,64,0.13867,1.4551,-0.19531,-1.0038,399
856,64,0,1.4766,-0.33594,-1.0038,257
856,64,-0.097656,1.4844,-0.4375,-1.0038,224
856,64,-0.14844,1.4766,-0.56641,-1.0038,106
857,64,0.25586,1.1191,-0.24023,0,21
857,64,0.11328,1.2012,0.099609,0,58
857,64,0.078125,1.2344,0.16602,0,142
857,64,0.080078,1.2754,0.14844,0,148
857,64,0.125,1.3164,0.058594,0,70
857,64,0.21289,1.3301,-0.19922,0,27
857,64,0.087891,1.3906,0.125,0,20
857,64,-0.22461,1.4102,-0.1582,0,39
857,64,-0.23047,1.4531,-0.11328,0,30
857,64,7.5156,4.0996,-0.69336,0,20
857,64,0.076172,1.1875,0.22656,0.33461,22
857,64,0.078125,1.2246,0.22852,0.33461,50
857,64,0.080078,1.2578,0.25391,0.33461,49
857,64,0.082031,1.3086,0.18164,0.33461,23
857,64,6.9785,4.9453,-0.77734,0.33461,13
857,64,0.076172,2.2441,-0.9082,-2.3422,18
857,64,0,2.2383,-1.0176,-2.3422,19
857,64,0,2.2539,-1.0762,-2.3422,14
857,64,0,2.1953,-1.2676,-2.3422,13
857,64,0.039063,1.1211,-0.54688,-2.0076,13
857,64,0,1.1895,-0.49023,-2.0076,11
857,64,0.076172,2.3145,-0.70898,-2.0076,29
857,64,0,2.3145,-0.83203,-2.0076,32
857,64,0.078125,2.2637,-1.0508,-2.0076,27
857,64,0,2.2852,-1.0977,-2.0076,23
857,64,0.037109,1.1133,-0.47266,-1.673,19
857,64,0.039063,1.1465,-0.49414,-1.673,37
857,64,0.041016,1.1914,-0.48242,-1.673,32
857,64,0,1.2148,-0.52734,-1.673,10
857,64,0,2.1973,-1.1875,-1.673,12
857,64,0.074219,1.123,-0.33203,-1.3384,75
857,64,0.076172,1.1621,-0.33008,-1.3384,490
857,64,0.078125,1.1992,-0.3418,-1.3384,1110
857,64,0.080078,1.2305,-0.36328,-1.3384,1082
857,64,0.082031,1.25,-0.42773,-1.3384,461
857,64,0.12695,1.1816,-0.66406,-1.3384,96
857,64,-0.13086,1.2813,-0.54688,-1.3384,87
857,64,-0.17969,1.3477,-0.46875,-1.3384,191
857,64,-0.13867,1.3926,-0.4668,-1.3384,150
857,64,-0.14258,1.4219,-0.5,-1.3384,45
857,64,0.074219,1.1484,-0.23047,-1.0038,155
857,64,0.076172,1.1875,-0.22656,-1.0038,1018
857,64,0.078125,1.2246,-0.23438,-1.0038,2333
857,64,0.080078,1.2559,-0.26172,-1.0038,2323
857,64,0.082031,1.2734,-0.35352,-1.0038,1000
857,64,0.16992,1.2109,-0.59961,-1.0038,229
857,64,-0.13086,1.3027,-0.49609,-1.0038,185
857,64,-0.22461,1.3574,-0.41406,-1.0038,445
857,64,-0.18359,1.4121,-0.38867,-1.0038,351
857,64,-0.18945,1.4414,-0.42188,-1.0038,105
857,64,-0.23242,3.6797,-0.38867,-1.0038,65
857,64,-0.23438,3.7129,-0.42773,-1.0038,59
857,64,0.10938,1.1504,-0.20508,-0.66921,117
857,64,0.076172,1.1992,-0.14648,-0.66921,669
857,64,0.11719,1.2344,-0.14648,-0.66921,1511
857,64,0.080078,1.2734,-0.16406,-0.66921,1525
857,64,0.125,1.2871,-0.28711,-0.66921,664
857,64,0.12695,1.2793,-0.45117,-0.66921,189
857,64,0.087891,1.3906,-0.13867,-0.66921,170
857,64,-0.17969,1.3887,-0.32227,-0.66921,314
857,64,-0.18359,1.4336,-0.29688,-0.66921,243
857,64,-0.14258,1.4727,-0.31836,-0.66921,72
857,64,3.2988,0.76758,-0.35352,-0.66921,121
857,64,0.17773,1.0801,-0.29883,-0.33461,12
858,64,-0.10352,1.0918,0.037109,0,20
858,64,-0.070313,1.1016,0.26563,0,71
858,64,-0.10938,1.1309,0.29102,0,116
858,64,0.22656,1.1387,0.3457,0,133
858,64,0.23438,1.1992,0.25977,0,162
858,64,0.24023,1.252,0.16602,0,104
858,64,0.33008,1.2813,0.066406,0,48
858,64,-0.21289,1.3281,-0.21875,0,51
858,64,-0.26172,1.3711,-0.099609,0,24
858,64,0,1.1172,0.20117,0.33461,27
858,64,0.037109,1.1582,0.17969,0.33461,42
858,64,0.18945,1.1934,0.076172,0.33461,74
858,64,0.19531,1.2227,0.16211,0.33461,87
858,64,0.20117,1.2441,0.25781,0.33461,52
858,64,-0.28906,1.2891,-0.09375,0.33461,21
858,64,-0.25586,1.3379,-0.039063,0.33461,24
858,64,0.18945,1.1523,-0.31641,0.66921,15
858,64,0.19531,1.2246,-0.15039,0.66921,14
858,64,-0.20703,1.1582,-0.60938,-2.0076,12
858,64,-0.16992,1.1875,-0.64453,-2.0076,11
858,64,0,2.1934,-0.41016,-2.0076,11
858,64,0.070313,2.2461,-0.31445,-2.0076,19
858,64,0,2.2949,-0.24023,-2.0076,18
858,64,0,1.1523,-0.22266,-1.673,15
858,64,0.22656,1.1758,-0.17188,-1.673,18
858,64,0.23438,1.2109,-0.19531,-1.673,25
858,64,-0.20117,1.1289,-0.58203,-1.673,49
858,64,-0.16602,1.207,-0.51758,-1.673,121
858,64,-0.16992,1.2383,-0.54297,-1.673,129
858,64,-0.17578,1.2598,-0.58594,-1.673,66
858,64,-0.22461,1.2793,-0.61523,-1.673,12
858,64,0,2.2324,0.019531,-1.673,16
858,64,0,2.2695,-0.0019531,-1.673,31
858,64,0,2.3047,-0.13281,-1.673,36
858,64,-0.14648,2.3242,-0.27734,-1.673,29
858,64,-0.52148,1.1934,1.9961,-1.673,22
858,64,-0.60547,1.0801,2.0801,-1.673,17
858,64,-0.10352,1.0391,-0.33984,-1.3384,37
858,64,-0.10547,1.123,-0.13281,-1.3384,99
858,64,-0.10938,1.1621,-0.11914,-1.3384,134
858,64,0.22656,1.1895,-0.0039063,-1.3384,121
858,64,0.23438,1.2168,-0.14648,-1.3384,167
858,64,-0.24023,1.2461,-0.20703,-1.3384,180
858,64,-0.16602,1.2441,-0.41992,-1.3384,408
858,64,-0.16992,1.2637,-0.47656,-1.3384,439
858,64,-0.17578,1.2852,-0.52734,-1.3384,213
858,64,-0.17969,1.2832,-0.62305,-1.3384,48
858,64,-0.2207,2.207,0.75977,-1.3384,27
858,64,-0.37305,1.7813,1.5391,-1.3384,21
858,64,0.45313,2.3516,-0.35547,-1.3384,21
858,64,0.46094,2.3945,-0.32031,-1.3384,21
858,64,-0.099609,0.99219,-0.35547,-1.0038,16
858,64,-0.068359,1.0801,-0.18359,-1.0038,127
858,64,-0.070313,1.1328,-0.041016,-1.0038,377
858,64,-0.074219,1.168,-0.082031,-1.0038,507
858,64,0.18945,1.1953,0.058594,-1.0038,522
858,64,0.19531,1.2324,-0.0097656,-1.0038,790
858,64,0.20117,1.2695,-0.035156,-1.0038,594
858,64,-0.16602,1.2695,-0.33789,-1.0038,413
858,64,-0.21289,1.2715,-0.43945,-1.0038,431
858,64,-0.21875,1.2949,-0.48438,-1.0038,208
858,64,-0.22461,1.2793,-0.61719,-1.0038,48
858,64,-0.56836,3.3281,-1.3418,-1.0038,68
858,64,-0.57422,3.3574,-1.3672,-1.0038,46
859,64,-0.066406,1.0566,0.017578,0,51
859,64,-0.035156,1.0938,0.074219,0,102
859,64,0.070313,1.123,0.15234,0,142
859,64,0.18359,1.1406,0.19922,0,191
859,64,0.22656,1.1738,-0.1875,0,203
859,64,0.27344,1.1816,-0.29492,0,163
859,64,0.32227,1.1934,-0.35547,0,70
859,64,0,1.3203,-0.091797,0,28
859,64,-0.068359,2.1582,0.38867,0,32
859,64,-1.2656,0.42188,-1.9746,0,34
859,64,2.9082,0.82813,-0.69336,0,43
859,64,2.9434,0.97266,-0.49609,0,56
859,64,-0.099609,1.0527,-0.076172,0.33461,29
859,64,-0.068359,1.0938,-0.048828,0.33461,52
859,64,0,1.1348,0.013672,0.33461,45
859,64,0.18359,1.1563,-0.070313,0.33461,64
859,64,0.18945,1.1914,-0.10938,0.33461,72
859,64,0.23438,1.2207,-0.11133,0.33461,42
859,64,-0.24023,1.0977,-0.625,0.33461,17
859,64,0.18359,1.1582,-0.041016,0.66921,16
859,64,0.18945,1.1934,-0.0625,0.66921,22
859,64,0.19531,1.2305,-0.078125,0.66921,15
859,64,-0.2793,2.2109,-0.13086,-2.0076,15
859,64,-0.42578,2.2266,0.11719,-2.0076,18
859,64,0,0.98047,-0.49414,-1.673,20
859,64,-0.070313,0.96289,-0.5957,-1.673,18
859,64,-0.18359,1.0449,-0.5,-1.673,61
859,64,-0.22656,1.0664,-0.52539,-1.673,143
859,64,-0.23438,1.0879,-0.56836,-1.673,145
859,64,-0.24023,1.0996,-0.62305,-1.673,66
859,64,-0.24805,1.1191,-0.66211,-1.673,12
859,64,0,1.9961,-0.71094,-1.673,28
859,64,0,2.0449,-0.68555,-1.673,46
859,64,0,2.0957,-0.65039,-1.673,50
859,64,0,2.168,-0.53125,-1.673,36
859,64,-0.074219,2.1758,-0.875,-1.673,26
859,64,-0.7168,3.75,-0.1582,-1.673,25
859,64,0,1,-0.35156,-1.3384,49
859,64,-0.035156,1.0117,-0.42188,-1.3384,85
859,64,0.035156,1.0703,-0.37695,-1.3384,52
859,64,-0.25586,1.0879,-0.35547,-1.3384,257
859,64,-0.22656,1.127,-0.38281,-1.3384,592
859,64,-0.23438,1.1582,-0.40625,-1.3384,562
859,64,-0.28125,1.1777,-0.43164,-1.3384,192
859,64,-0.125,1.2188,-0.50391,-1.3384,21
859,64,0,2.0586,-0.5,-1.3384,50
859,64,0,2.0898,-0.53125,-1.3384,80
859,64,0,2.1289,-0.5332,-1.3384,87
859,64,0,2.1973,-0.39453,-1.3384,62
859,64,0,0.94336,-0.39258,-1.0038,104
859,64,0,1.0059,-0.33594,-1.0038,524
859,64,0,1.0352,-0.36328,-1.0038,878
859,64,0,1.0566,-0.41211,-1.0038,561
859,64,-0.29297,1.125,0.16016,-1.0038,259
859,64,-0.26563,1.1543,-0.25,-1.0038,743
859,64,-0.27344,1.1836,-0.28711,-1.0038,798
859,64,-0.20117,1.2148,-0.36914,-1.0038,362
859,64,-0.16602,1.2129,-0.50391,-1.0038,104
859,64,-0.21289,1.2715,-0.43945,-1.0038,31
859,64,0,2.1113,-0.44141,-1.0038,46
859,64,0,2.1602,-0.38672,-1.0038,63
859,64,0.070313,2.2148,-0.25977,-1.0038,49
859,64,-0.03125,0.86914,-0.45898,-0.66921,16
859,64,0,0.9707,-0.31836,-0.66921,167
860,64,-0.058594,0.94336,-0.035156,0,54
860,64,-0.03125,0.98242,-0.050781,0,389
860,64,-0.03125,1.0195,-0.060547,0,1000
860,64,-0.033203,1.0566,-0.078125,0,1129
860,64,0,1.0938,-0.080078,0,637
860,64,0.070313,1.127,0.11914,0,299
860,64,0.14648,1.1523,0.16406,0,227
860,64,0.15039,1.2012,0.042969,0,176
860,64,0.15625,1.2344,-0.10547,0,124
860,64,0.16016,1.2559,-0.22656,0,62
860,64,-0.087891,0.94141,-0.0039063,0.33461,11
860,64,-0.060547,0.98242,0.0078125,0.33461,83
860,64,-0.064453,1.0195,0.0019531,0.33461,215
860,64,-0.033203,1.0586,-0.019531,0.33461,246
860,64,0,1.0957,-0.050781,0.33461,135
860,64,-0.31836,1.0664,0.21875,0.33461,89
860,64,0.29297,1.1074,-0.25,0.33461,54
860,64,0.30273,1.1602,-0.16797,0.33461,58
860,64,0.27344,1.2188,-0.0078125,0.33461,24
860,64,-0.060547,0.97852,0.070313,0.66921,17
860,64,-0.03125,1.0176,0.076172,0.66921,43
860,64,-0.066406,1.0566,0.050781,0.66921,50
860,64,0,1.0957,0.033203,0.66921,27
860,64,0.29297,1.1191,-0.19141,0.66921,17
860,64,0.22656,1.1875,-0.064453,0.66921,20
860,64,-0.064453,1.0098,0.14453,1.0038,19
860,64,-0.066406,1.0527,0.10547,1.0038,22
860,64,0,1.0918,0.10352,1.0038,12
860,64,-0.58008,2.5,-0.6543,-2.0076,20
860,64,-0.20508,1.0762,-0.044922,-1.673,28
860,64,-0.21289,1.0918,-0.22656,-1.673,33
860,64,-0.25586,1.0625,-0.42188,-1.673,19
860,64,0.10547,0.98828,-1.3828,-1.673,16
860,64,0.10938,1.0801,-1.3613,-1.673,20
860,64,0,0.94141,-0.28711,-1.3384,23
860,64,0,0.96484,-0.33594,-1.3384,61
860,64,0,0.95508,-0.45898,-1.3384,71
860,64,-0.20508,1.0527,-0.23047,-1.3384,200
860,64,-0.24805,1.0723,-0.27539,-1.3384,273
860,64,-0.25586,1.1074,-0.28711,-1.3384,159
860,64,-0.33984,1.1445,-0.19922,-1.3384,38
860,64,0,0.92969,-0.17773,-1.0038,70
860,64,-0.03125,0.96094,-0.21094,-1.0038,512
860,64,0,0.99414,-0.23438,-1.0038,1319
860,64,-0.033203,1.0313,-0.23828,-1.0038,1545
860,64,-0.068359,1.0801,-0.17969,-1.0038,1129
860,64,-0.21289,1.0996,-0.18555,-1.0038,1012
860,64,-0.2207,1.1348,-0.19531,-1.0038,634
860,64,-0.30273,1.1484,-0.23047,-1.0038,197
860,64,-0.42969,1.1074,0.38477,-1.0038,46
860,64,0,6.8203,-0.62109,-1.0038,36
860,64,-0.056641,0.90625,-0.011719,-0.66921,15
860,64,-0.029297,0.9375,-0.12109,-0.66921,191
860,64,-0.03125,0.9707,-0.15625,-0.66921,1388
860,64,-0.03125,1.0059,-0.17383,-0.66921,3617
860,64,-0.033203,1.041,-0.18945,-0.66921,4185
860,64,-0.035156,1.0859,-0.15234,-0.66921,2606
860,64,-0.10547,1.1289,-0.056641,-0.66921,1351
860,64,-0.18359,1.1543,-0.087891,-0.66921,752
860,64,-0.22656,1.1797,-0.1543,-0.66921,235
860,64,0.19531,1.207,-0.25391,-0.66921,130
860,64,0.16016,1.2324,-0.33203,-0.66921,83
860,64,0.16602,1.2676,-0.34766,-0.66921,52
860,64,-0.056641,0.9043,0.048828,-0.33461,13
861,64,0,0.86133,-0.12891,0,12
861,64,-0.029297,0.90039,-0.11328,0,152
861,64,-0.029297,0.93945,-0.10156,0,576
861,64,-0.03125,0.98047,-0.076172,0,857
861,64,-0.064453,1.0195,-0.041016,0,536
861,64,0.19922,0.38672,-0.9668,0,110
861,64,0.10352,1.0039,0.42773,0,105
861,64,0.2832,1.0723,-0.23633,0,195
861,64,0.33008,1.082,-0.31055,0,265
861,64,0.41602,1.0078,-0.52539,0,120
861,64,0.15625,1.2188,-0.2168,0,84
861,64,0.24023,1.2305,-0.29102,0,52
861,64,-0.35547,2.1934,0.4668,0,48
861,64,-0.029297,0.90625,-0.039063,0.33461,34
861,64,-0.029297,0.94531,-0.039063,0.33461,126
861,64,-0.060547,0.98242,-0.015625,0.33461,191
861,64,-0.064453,1.0195,0.021484,0.33461,121
861,64,-0.19922,1.0313,0.13672,0.33461,27
861,64,0.10352,1.0742,-0.20313,0.33461,27
861,64,0.14648,1.1602,-0.085938,0.33461,12
861,64,0.18945,1.1934,-0.083984,0.33461,19
861,64,0.15625,1.2227,-0.19922,0.33461,14
861,64,-0.029297,0.94531,0.037109,0.66921,24
861,64,-0.060547,0.98047,0.054688,0.66921,35
861,64,-0.095703,1.0137,0.078125,0.66921,22
861,64,-0.091797,0.96875,0.13672,1.0038,14
861,64,0,0.87891,-0.44141,-1.673,11
861,64,0.14453,0.51172,-1.457,-1.673,13
861,64,0.099609,0.51758,-1.5,-1.673,15
861,64,0,0.83398,-0.36133,-1.3384,10
861,64,0,0.87305,-0.36133,-1.3384,37
861,64,-0.060547,0.91602,-0.35156,-1.3384,61
861,64,-0.16016,0.96484,-0.29883,-1.3384,53
861,64,-0.23242,0.98828,-0.30469,-1.3384,39
861,64,-0.27344,1.002,-0.35156,-1.3384,21
861,64,0.14844,0.74023,-1.3984,-1.3384,23
861,64,0,1.8633,-0.33008,-1.3384,63
861,64,0,1.9023,-0.32227,-1.3384,70
861,64,0,0.87109,-0.25781,-1.0038,159
861,64,0,0.91016,-0.25977,-1.0038,599
861,64,0,0.95313,-0.24219,-1.0038,885
861,64,0,1,-0.21094,-1.0038,539
861,64,-0.29883,0.96094,-0.33008,-1.0038,252
861,64,-0.30859,1.043,-0.13672,-1.0038,177
861,64,-0.35547,0.80273,-0.71875,-1.0038,97
861,64,0.10938,1.168,0.015625,-1.0038,40
861,64,0,1.8828,-0.18555,-1.0038,72
861,64,0.060547,1.9199,-0.1875,-1.0038,83
861,64,0.060547,1.9648,-0.074219,-1.0038,47
861,64,0,0.85352,-0.16602,-0.66921,36
861,64,-0.029297,0.88477,-0.20313,-0.66921,465
861,64,0,0.92188,-0.21094,-0.66921,1753
861,64,0,0.96484,-0.18945,-0.66921,2621
861,64,0,1.0098,-0.15625,-0.66921,1626
861,64,-0.33008,0.89258,-0.46484,-0.66921,366
861,64,-0.34375,1.043,-0.0078125,-0.66921,279
861,64,0.21289,1.1035,-0.16406,-0.66921,231
861,64,0.33008,1.0273,-0.46094,-0.66921,254
861,64,0.41602,0.45117,-1.043,-0.66921,110
861,64,0.15625,1.2109,-0.25781,-0.66921,97
861,64,0.20117,1.2441,-0.26172,-0.66921,50
861,64,0,0.85938,-0.13672,-0.33461,33
861,64,0,0.89258,-0.16602,-0.33461,425
861,64,-0.029297,0.93359,-0.1543,-0.33461,1622
862,64,0.025391,0.78906,-0.26172,0,23
862,64,-0.16406,0.50391,0.68945,0,125
862,64,-0.11328,0.83398,0.3418,0,301
862,64,-0.029297,0.94141,0.091797,0,451
862,64,-0.30664,0.92969,0.10156,0,264
862,64,-0.22266,0.99219,0.097656,0,212
862,64,-0.099609,1.0547,0.013672,0,157
862,64,0.27344,1.0625,0,0,104
862,64,0.2832,1.0977,-0.027344,0,150
862,64,-0.18359,1.1504,0.12891,0,68
862,64,-0.22656,1.1758,-0.17773,0,34
862,64,-0.34375,2.0391,0.73828,0,58
862,64,-0.34961,2.1191,0.61133,0,77
862,64,-0.35547,2.1855,0.49805,0,58
862,64,-0.16406,0.45117,0.72656,0.33461,26
862,64,-0.11328,0.82617,0.35938,0.33461,67
862,64,-0.029297,0.93555,0.13672,0.33461,102
862,64,-0.30664,0.91797,0.17383,0.33461,58
862,64,-0.22266,0.98438,0.16016,0.33461,48
862,64,-0.13281,1.0508,0.044922,0.33461,35
862,64,0.27344,1.0625,0.035156,0.33461,23
862,64,0.21289,1.1133,0.041016,0.33461,33
862,64,0.25586,1.1309,0.17383,0.33461,14
862,64,-0.11328,0.83398,0.33789,0.66921,12
862,64,-0.058594,0.92969,0.16211,0.66921,19
862,64,0,1.6504,-0.66406,-1.673,14
862,64,0,1.6719,-0.70898,-1.673,19
862,64,-0.056641,0.9043,0.054688,-1.3384,19
862,64,0,0.93359,-0.15039,-1.3384,30
862,64,-0.27734,0.91602,-0.23242,-1.3384,19
862,64,-0.22266,0.98047,-0.17773,-1.3384,13
862,64,-0.066406,1.0098,-0.31445,-1.3384,10
862,64,-0.054688,1.6641,-0.50586,-1.3384,35
862,64,0,1.6953,-0.53711,-1.3384,96
862,64,-0.056641,1.7266,-0.55859,-1.3384,116
862,64,0,1.748,-0.61914,-1.3384,64
862,64,0,3.3125,-0.32813,-1.3384,60
862,64,0.10547,3.3555,-0.25195,-1.3384,58
862,64,-0.13672,0.83789,0.1875,-1.0038,105
862,64,-0.085938,0.9043,0.023438,-1.0038,309
862,64,0,0.93555,-0.13867,-1.0038,428
862,64,-0.27734,0.94336,-0.015625,-1.0038,237
862,64,-0.22266,0.99414,-0.082031,-1.0038,203
862,64,-0.099609,1.0371,-0.19141,-1.0038,131
862,64,0.27344,1.0352,-0.24023,-1.0038,106
862,64,0.2832,1.0625,-0.2832,-1.0038,165
862,64,0.29297,1.0977,-0.28906,-1.0038,87
862,64,-0.054688,1.6973,-0.37891,-1.0038,52
862,64,-0.054688,1.7285,-0.41406,-1.0038,133
862,64,-0.056641,1.7598,-0.44531,-1.0038,152
862,64,-0.058594,1.7949,-0.45898,-1.0038,83
862,64,0,3.3672,0.054688,-1.0038,91
862,64,-0.10352,0.43555,-0.70117,-0.66921,49
862,64,-0.13672,0.78125,0.35742,-0.66921,329
862,64,-0.085938,0.89648,0.12109,-0.66921,916
862,64,0,0.94336,-0.066406,-0.66921,1306
862,64,-0.30664,0.93359,0.0019531,-0.66921,738
862,64,-0.22266,0.99609,-0.021484,-0.66921,621
862,64,-0.099609,1.0469,-0.125,-0.66921,411
862,64,0.30859,1.0391,-0.16992,-0.66921,320
862,64,0.2832,1.0801,-0.19922,-0.66921,481
862,64,0.29297,1.123,-0.17383,-0.66921,232
862,64,-0.18945,1.1641,-0.26953,-0.66921,75
862,64,-0.078125,0.62695,-0.54297,-0.33461,53
863,64,-0.125,0.625,0.47461,0,26
863,64,-0.078125,0.7832,0.26953,0,170
863,64,-0.027344,0.85742,0.15039,0,441
863,64,0,0.90625,0.066406,0,477
863,64,-0.23633,0.90039,-0.16797,0,418
863,64,-0.21484,0.95898,-0.039063,0,312
863,64,-0.095703,0.94336,0.37891,0,115
863,64,-0.066406,1.0488,0.14063,0,63
863,64,3.0078,0,3.8477,0,33
863,64,-0.078125,0.77344,0.29883,0.33461,37
863,64,-0.054688,0.8457,0.19727,0.33461,96
863,64,0,0.90039,0.11328,0.33461,103
863,64,-0.26563,0.90039,-0.11133,0.33461,75
863,64,-0.27734,0.94336,-0.037109,0.33461,55
863,64,0.25586,0.96875,0.19531,0.33461,21
863,64,1.4668,5.6738,0.20703,0.33461,32
863,64,1.4746,5.709,0.25586,0.33461,40
863,64,1.6699,5.6992,0.076172,0.33461,24
863,64,0,0.83008,0.25977,0.66921,11
863,64,0,0.88672,0.19922,0.66921,13
863,64,0,0.85547,-0.1543,-1.673,9
863,64,0,1.5859,-0.50781,-1.673,20
863,64,0,1.6035,-0.57031,-1.673,22
863,64,0,1.6563,-0.53516,-1.673,10
863,64,-0.052734,0.83008,0.013672,-1.3384,13
863,64,0,0.86523,-0.097656,-1.3384,29
863,64,0.029297,0.88867,-0.1875,-1.3384,31
863,64,-0.26563,0.85742,-0.29492,-1.3384,20
863,64,-0.24609,0.91992,-0.24609,-1.3384,15
863,64,-0.15234,1.5938,-0.28906,-1.3384,34
863,64,-0.10352,1.6309,-0.31641,-1.3384,79
863,64,-0.052734,1.6563,-0.39258,-1.3384,91
863,64,0,1.6777,-0.4668,-1.3384,54
863,64,-0.16602,1.5762,-0.80664,-1.3384,22
863,64,-0.39648,0.37695,-1.7324,-1.3384,28
863,64,-0.40625,0.87695,1.582,-1.3384,50
863,64,-0.35547,1.2676,1.3574,-1.3384,55
863,64,0.025391,0.67969,-0.4082,-1.0038,33
863,64,0.052734,0.64844,-0.51953,-1.0038,75
863,64,-0.054688,0.81445,-0.30273,-1.0038,48
863,64,0,0.89648,-0.14063,-1.0038,101
863,64,-0.20703,0.70117,-0.59961,-1.0038,147
863,64,-0.24609,0.92383,-0.23242,-1.0038,106
863,64,0.31836,0.95898,-0.14258,-1.0038,96
863,64,0.29883,0.9375,-0.39453,-1.0038,130
863,64,0.34375,0.95703,-0.41211,-1.0038,113
863,64,0.35547,0.9707,-0.4707,-1.0038,45
863,64,-0.10352,1.6582,-0.087891,-1.0038,78
863,64,-0.052734,1.6836,-0.24219,-1.0038,94
863,64,0,1.707,-0.34375,-1.0038,65
863,64,-0.11133,1.6191,-0.72656,-1.0038,28
863,64,-0.39648,0.83789,-1.5625,-1.0038,30
863,64,-0.34766,0.087891,1.8184,-1.0038,51
863,64,0.074219,0.69922,-0.36914,-0.66921,63
863,64,-0.13086,0.70313,0.42578,-0.66921,107
863,64,-0.027344,0.86328,0.11328,-0.66921,434
863,64,0.029297,0.9082,0.0039063,-0.66921,658
863,64,-0.23633,0.82813,-0.39258,-0.66921,699
863,64,-0.21484,0.94922,-0.14063,-0.66921,499
863,64,0.31836,0.96875,0.068359,-0.66921,261
863,64,0.29883,0.95898,-0.33984,-0.66921,238
863,64,0.30859,1,-0.32813,-0.66921,215
863,64,0.35547,1.0078,-0.38086,-0.66921,86
863,64,0.099609,0.72461,-0.31055,-0.33461,47
864,64,0,0.69727,0.17773,0,13
864,64,0,0.75586,0.035156,0,167
864,64,0,0.79492,0.021484,0,508
864,64,0.025391,0.83008,0.056641,0,647
864,64,0.054688,0.84766,0.1875,0,462
864,64,-0.22656,0.87891,0.035156,0,493
864,64,-0.26563,0.89844,0.13086,0,309
864,64,0.27734,0.94336,0.048828,0,238
864,64,0.28711,0.98047,0.021484,0,131
864,64,0.33008,1.0039,0.0625,0,61
864,64,-0.125,1.8535,0.75586,0,51
864,64,3.6953,0,4.6367,0,40
864,64,3.7246,0,4.498,0,41
864,64,-0.023438,0.75,0.09375,0.33461,36
864,64,0,0.79102,0.070313,0.33461,109
864,64,0.025391,0.82617,0.095703,0.33461,136
864,64,0,0.83984,0.23047,0.33461,90
864,64,-0.19922,0.85938,0.21484,0.33461,92
864,64,0.23633,0.91211,0.089844,0.33461,56
864,64,0.24609,0.94922,0.082031,0.33461,61
864,64,0.25586,0.98828,0.03125,0.33461,43
864,64,0.26563,1.0254,0.0078125,0.33461,19
864,64,3.5762,0,4.7344,0.33461,18
864,64,4.0293,0,5.2852,0.33461,22
864,64,1.8438,5.543,-0.83594,0.33461,43
864,64,1.8555,5.6152,-0.55469,0.33461,28
864,64,0,0.78516,0.12109,0.66921,17
864,64,0,0.82031,0.14063,0.66921,21
864,64,-0.13672,0.83984,0.18164,0.66921,16
864,64,-0.22656,0.83789,0.26953,0.66921,15
864,64,0.27734,0.86719,-0.37109,-1.673,13
864,64,0.31836,0.85742,-0.45313,-1.673,13
864,64,0.21289,1.5781,-0.59961,-1.673,10
864,64,0.2168,1.6543,-0.49219,-1.673,16
864,64,0.22266,1.7109,-0.42773,-1.673,14
864,64,-0.2832,1.5645,0.87891,-1.673,13
864,64,-0.23242,1.5059,1.0566,-1.673,14
864,64,0.025391,0.77148,-0.19141,-1.3384,29
864,64,0.025391,0.81641,-0.15625,-1.3384,36
864,64,0.027344,0.86719,-0.052734,-1.3384,24
864,64,-0.19922,0.87695,-0.12305,-1.3384,20
864,64,0.26563,0.88086,-0.21484,-1.3384,29
864,64,0.24609,0.91211,-0.27539,-1.3384,47
864,64,0.28711,0.91406,-0.35352,-1.3384,44
864,64,0.048828,1.2031,-1.0371,-1.3384,20
864,64,0.15625,1.457,-0.79102,-1.3384,15
864,64,0.16016,1.6211,-0.49805,-1.3384,33
864,64,0.16406,1.7051,-0.3125,-1.3384,44
864,64,0.72266,0,1.7773,-1.3384,40
864,64,-0.2832,1.4336,1.0781,-1.3384,36
864,64,0.023438,0.74609,-0.12109,-1.0038,88
864,64,0.025391,0.7793,-0.15039,-1.0038,276
864,64,0.025391,0.82227,-0.13281,-1.0038,335
864,64,0.027344,0.86914,0.044922,-1.0038,190
864,64,-0.16992,0.89063,-0.035156,-1.0038,141
864,64,-0.17773,0.92773,-0.056641,-1.0038,108
864,64,0.24609,0.9082,-0.28711,-1.0038,401
864,64,0.28711,0.92969,-0.31055,-1.0038,470
864,64,0.29883,0.95313,-0.35352,-1.0038,212
864,64,0.048828,1.2969,-0.91602,-1.0038,33
864,64,0.15234,1.1309,-1.1602,-1.0038,27
864,64,0.052734,1.6523,-0.4082,-1.0038,30
864,64,0,1.7402,-0.054688,-1.0038,45
864,64,0.66602,0,-1.6934,-1.0038,49
865,64,0.10547,0.67188,0.017578,0,31
865,64,0.11328,0.70898,-0.0097656,0,310
865,64,0.11914,0.74805,0.0058594,0,1173
865,64,0.099609,0.78906,0.0039063,0,1911
865,64,0.10352,0.82617,-0.021484,0,1413
865,64,-0.18945,0.80859,0.25977,0,580
865,64,-0.19922,0.86719,0.18164,0,223
865,64,0.32422,0.88086,-0.11523,0,165
865,64,0.30664,0.93359,-0.019531,0,104
865,64,0,1.9102,0.47461,0,114
865,64,0,1.9316,0.54102,0,102
865,64,0.089844,0.71094,0.060547,0.33461,38
865,64,0.09375,0.74805,0.056641,0.33461,148
865,64,0.099609,0.78516,0.058594,0.33461,242
865,64,0.078125,0.82813,0.044922,0.33461,175
865,64,0.082031,0.85938,-0.10742,0.33461,52
865,64,0.2832,0.85156,0.13867,0.33461,37
865,64,0.29492,0.89648,0.064453,0.33461,33
865,64,0.27734,0.94336,0,0.33461,18
865,64,0.125,0.73633,-0.27344,-2.0076,10
865,64,0.11914,0.68945,-0.28906,-1.673,13
865,64,0.125,0.74414,-0.24609,-1.673,21
865,64,0.10352,0.77734,-0.27734,-1.673,15
865,64,-0.25391,1.4219,0.74805,-1.673,16
865,64,-0.20898,1.5039,0.68359,-1.673,20
865,64,0.76758,2.0273,-0.5293,-1.673,26
865,64,0.11328,0.69727,-0.13477,-1.3384,9
865,64,0.11914,0.72461,-0.18164,-1.3384,33
865,64,0.125,0.76172,-0.19141,-1.3384,55
865,64,0.13086,0.78906,-0.23047,-1.3384,40
865,64,0.18945,0.73633,-0.42188,-1.3384,17
865,64,0.3125,0.7207,-0.45508,-1.3384,41
865,64,0.32422,0.73242,-0.50391,-1.3384,49
865,64,0.33789,0.73047,-0.56641,-1.3384,25
865,64,0.79492,0,1.4063,-1.3384,13
865,64,0.8125,0,1.4961,-1.3384,30
865,64,0.78125,0,1.5059,-1.3384,39
865,64,0.74414,0,1.5645,-1.3384,32
865,64,0.65234,0,1.7148,-1.3384,25
865,64,0.76758,2.0469,-0.45313,-1.3384,43
865,64,0.11328,0.69336,-0.15039,-1.0038,37
865,64,0.11914,0.73438,-0.13867,-1.0038,149
865,64,0.125,0.77148,-0.14258,-1.0038,243
865,64,0.10352,0.81055,-0.15625,-1.0038,172
865,64,0.27148,0.73047,-0.38867,-1.0038,74
865,64,0.3125,0.76563,-0.375,-1.0038,222
865,64,0.32422,0.80664,-0.37109,-1.0038,301
865,64,0.33789,0.84766,-0.36719,-1.0038,173
865,64,0.35156,0.9082,-0.31055,-1.0038,29
865,64,0.046875,1.4707,-0.10742,-1.0038,36
865,64,0.14258,1.4844,-0.25977,-1.0038,48
865,64,0.19336,1.5039,-0.32422,-1.0038,38
865,64,-0.5957,0.91211,1.1582,-1.0038,34
865,64,0.76172,0,1.584,-1.0038,36
865,64,0.78125,0,1.6113,-1.0038,51
865,64,0.69141,0,1.5723,-1.0038,44
865,64,0.10547,0.66797,-0.072266,-0.66921,35
865,64,0.11328,0.70313,-0.099609,-0.66921,360
865,64,0.11914,0.74219,-0.089844,-0.66921,1375
865,64,0.099609,0.7832,-0.095703,-0.66921,2187
865,64,0.13086,0.8125,-0.11914,-0.66921,1613
865,64,-0.16406,0.81641,0.25391,-0.66921,584
865,64,-0.11328,0.88867,0.14453,-0.66921,231
865,64,0.29492,0.86328,-0.25,-0.66921,446
866,64,0,0.61719,-0.18164,0,22
866,64,0.042969,0.67188,-0.10156,0,255
866,64,0.044922,0.71484,-0.056641,0,853
866,64,0.023438,0.75586,-0.015625,0,1186
866,64,0.048828,0.79297,0.029297,0,766
866,64,0.18164,0.8125,0.0058594,0,348
866,64,0.24414,0.83398,0.027344,0,481
866,64,0.25586,0.87109,-0.0019531,0,433
866,64,0.29492,0.89648,-0.058594,0,180
866,64,0.021484,0.67969,0.037109,0.33461,21
866,64,0,0.71484,0.070313,0.33461,64
866,64,0,0.75195,0.080078,0.33461,82
866,64,0,0.79102,0.080078,0.33461,53
866,64,-0.13086,0.82031,-0.054688,0.33461,55
866,64,-0.16406,0.85352,-0.052734,0.33461,68
866,64,0.22656,0.87695,0.0625,0.33461,43
866,64,0.26563,0.90625,0.042969,0.33461,19
866,64,0,0.67969,0.037109,0.66921,13
866,64,0,0.7168,0.064453,0.66921,41
866,64,0,0.75,0.10352,0.66921,56
866,64,0,0.7832,0.12891,0.66921,36
866,64,-0.13086,0.82031,0.039063,0.66921,17
866,64,-0.18945,0.84961,-0.013672,0.66921,22
866,64,0,0.71289,0.089844,1.0038,16
866,64,0,0.74414,0.13672,1.0038,22
866,64,0,0.77344,0.17969,1.0038,13
866,64,0,0.69336,0.19141,1.3384,8
866,64,0,0.72266,0.22266,1.3384,11
866,64,0.10547,0.63477,-0.2207,-1.0038,9
866,64,0.13477,0.64844,-0.28125,-1.0038,21
866,64,0.14258,0.66797,-0.32813,-1.0038,17
866,64,0.29883,0.69336,-0.24805,-1.0038,52
866,64,0.3125,0.70703,-0.31055,-1.0038,183
866,64,0.32617,0.71875,-0.36523,-1.0038,265
866,64,0.33984,0.73828,-0.4043,-1.0038,186
866,64,0.35547,0.77148,-0.41602,-1.0038,61
866,64,0.13477,1.291,-0.61914,-1.0038,45
866,64,0.13867,1.2793,-0.72266,-1.0038,34
866,64,0.097656,1.5059,-0.36133,-1.0038,31
866,64,0.14844,1.5645,-0.23438,-1.0038,34
866,64,0.099609,0.62109,-0.13672,-0.66921,21
866,64,0.064453,0.65039,-0.19141,-0.66921,228
866,64,0.044922,0.69922,-0.16211,-0.66921,761
866,64,0.046875,0.74609,-0.11328,-0.66921,1073
866,64,0.074219,0.78711,-0.076172,-0.66921,655
866,64,0.25977,0.77344,-0.16602,-0.66921,591
866,64,0.29883,0.79492,-0.19141,-0.66921,913
866,64,0.2832,0.83789,-0.20898,-0.66921,718
866,64,0.32422,0.86133,-0.2207,-0.66921,276
866,64,0.13477,1.3008,-0.59766,-0.66921,107
866,64,0.091797,1.25,-0.77734,-0.66921,77
866,64,-0.47266,1.084,0.94531,-0.66921,36
866,64,0,1.5313,-0.25391,-0.66921,57
866,64,0.099609,1.5801,-0.12695,-0.66921,57
866,64,0.019531,0.60938,-0.20313,-0.33461,39
866,64,0.042969,0.66211,-0.15039,-0.33461,465
866,64,0.044922,0.71094,-0.10352,-0.33461,1591
866,64,0.046875,0.75195,-0.060547,-0.33461,2205
866,64,0.074219,0.79102,-0.027344,-0.33461,1395
866,64,0.20898,0.80273,-0.078125,-0.33461,735
866,64,0.27148,0.82422,-0.064453,-0.33461,1082
866,64,0.2832,0.85742,-0.085938,-0.33461,924
866,64,0.29492,0.88867,-0.13867,-0.33461,367
866,64,0.18945,0.83789,0.13281,0.33461,48
867,64,0.099609,0.58594,-0.24609,0,42
867,64,0.12695,0.5918,-0.3125,0,137
867,64,-0.089844,0.67188,0.24023,0,208
867,64,-0.046875,0.74805,0.10352,0,207
867,64,0.29883,0.73438,-0.068359,0,253
867,64,0.28516,0.78125,-0.021484,0,330
867,64,0.32617,0.79688,0.13086,0,229
867,64,-0.14258,0.88867,0.11523,0,138
867,64,0.042969,1.2813,-0.46094,0,86
867,64,0,1.2383,-0.65234,0,76
867,64,-0.50781,1.0977,0.8457,0,28
867,64,-0.51953,1.418,0.087891,0,23
867,64,0.060547,0.60938,-0.19727,0.33461,16
867,64,0.085938,0.61914,-0.27148,0.33461,50
867,64,-0.11328,0.61328,0.35742,0.33461,59
867,64,-0.09375,0.71094,0.24023,0.33461,72
867,64,-0.074219,0.7832,0.11719,0.33461,93
867,64,-0.10352,0.82617,0.0078125,0.33461,127
867,64,-0.16406,0.85352,-0.054688,0.33461,133
867,64,-0.16992,0.88867,-0.072266,0.33461,82
867,64,2.7656,1.0234,-0.080078,0.33461,18
867,64,0.085938,0.63086,-0.24414,0.66921,18
867,64,-0.13477,0.60156,0.36914,0.66921,22
867,64,-0.09375,0.70313,0.26172,0.66921,26
867,64,-0.099609,0.77344,0.14648,0.66921,30
867,64,-0.13086,0.82031,0.056641,0.66921,41
867,64,-0.16406,0.85547,0.015625,0.66921,45
867,64,-0.16992,0.89258,0,0.66921,29
867,64,0.13477,0.64648,-0.2832,1.0038,7
867,64,-0.11914,0.66797,0.33398,1.0038,8
867,64,-0.099609,0.76367,0.19922,1.0038,10
867,64,-0.13086,0.81055,0.14258,1.0038,12
867,64,-0.18945,0.84766,0.039063,1.0038,12
867,64,0.10547,0.5293,-0.41602,-1.0038,9
867,64,-0.089844,0.69727,0.15039,-1.0038,13
867,64,0.2832,0.53125,-0.45703,-1.0038,27
867,64,0.32227,0.61523,-0.38672,-1.0038,55
867,64,0.3125,0.70313,-0.31641,-1.0038,58
867,64,0.35352,0.74023,-0.28906,-1.0038,29
867,64,0.099609,0.53906,-0.33789,-0.66921,35
867,64,0.14844,0.53711,-0.39258,-0.66921,113
867,64,-0.068359,0.70117,0.14844,-0.66921,182
867,64,-0.046875,0.75586,0.011719,-0.66921,162
867,64,0.29883,0.70117,-0.22266,-0.66921,352
867,64,0.3125,0.74805,-0.18945,-0.66921,431
867,64,0.35352,0.79492,0.015625,-0.66921,262
867,64,-0.11328,0.89844,0.060547,-0.66921,133
867,64,0.042969,1.2188,-0.60547,-0.66921,119
867,64,0.042969,1.1992,-0.7207,-0.66921,109
867,64,0,1.4336,-0.10352,-0.66921,37
867,64,-0.091797,1.1465,-0.92383,-0.66921,37
867,64,-0.61523,1.3262,-0.39063,-0.66921,26
867,64,0.037109,0.50781,-0.32617,-0.33461,8
867,64,0.12109,0.57227,-0.26758,-0.33461,85
867,64,0.12695,0.56836,-0.35352,-0.33461,277
867,64,-0.089844,0.68359,0.20313,-0.33461,420
867,64,-0.046875,0.75195,0.070313,-0.33461,413
867,64,0.32227,0.70898,-0.15234,-0.33461,502
867,64,0.3125,0.76758,-0.076172,-0.33461,659
867,64,0.32617,0.80078,0.099609,-0.33461,446
867,64,-0.11328,0.89844,0.052734,-0.33461,317
867,64,-0.11914,0.9375,0.042969,-0.33461,113
867,64,0.085938,1.2539,-0.52539,-0.33461,164
867,64,0,1.2012,-0.71875,-0.33461,149
868,64,0,0.59961,-0.087891,0,15
868,64,0.041016,0.63672,-0.082031,0,159
868,64,0.042969,0.67578,-0.070313,0,463
868,64,0.068359,0.71094,-0.078125,0,518
868,64,0.09375,0.73438,-0.15625,0,265
868,64,0.29883,0.73633,0.039063,0,325
868,64,0.28516,0.78125,-0.0097656,0,322
868,64,0.29883,0.81445,-0.076172,0,190
868,64,0.25586,0.85742,-0.15234,0,61
868,64,0.042969,1.2598,-0.51758,0,66
868,64,0.13086,1.2031,-0.70508,0,54
868,64,0.22461,0.41797,1.3574,0,40
868,64,0.27734,0.77344,1.2266,0,33
868,64,0,0.60156,-0.0625,0.33461,7
868,64,0,0.64063,-0.048828,0.33461,71
868,64,0.021484,0.67969,-0.035156,0.33461,205
868,64,0.044922,0.7168,-0.035156,0.33461,228
868,64,0.070313,0.75,-0.078125,0.33461,108
868,64,-0.125,0.77148,-0.14648,0.33461,76
868,64,-0.13086,0.79492,-0.20703,0.33461,89
868,64,0.24414,0.83203,-0.060547,0.33461,54
868,64,0.22656,0.87109,-0.11328,0.33461,20
868,64,2.8223,0.71875,0.076172,0.33461,24
868,64,-2.9512,0,0.1582,0.33461,21
868,64,0,0.64258,-0.011719,0.66921,24
868,64,0.021484,0.67969,0.0039063,0.66921,71
868,64,0.023438,0.71875,0.015625,0.66921,81
868,64,0.046875,0.75391,-0.027344,0.66921,39
868,64,0.24805,0.74414,0.12891,0.66921,28
868,64,-0.13086,0.8125,-0.125,0.66921,33
868,64,0.24414,0.83398,0.019531,0.66921,21
868,64,0,0.63867,0.070313,1.0038,8
868,64,0.021484,0.67773,0.056641,1.0038,23
868,64,0.023438,0.71484,0.078125,1.0038,25
868,64,0.023438,0.75391,0.046875,1.0038,12
868,64,0.22266,0.74805,0.15234,1.0038,10
868,64,0.23438,0.79102,0.11719,1.0038,11
868,64,0,0.67969,0.023438,1.3384,9
868,64,0.023438,0.71289,0.089844,1.3384,11
868,64,0.021484,0.63281,-0.25,-1.3384,7
868,64,0.068359,0.62695,-0.34375,-1.3384,8
868,64,0.041016,0.61328,-0.19141,-1.0038,13
868,64,0.064453,0.65234,-0.1875,-1.0038,35
868,64,0.068359,0.68555,-0.20703,-1.0038,38
868,64,0.09375,0.69336,-0.28516,-1.0038,17
868,64,-0.099609,0.67969,-0.40039,-1.0038,15
868,64,-0.13086,0.69922,-0.43359,-1.0038,18
868,64,0.019531,0.58203,-0.16602,-0.66921,12
868,64,0.041016,0.62109,-0.16016,-0.66921,138
868,64,0.064453,0.66016,-0.1582,-0.66921,394
868,64,0.068359,0.69531,-0.16602,-0.66921,451
868,64,0.09375,0.70117,-0.26563,-0.66921,225
868,64,0.29883,0.73438,-0.064453,-0.66921,272
868,64,-0.078125,0.65039,-0.51367,-0.66921,284
868,64,0.29883,0.79297,-0.19727,-0.66921,158
868,64,0.25586,0.82422,-0.2832,-0.66921,51
868,64,0.085938,1.1914,-0.65625,-0.66921,71
868,64,0.13086,1.1328,-0.8125,-0.66921,58
868,64,0.26953,0.87305,1.1113,-0.66921,43
868,64,-0.32227,1.3418,-0.52148,-0.66921,43
868,64,0.019531,0.58789,-0.14453,-0.33461,32
868,64,0.041016,0.63086,-0.12305,-0.33461,345
868,64,0.042969,0.66992,-0.11133,-0.33461,986
868,64,0.068359,0.70508,-0.12305,-0.33461,1102
